1 0.15144230769230768 0.27884615384615385 0.06009615384615385 0.08653846153846154
1 0.040865384615384616 0.28846153846153844 0.07451923076923077 0.09134615384615384
1 0.2932692307692308 0.31009615384615385 0.02403846153846154 0.15865384615384615
1 0.24278846153846154 0.2860576923076923 0.055288461538461536 0.06009615384615385
0 0.8774038461538461 0.06490384615384616 0.07211538461538461 0.09615384615384616
0 0.35336538461538464 0.05889423076923077 0.09134615384615384 0.11778846153846154
1 0.4879807692307692 0.039663461538461536 0.07211538461538461 0.07932692307692307
1 0.7211538461538461 0.030048076923076924 0.11057692307692307 0.06009615384615385
0 0.05048076923076923 0.6298076923076923 0.07932692307692307 0.07451923076923077
0 0.6862980769230769 0.5084134615384616 0.08413461538461539 0.07932692307692307
0 0.8173076923076923 0.5324519230769231 0.11538461538461539 0.12740384615384615
1 0.8822115384615384 0.4855769230769231 0.08653846153846154 0.03365384615384615
1 0.421875 0.5432692307692307 0.13221153846153846 0.14903846153846154
1 0.5973557692307693 0.5096153846153846 0.0889423076923077 0.08173076923076923
1 0.41466346153846156 0.49278846153846156 0.07451923076923077 0.04807692307692308
0 0.5120192307692307 0.5096153846153846 0.026442307692307692 0.038461538461538464