0 0.0625 0.12980769230769232 0.08653846153846154 0.11298076923076923
0 0.25240384615384615 0.0985576923076923 0.10576923076923077 0.1201923076923077
0 0.02403846153846154 0.0985576923076923 0.04807692307692308 0.15865384615384615
0 0.8798076923076923 0.03125 0.16346153846153846 0.0625
0 0.36899038461538464 0.03245192307692308 0.06009615384615385 0.06490384615384616
0 0.5168269230769231 0.02283653846153846 0.09134615384615384 0.04567307692307692
0 0.6814903846153846 0.051682692307692304 0.13221153846153846 0.10336538461538461
0 0.5048076923076923 0.052884615384615384 0.0673076923076923 0.07692307692307693
0 0.3473557692307692 0.06370192307692307 0.016826923076923076 0.06009615384615385
0 0.8173076923076923 0.025240384615384616 0.07211538461538461 0.05048076923076923
0 0.27163461538461536 0.4639423076923077 0.0625 0.08173076923076923
0 0.7524038461538461 0.5721153846153846 0.15144230769230768 0.19951923076923078
0 0.7536057692307693 0.4266826923076923 0.15625 0.07451923076923077