0 0.20793269230769232 0.11298076923076923 0.036057692307692304 0.09615384615384616
0 0.28125 0.4230769230769231 0.06971153846153846 0.08173076923076923
0 0.34375 0.375 0.05048076923076923 0.06971153846153846
0 0.40625 0.40865384615384615 0.057692307692307696 0.07932692307692307
0 0.5817307692307693 0.41346153846153844 0.06490384615384616 0.0889423076923077
0 0.38461538461538464 0.3317307692307692 0.055288461538461536 0.06009615384615385
0 0.4206730769230769 0.2956730769230769 0.055288461538461536 0.057692307692307696
0 0.4831730769230769 0.2932692307692308 0.04807692307692308 0.06009615384615385
0 0.6442307692307693 0.2620192307692308 0.04807692307692308 0.057692307692307696
0 0.6730769230769231 0.3245192307692308 0.04807692307692308 0.07692307692307693
0 0.6947115384615384 0.39663461538461536 0.057692307692307696 0.07932692307692307
0 0.7475961538461539 0.4326923076923077 0.0673076923076923 0.0889423076923077
0 0.7451923076923077 0.28125 0.052884615384615384 0.06971153846153846
0 0.9158653846153846 0.4110576923076923 0.057692307692307696 0.07211538461538461
0 0.8725961538461539 0.3581730769230769 0.052884615384615384 0.0625
0 0.6454326923076923 0.008413461538461538 0.055288461538461536 0.016826923076923076
0 0.125 0.7836538461538461 0.06009615384615385 0.04567307692307692
0 0.49759615384615385 0.7259615384615384 0.09134615384615384 0.052884615384615384