0 0.24278846153846154 0.16346153846153846 0.04567307692307692 0.057692307692307696
0 0.14423076923076922 0.16346153846153846 0.04807692307692308 0.04807692307692308
0 0.33413461538461536 0.15625 0.057692307692307696 0.0625
0 0.2932692307692308 0.15144230769230768 0.04326923076923077 0.057692307692307696
0 0.49759615384615385 0.18269230769230768 0.03365384615384615 0.04567307692307692
0 0.5456730769230769 0.16346153846153846 0.04326923076923077 0.04326923076923077
0 0.5961538461538461 0.17067307692307693 0.03365384615384615 0.036057692307692304
0 0.6454326923076923 0.17067307692307693 0.021634615384615384 0.057692307692307696
0 0.8966346153846154 0.11057692307692307 0.07211538461538461 0.07211538461538461
0 0.9879807692307693 0.11057692307692307 0.019230769230769232 0.052884615384615384
0 0.040865384615384616 0.8341346153846154 0.07451923076923077 0.10096153846153846
0 0.13942307692307693 0.8076923076923077 0.07932692307692307 0.10096153846153846
0 0.8882211538461539 0.6394230769230769 0.05048076923076923 0.04326923076923077
0 0.9831730769230769 0.6346153846153846 0.028846153846153848 0.03365384615384615