1 0.028846153846153848 0.35697115384615385 0.057692307692307696 0.06971153846153846
1 0.18990384615384615 0.35336538461538464 0.04567307692307692 0.04326923076923077
1 0.27884615384615385 0.37259615384615385 0.03365384615384615 0.040865384615384616
1 0.23317307692307693 0.37259615384615385 0.026442307692307692 0.028846153846153848
1 0.3605769230769231 0.37740384615384615 0.03365384615384615 0.038461538461538464
1 0.4375 0.375 0.04807692307692308 0.055288461538461536
1 0.49038461538461536 0.3701923076923077 0.04326923076923077 0.057692307692307696
0 0.18269230769230768 0.6850961538461539 0.1658653846153846 0.19230769230769232
0 0.43509615384615385 0.59375 0.11778846153846154 0.1658653846153846
1 0.8846153846153846 0.7355769230769231 0.05048076923076923 0.0673076923076923
1 0.7740384615384616 0.7115384615384616 0.05048076923076923 0.0625
1 0.6706730769230769 0.7115384615384616 0.040865384615384616 0.06490384615384616
1 0.8341346153846154 0.7355769230769231 0.04567307692307692 0.06490384615384616
1 0.9903846153846154 0.7223557692307693 0.014423076923076924 0.04567307692307692
1 0.9915865384615384 0.7524038461538461 0.01201923076923077 0.052884615384615384