0 0.48197115384615385 0.039663461538461536 0.06971153846153846 0.07932692307692307
0 0.23317307692307693 0.038461538461538464 0.0625 0.07692307692307693
0 0.13341346153846154 0.021634615384615384 0.040865384615384616 0.04326923076923077
0 0.055288461538461536 0.03365384615384615 0.036057692307692304 0.052884615384615384
0 0.3269230769230769 0.040865384615384616 0.03125 0.040865384615384616
0 0.41586538461538464 0.03125 0.038461538461538464 0.04807692307692308
0 0.37259615384615385 0.028846153846153848 0.03125 0.036057692307692304
0 0.028846153846153848 0.028846153846153848 0.028846153846153848 0.04567307692307692
1 0.7283653846153846 0.22355769230769232 0.04807692307692308 0.06009615384615385
1 0.5961538461538461 0.20673076923076922 0.05048076923076923 0.057692307692307696
1 0.8413461538461539 0.24519230769230768 0.04326923076923077 0.052884615384615384
1 0.9254807692307693 0.24519230769230768 0.040865384615384616 0.04567307692307692
1 0.96875 0.27884615384615385 0.028846153846153848 0.040865384615384616
1 0.8846153846153846 0.27403846153846156 0.026442307692307692 0.038461538461538464
0 0.25961538461538464 0.8197115384615384 0.028846153846153848 0.03125
0 0.3485576923076923 0.8149038461538461 0.026442307692307692 0.03365384615384615
0 0.41586538461538464 0.8173076923076923 0.02403846153846154 0.036057692307692304
0 0.47836538461538464 0.8125 0.028846153846153848 0.028846153846153848
0 0.8076923076923077 0.5408653846153846 0.08173076923076923 0.0985576923076923