1 0.25240384615384615 0.18028846153846154 0.04326923076923077 0.057692307692307696
1 0.19471153846153846 0.20192307692307693 0.03365384615384615 0.04326923076923077
0 0.036057692307692304 0.18990384615384615 0.028846153846153848 0.036057692307692304
0 0.06009615384615385 0.1778846153846154 0.03365384615384615 0.036057692307692304
1 0.10096153846153846 0.1971153846153846 0.038461538461538464 0.052884615384615384
1 0.17067307692307693 0.19471153846153846 0.028846153846153848 0.04807692307692308
0 0.9194711538461539 0.36778846153846156 0.15625 0.21153846153846154
0 0.7884615384615384 0.35096153846153844 0.125 0.19230769230769232
1 0.30288461538461536 0.9134615384615384 0.028846153846153848 0.1346153846153846
1 0.16826923076923078 0.8774038461538461 0.07211538461538461 0.09375
0 0.5745192307692307 0.7235576923076923 0.04567307692307692 0.057692307692307696
0 0.7788461538461539 0.7331730769230769 0.04807692307692308 0.057692307692307696