0 0.4675480769230769 0.06370192307692307 0.036057692307692304 0.12740384615384615
0 0.7427884615384616 0.24278846153846154 0.5096153846153846 0.4855769230769231
0 0.11057692307692307 0.9230769230769231 0.06971153846153846 0.08173076923076923
0 0.3004807692307692 0.9158653846153846 0.04807692307692308 0.06009615384615385
0 0.39903846153846156 0.8846153846153846 0.036057692307692304 0.040865384615384616
0 0.2932692307692308 0.8774038461538461 0.04567307692307692 0.04567307692307692
0 0.7692307692307693 0.9206730769230769 0.057692307692307696 0.06490384615384616
0 0.6610576923076923 0.8918269230769231 0.04567307692307692 0.055288461538461536
0 0.5384615384615384 0.8990384615384616 0.040865384615384616 0.040865384615384616
0 0.7175480769230769 0.9771634615384616 0.055288461538461536 0.040865384615384616
0 0.6105769230769231 0.9747596153846154 0.052884615384615384 0.04567307692307692
0 0.5564903846153846 0.9795673076923077 0.05048076923076923 0.036057692307692304
0 0.5456730769230769 0.9663461538461539 0.04567307692307692 0.057692307692307696
0 0.6225961538461539 0.8197115384615384 0.040865384615384616 0.03365384615384615
0 0.5841346153846154 0.7932692307692307 0.028846153846153848 0.036057692307692304
0 0.5072115384615384 0.8052884615384616 0.038461538461538464 0.04326923076923077
0 0.5552884615384616 0.7307692307692307 0.028846153846153848 0.04326923076923077
0 0.5120192307692307 0.7475961538461539 0.026442307692307692 0.03365384615384615
1 0.9146634615384616 0.9855769230769231 0.06009615384615385 0.02403846153846154