0 0.33413461538461536 0.3076923076923077 0.07451923076923077 0.08173076923076923
0 0.06009615384615385 0.171875 0.1201923076923077 0.19471153846153846
0 0.7163461538461539 0.27163461538461536 0.040865384615384616 0.06490384615384616
0 0.6177884615384616 0.21634615384615385 0.03365384615384615 0.05048076923076923
0 0.1346153846153846 0.8076923076923077 0.11778846153846154 0.16346153846153846
0 0.22355769230769232 0.8533653846153846 0.028846153846153848 0.03365384615384615
0 0.8076923076923077 0.5769230769230769 0.06490384615384616 0.07932692307692307
0 0.8810096153846154 0.5444711538461539 0.0985576923076923 0.13221153846153846
0 0.9807692307692307 0.5685096153846154 0.03365384615384615 0.18028846153846154
0 0.9615384615384616 0.5793269230769231 0.055288461538461536 0.08413461538461539
1 0.6442307692307693 0.5769230769230769 0.07451923076923077 0.0889423076923077