0 0.1658653846153846 0.8413461538461539 0.07211538461538461 0.09134615384615384
0 0.36658653846153844 0.7668269230769231 0.040865384615384616 0.08653846153846154
0 0.010817307692307692 0.8473557692307693 0.021634615384615384 0.10336538461538461
0 0.21875 0.8125 0.0625 0.07451923076923077
0 0.10096153846153846 0.7596153846153846 0.057692307692307696 0.0673076923076923
0 0.2620192307692308 0.7379807692307693 0.06009615384615385 0.08653846153846154
0 0.026442307692307692 0.7944711538461539 0.052884615384615384 0.06971153846153846
0 0.038461538461538464 0.7355769230769231 0.05048076923076923 0.057692307692307696
0 0.8990384615384616 0.4110576923076923 0.09375 0.10336538461538461
0 0.7067307692307693 0.40865384615384615 0.09375 0.11538461538461539
0 0.4375 0.39783653846153844 0.09615384615384616 0.0985576923076923
0 0.5240384615384616 0.40625 0.10096153846153846 0.11538461538461539
0 0.8605769230769231 0.41346153846153844 0.07932692307692307 0.09375
0 0.9519230769230769 0.39903846153846156 0.057692307692307696 0.10096153846153846