0 0.42427884615384615 0.0985576923076923 0.04567307692307692 0.18269230769230768
0 0.8954326923076923 0.2860576923076923 0.20432692307692307 0.3317307692307692
0 0.5276442307692307 0.2920673076923077 0.15625 0.3389423076923077
0 0.8942307692307693 0.046875 0.20673076923076922 0.09375
0 0.5288461538461539 0.046875 0.15865384615384615 0.09375
0 0.025240384615384616 0.9002403846153846 0.05048076923076923 0.0889423076923077
1 0.12259615384615384 0.9038461538461539 0.055288461538461536 0.0673076923076923
1 0.3629807692307692 0.9182692307692307 0.06009615384615385 0.0625
1 0.2956730769230769 0.9399038461538461 0.038461538461538464 0.05048076923076923
1 0.24519230769230768 0.9350961538461539 0.0625 0.0625
1 0.20673076923076922 0.9519230769230769 0.036057692307692304 0.06009615384615385
1 0.15865384615384615 0.9471153846153846 0.040865384615384616 0.055288461538461536