0 0.18629807692307693 0.014423076923076924 0.06971153846153846 0.028846153846153848
0 0.055288461538461536 0.027644230769230768 0.057692307692307696 0.055288461538461536
1 0.25961538461538464 0.03365384615384615 0.04567307692307692 0.057692307692307696
1 0.40865384615384615 0.028846153846153848 0.05048076923076923 0.057692307692307696
1 0.5913461538461539 0.028846153846153848 0.028846153846153848 0.057692307692307696
1 0.13822115384615385 0.021634615384615384 0.04567307692307692 0.04326923076923077
0 0.5216346153846154 0.7427884615384616 0.11778846153846154 0.13942307692307693
0 0.38221153846153844 0.7836538461538461 0.09375 0.10336538461538461
1 0.19471153846153846 0.7884615384615384 0.07451923076923077 0.08173076923076923
1 0.040865384615384616 0.7451923076923077 0.07932692307692307 0.10336538461538461
1 0.5889423076923077 0.765625 0.03365384615384615 0.07451923076923077
0 0.5216346153846154 0.6081730769230769 0.1201923076923077 0.057692307692307696
1 0.040865384615384616 0.5973557692307693 0.08173076923076923 0.036057692307692304
0 0.7572115384615384 0.8557692307692307 0.11057692307692307 0.12259615384615384
0 0.9615384615384616 0.9543269230769231 0.0673076923076923 0.08653846153846154