0 0.27403846153846156 0.06370192307692307 0.22115384615384615 0.12740384615384615
0 0.5 0.038461538461538464 0.1201923076923077 0.07692307692307693
0 0.7055288461538461 0.01201923076923077 0.10817307692307693 0.02403846153846154
0 0.8293269230769231 0.08653846153846154 0.07692307692307693 0.10096153846153846
0 0.9134615384615384 0.09134615384615384 0.08173076923076923 0.11778846153846154
0 0.9663461538461539 0.07211538461538461 0.0625 0.14423076923076922
1 0.7079326923076923 0.08173076923076923 0.1658653846153846 0.16346153846153846
1 0.9459134615384616 0.2764423076923077 0.10336538461538461 0.2932692307692308
0 0.0733173076923077 0.640625 0.1466346153846154 0.12259615384615384
0 0.8461538461538461 0.8004807692307693 0.16346153846153846 0.22115384615384615
0 0.6754807692307693 0.7668269230769231 0.1658653846153846 0.20673076923076922