0 0.09375 0.11057692307692307 0.038461538461538464 0.04567307692307692
0 0.03365384615384615 0.10096153846153846 0.04807692307692308 0.05048076923076923
0 0.7199519230769231 0.009615384615384616 0.06009615384615385 0.019230769230769232
0 0.9771634615384616 0.015625 0.040865384615384616 0.03125
0 0.8786057692307693 0.01201923076923077 0.05048076923076923 0.02403846153846154
0 0.6069711538461539 0.020432692307692308 0.016826923076923076 0.040865384615384616
0 0.8245192307692307 0.014423076923076924 0.038461538461538464 0.028846153846153848
0 0.7524038461538461 0.014423076923076924 0.038461538461538464 0.028846153846153848
0 0.19471153846153846 0.7019230769230769 0.10336538461538461 0.12740384615384615
1 0.5612980769230769 0.6213942307692307 0.06971153846153846 0.10817307692307693
0 0.19591346153846154 0.4254807692307692 0.10817307692307693 0.07211538461538461
1 0.5612980769230769 0.47716346153846156 0.06971153846153846 0.10817307692307693
0 0.7379807692307693 0.5096153846153846 0.1466346153846154 0.1875