0 0.013221153846153846 0.039663461538461536 0.026442307692307692 0.06971153846153846
0 0.7572115384615384 0.14903846153846154 0.06971153846153846 0.11538461538461539
1 0.5144230769230769 0.1875 0.09375 0.10576923076923077
1 0.8894230769230769 0.14903846153846154 0.125 0.15384615384615385
1 0.5961538461538461 0.22596153846153846 0.0625 0.07932692307692307
1 0.4254807692307692 0.18870192307692307 0.014423076923076924 0.06971153846153846
0 0.24759615384615385 0.7860576923076923 0.18028846153846154 0.20673076923076922
1 0.06370192307692307 0.7824519230769231 0.12740384615384615 0.19951923076923078
1 0.4014423076923077 0.7295673076923077 0.028846153846153848 0.055288461538461536
1 0.3485576923076923 0.7692307692307693 0.04567307692307692 0.052884615384615384
1 0.16346153846153846 0.7572115384615384 0.038461538461538464 0.05048076923076923
0 0.25 0.4795673076923077 0.1875 0.06009615384615385
1 0.06490384615384616 0.4795673076923077 0.12980769230769232 0.06009615384615385
1 0.4014423076923077 0.46875 0.028846153846153848 0.038461538461538464
1 0.16346153846153846 0.4543269230769231 0.04326923076923077 0.009615384615384616
0 0.6394230769230769 0.7091346153846154 0.07451923076923077 0.10817307692307693
0 0.5673076923076923 0.7572115384615384 0.11057692307692307 0.14423076923076922
1 0.8653846153846154 0.7572115384615384 0.20432692307692307 0.22115384615384615
1 0.45913461538461536 0.7764423076923077 0.07451923076923077 0.0985576923076923
1 0.7836538461538461 0.6298076923076923 0.09375 0.11778846153846154
0 0.6418269230769231 0.4519230769230769 0.08173076923076923 0.004807692307692308
1 0.7848557692307693 0.49399038461538464 0.0985576923076923 0.0889423076923077