0 0.2932692307692308 0.20673076923076922 0.057692307692307696 0.06971153846153846
0 0.16105769230769232 0.25961538461538464 0.06009615384615385 0.06971153846153846
0 0.15625 0.07692307692307693 0.03365384615384615 0.03365384615384615
0 0.20673076923076922 0.055288461538461536 0.03365384615384615 0.040865384615384616
0 0.5036057692307693 0.21153846153846154 0.026442307692307692 0.0673076923076923
0 0.49278846153846156 0.13701923076923078 0.028846153846153848 0.03365384615384615
0 0.375 0.07211538461538461 0.028846153846153848 0.03365384615384615
0 0.9086538461538461 0.3317307692307692 0.11538461538461539 0.1201923076923077
0 0.24519230769230768 0.6658653846153846 0.12980769230769232 0.07211538461538461
0 0.6418269230769231 0.8605769230769231 0.08653846153846154 0.09134615384615384
0 0.9639423076923077 0.9591346153846154 0.036057692307692304 0.040865384615384616