1 0.3701923076923077 0.11298076923076923 0.16346153846153846 0.1971153846153846
1 0.1201923076923077 0.12740384615384615 0.125 0.15865384615384615
1 0.040865384615384616 0.17067307692307693 0.07211538461538461 0.11778846153846154
0 0.6129807692307693 0.33774038461538464 0.08653846153846154 0.17548076923076922
0 0.8846153846153846 0.3173076923076923 0.17307692307692307 0.1875
1 0.04807692307692308 0.8485576923076923 0.04326923076923077 0.04567307692307692
1 0.10096153846153846 0.8581730769230769 0.03125 0.03365384615384615
1 0.19951923076923078 0.8028846153846154 0.08173076923076923 0.08653846153846154
1 0.23798076923076922 0.8149038461538461 0.040865384615384616 0.04807692307692308
1 0.5024038461538461 0.8557692307692307 0.11057692307692307 0.11298076923076923
1 0.20072115384615385 0.6105769230769231 0.08413461538461539 0.02403846153846154
0 0.9182692307692307 0.6899038461538461 0.15865384615384615 0.18269230769230768