0 0.025240384615384616 0.03365384615384615 0.05048076923076923 0.0673076923076923
0 0.23557692307692307 0.16105769230769232 0.03365384615384615 0.03365384615384615
0 0.6045673076923077 0.1466346153846154 0.05048076923076923 0.125
0 0.8942307692307693 0.08413461538461539 0.12980769230769232 0.1346153846153846
0 0.03485576923076923 0.7259615384615384 0.06971153846153846 0.12980769230769232
0 0.23798076923076922 0.78125 0.10817307692307693 0.12980769230769232
0 0.38461538461538464 0.7692307692307693 0.10576923076923077 0.13701923076923078
0 0.06971153846153846 0.7932692307692307 0.08413461538461539 0.12980769230769232
0 0.036057692307692304 0.4375 0.07211538461538461 0.057692307692307696
0 0.3858173076923077 0.4182692307692308 0.11298076923076923 0.019230769230769232
0 0.7836538461538461 0.7235576923076923 0.12980769230769232 0.16105769230769232
0 0.6875 0.7764423076923077 0.10576923076923077 0.15384615384615385