1 0.27884615384615385 0.28365384615384615 0.07692307692307693 0.08413461538461539
1 0.10817307692307693 0.30528846153846156 0.07932692307692307 0.08653846153846154
1 0.02403846153846154 0.3161057692307692 0.04807692307692308 0.08413461538461539
1 0.3870192307692308 0.3173076923076923 0.06490384615384616 0.07932692307692307
0 0.5228365384615384 0.38822115384615385 0.026442307692307692 0.07932692307692307
0 0.9711538461538461 0.40865384615384615 0.05048076923076923 0.07451923076923077
0 0.5841346153846154 0.3918269230769231 0.05048076923076923 0.0673076923076923
0 0.6442307692307693 0.41346153846153844 0.038461538461538464 0.05048076923076923
0 0.6923076923076923 0.40625 0.038461538461538464 0.05048076923076923
0 0.7307692307692307 0.41586538461538464 0.03125 0.05048076923076923
1 0.11298076923076923 0.9867788461538461 0.052884615384615384 0.021634615384615384
1 0.015625 0.9855769230769231 0.03125 0.02403846153846154