0 0.04927884615384615 0.42427884615384615 0.06009615384615385 0.04567307692307692
0 0.3233173076923077 0.4254807692307692 0.036057692307692304 0.04326923076923077
0 0.3713942307692308 0.4387019230769231 0.03125 0.016826923076923076
0 0.5336538461538461 0.4338942307692308 0.02403846153846154 0.026442307692307692
1 0.4170673076923077 0.4375 0.04567307692307692 0.019230769230769232
1 0.29086538461538464 0.4254807692307692 0.04807692307692308 0.04326923076923077
1 0.18389423076923078 0.43028846153846156 0.055288461538461536 0.03365384615384615
0 0.9795673076923077 0.21754807692307693 0.036057692307692304 0.12740384615384615
0 0.3076923076923077 0.5 0.08173076923076923 0.08173076923076923
0 0.5757211538461539 0.5 0.055288461538461536 0.08173076923076923
0 0.6286057692307693 0.45913461538461536 0.06971153846153846 0.019230769230769232