0 0.22355769230769232 0.29086538461538464 0.08173076923076923 0.10336538461538461
0 0.08413461538461539 0.11538461538461539 0.055288461538461536 0.06971153846153846
0 0.6706730769230769 0.16346153846153846 0.1971153846153846 0.19230769230769232
0 0.8918269230769231 0.21394230769230768 0.21153846153846154 0.30288461538461536
0 0.671875 0.026442307692307692 0.20432692307692307 0.052884615384615384
0 0.8918269230769231 0.027644230769230768 0.21153846153846154 0.055288461538461536
0 0.2980769230769231 0.7644230769230769 0.026442307692307692 0.03125
0 0.3798076923076923 0.7668269230769231 0.021634615384615384 0.026442307692307692
0 0.6201923076923077 0.7403846153846154 0.036057692307692304 0.040865384615384616
0 0.8269230769230769 0.7331730769230769 0.038461538461538464 0.03365384615384615
0 0.7596153846153846 0.5480769230769231 0.040865384615384616 0.040865384615384616
0 0.8221153846153846 0.4891826923076923 0.038461538461538464 0.021634615384615384