0 0.1875 0.19471153846153846 0.04807692307692308 0.06490384615384616
0 0.11778846153846154 0.17548076923076922 0.055288461538461536 0.06490384615384616
0 0.09134615384615384 0.10096153846153846 0.028846153846153848 0.03365384615384615
0 0.21394230769230768 0.0985576923076923 0.028846153846153848 0.036057692307692304
0 0.5540865384615384 0.14543269230769232 0.20432692307692307 0.29086538461538464
0 0.1875 0.6033653846153846 0.1201923076923077 0.15144230769230768
0 0.3317307692307692 0.625 0.10576923076923077 0.12259615384615384
0 0.59375 0.6442307692307693 0.06971153846153846 0.09375
0 0.6418269230769231 0.65625 0.04567307692307692 0.07211538461538461
0 0.6923076923076923 0.6634615384615384 0.04326923076923077 0.057692307692307696
0 0.7235576923076923 0.6466346153846154 0.038461538461538464 0.06009615384615385
0 0.8269230769230769 0.6778846153846154 0.040865384615384616 0.04567307692307692
0 0.8774038461538461 0.6754807692307693 0.036057692307692304 0.04567307692307692
0 0.9519230769230769 0.6706730769230769 0.038461538461538464 0.05048076923076923
1 0.7908653846153846 0.6610576923076923 0.028846153846153848 0.040865384615384616
1 0.7403846153846154 0.6730769230769231 0.026442307692307692 0.03365384615384615