0 0.28725961538461536 0.01201923076923077 0.05048076923076923 0.02403846153846154
0 0.4026442307692308 0.006009615384615385 0.05048076923076923 0.01201923076923077
0 0.4891826923076923 0.009615384615384616 0.036057692307692304 0.019230769230769232
0 0.5588942307692307 0.2247596153846154 0.0985576923076923 0.18028846153846154
0 0.5865384615384616 0.3004807692307692 0.06971153846153846 0.09615384615384616
1 0.9807692307692307 0.35336538461538464 0.03365384615384615 0.038461538461538464
0 0.5600961538461539 0.021634615384615384 0.10096153846153846 0.04326923076923077
0 0.3004807692307692 0.59375 0.04567307692307692 0.05048076923076923
0 0.23557692307692307 0.65625 0.040865384615384616 0.04326923076923077
0 0.6418269230769231 0.6923076923076923 0.0673076923076923 0.09615384615384616
0 0.5769230769230769 0.6466346153846154 0.07932692307692307 0.11298076923076923
1 0.78125 0.6682692307692307 0.09375 0.10096153846153846