0 0.32572115384615385 0.0829326923076923 0.14182692307692307 0.1658653846153846
0 0.9759615384615384 0.17067307692307693 0.04326923076923077 0.09134615384615384
0 0.7283653846153846 0.15625 0.08413461538461539 0.09375
0 0.5600961538461539 0.15264423076923078 0.04326923076923077 0.11298076923076923
0 0.9014423076923077 0.15865384615384615 0.06009615384615385 0.07932692307692307
0 0.8413461538461539 0.17067307692307693 0.055288461538461536 0.06971153846153846
0 0.5889423076923077 0.1346153846153846 0.057692307692307696 0.0889423076923077
0 0.6995192307692307 0.6754807692307693 0.055288461538461536 0.06490384615384616
0 0.8942307692307693 0.6706730769230769 0.06490384615384616 0.07451923076923077
1 0.78125 0.6730769230769231 0.055288461538461536 0.0625
1 0.8485576923076923 0.6778846153846154 0.04326923076923077 0.0625
1 0.6346153846153846 0.6778846153846154 0.052884615384615384 0.06009615384615385
0 0.5540865384615384 0.7079326923076923 0.03125 0.07451923076923077