0 0.20673076923076922 0.5841346153846154 0.06971153846153846 0.07211538461538461
0 0.4254807692307692 0.40625 0.0673076923076923 0.09375
0 0.021634615384615384 0.5600961538461539 0.04326923076923077 0.04807692307692308
1 0.9411057692307693 0.7355769230769231 0.11298076923076923 0.14423076923076922
1 0.6466346153846154 0.7331730769230769 0.07692307692307693 0.14423076923076922
1 0.875 0.6322115384615384 0.04807692307692308 0.0673076923076923
1 0.6850961538461539 0.6466346153846154 0.028846153846153848 0.038461538461538464
1 0.7788461538461539 0.6418269230769231 0.04567307692307692 0.04807692307692308
1 0.9663461538461539 0.6610576923076923 0.057692307692307696 0.05048076923076923
1 0.875 0.30528846153846156 0.04807692307692308 0.0673076923076923
1 0.6850961538461539 0.29086538461538464 0.028846153846153848 0.038461538461538464
1 0.7788461538461539 0.2956730769230769 0.04567307692307692 0.04807692307692308