0 0.16826923076923078 0.21394230769230768 0.03365384615384615 0.052884615384615384
0 0.25721153846153844 0.25 0.052884615384615384 0.06490384615384616
0 0.2980769230769231 0.23557692307692307 0.055288461538461536 0.057692307692307696
0 0.32211538461538464 0.16346153846153846 0.03365384615384615 0.040865384615384616
0 0.8076923076923077 0.15384615384615385 0.0889423076923077 0.0625
0 0.9134615384615384 0.04807692307692308 0.04567307692307692 0.038461538461538464
0 0.14302884615384615 0.6358173076923077 0.08413461538461539 0.09375
0 0.03485576923076923 0.6430288461538461 0.06971153846153846 0.0889423076923077
0 0.3581730769230769 0.7115384615384616 0.038461538461538464 0.04567307692307692
0 0.41346153846153844 0.7439903846153846 0.0673076923076923 0.13221153846153846
0 0.6057692307692307 0.6730769230769231 0.07451923076923077 0.0625