0 0.3317307692307692 0.44711538461538464 0.057692307692307696 0.06490384615384616
0 0.22355769230769232 0.4182692307692308 0.04567307692307692 0.055288461538461536
0 0.10096153846153846 0.4254807692307692 0.040865384615384616 0.040865384615384616
0 0.27884615384615385 0.5192307692307693 0.052884615384615384 0.06971153846153846
0 0.17307692307692307 0.5120192307692307 0.05048076923076923 0.06490384615384616
0 0.11778846153846154 0.5192307692307693 0.04807692307692308 0.0625
0 0.10817307692307693 0.49278846153846156 0.04567307692307692 0.057692307692307696
0 0.028846153846153848 0.47836538461538464 0.036057692307692304 0.04326923076923077
0 0.18509615384615385 0.34615384615384615 0.040865384615384616 0.03365384615384615
0 0.1466346153846154 0.31971153846153844 0.028846153846153848 0.036057692307692304
0 0.06971153846153846 0.3317307692307692 0.038461538461538464 0.04326923076923077
0 0.11778846153846154 0.25721153846153844 0.028846153846153848 0.04326923076923077
0 0.07451923076923077 0.27403846153846156 0.026442307692307692 0.03365384615384615
1 0.47596153846153844 0.5240384615384616 0.057692307692307696 0.04567307692307692
0 0.5985576923076923 0.29086538461538464 0.08413461538461539 0.10096153846153846
0 0.32091346153846156 0.6971153846153846 0.08413461538461539 0.038461538461538464