1 0.18269230769230768 0.21875 0.11538461538461539 0.12980769230769232
1 0.03485576923076923 0.1875 0.06971153846153846 0.08653846153846154
1 0.4879807692307692 0.27163461538461536 0.019230769230769232 0.10576923076923077
1 0.007211538461538462 0.2091346153846154 0.014423076923076924 0.0673076923076923
1 0.09375 0.20673076923076922 0.04567307692307692 0.057692307692307696
1 0.25961538461538464 0.20192307692307693 0.057692307692307696 0.06971153846153846
1 0.46153846153846156 0.25961538461538464 0.04567307692307692 0.07451923076923077
0 0.5432692307692307 0.18509615384615385 0.040865384615384616 0.040865384615384616
0 0.6394230769230769 0.20432692307692307 0.055288461538461536 0.0625
0 0.7307692307692307 0.20673076923076922 0.03365384615384615 0.03365384615384615
0 0.7692307692307693 0.19471153846153846 0.036057692307692304 0.04567307692307692
0 0.9086538461538461 0.20673076923076922 0.038461538461538464 0.04567307692307692
0 0.9819711538461539 0.2127403846153846 0.03125 0.06009615384615385
0 0.6057692307692307 0.20432692307692307 0.03365384615384615 0.04326923076923077
0 0.9567307692307693 0.21394230769230768 0.036057692307692304 0.038461538461538464
1 0.8317307692307693 0.21634615384615385 0.055288461538461536 0.057692307692307696
0 0.8293269230769231 0.18269230769230768 0.038461538461538464 0.03365384615384615
0 0.25240384615384615 0.7716346153846154 0.06971153846153846 0.08173076923076923
0 0.39903846153846156 0.7331730769230769 0.12980769230769232 0.13221153846153846
0 0.8629807692307693 0.6850961538461539 0.1466346153846154 0.15865384615384615
0 0.5420673076923077 0.6598557692307693 0.08413461538461539 0.21394230769230768
0 0.6105769230769231 0.6682692307692307 0.06009615384615385 0.07692307692307693
1 0.7283653846153846 0.6754807692307693 0.10096153846153846 0.10096153846153846
0 0.8653846153846154 0.42788461538461536 0.15384615384615385 0.07692307692307693
0 0.5432692307692307 0.4543269230769231 0.08653846153846154 0.12980769230769232
0 0.6105769230769231 0.41466346153846156 0.0625 0.05048076923076923
1 0.7295673076923077 0.4170673076923077 0.10336538461538461 0.055288461538461536