0 0.14903846153846154 0.057692307692307696 0.04326923076923077 0.038461538461538464
0 0.453125 0.3786057692307692 0.05048076923076923 0.13701923076923078
0 0.5180288461538461 0.40024038461538464 0.15625 0.09375
0 0.59375 0.4074519230769231 0.057692307692307696 0.07932692307692307
0 0.7235576923076923 0.43509615384615385 0.057692307692307696 0.02403846153846154
0 0.7704326923076923 0.42427884615384615 0.08413461538461539 0.04567307692307692
0 0.8557692307692307 0.3557692307692308 0.14423076923076922 0.1778846153846154
0 0.9831730769230769 0.4026442307692308 0.028846153846153848 0.0889423076923077
0 0.20673076923076922 0.5769230769230769 0.09375 0.125
0 0.20673076923076922 0.4831730769230769 0.09615384615384616 0.0673076923076923
0 0.49278846153846156 0.5769230769230769 0.10096153846153846 0.0985576923076923
0 0.6442307692307693 0.6682692307692307 0.052884615384615384 0.07932692307692307