0 0.4326923076923077 0.24759615384615385 0.08413461538461539 0.0985576923076923
0 0.5408653846153846 0.013221153846153846 0.07211538461538461 0.026442307692307692
0 0.5552884615384616 0.20552884615384615 0.10096153846153846 0.11298076923076923
0 0.40384615384615385 0.02283653846153846 0.057692307692307696 0.04567307692307692
0 0.18990384615384615 0.17548076923076922 0.052884615384615384 0.052884615384615384
0 0.359375 0.009615384615384616 0.055288461538461536 0.019230769230769232
0 0.13701923076923078 0.03125 0.05048076923076923 0.052884615384615384
0 0.21033653846153846 0.02283653846153846 0.04567307692307692 0.04567307692307692
0 0.31490384615384615 0.03365384615384615 0.04567307692307692 0.055288461538461536
0 0.40865384615384615 0.20432692307692307 0.057692307692307696 0.057692307692307696
0 0.18990384615384615 0.1466346153846154 0.06009615384615385 0.05048076923076923
0 0.8341346153846154 0.3557692307692308 0.12740384615384615 0.14182692307692307
1 0.8810096153846154 0.9699519230769231 0.08413461538461539 0.055288461538461536
1 0.7079326923076923 0.9615384615384616 0.06490384615384616 0.07211538461538461
1 0.6586538461538461 0.9759615384615384 0.04807692307692308 0.04326923076923077