0 0.07451923076923077 0.32211538461538464 0.06009615384615385 0.07692307692307693
0 0.24759615384615385 0.41586538461538464 0.052884615384615384 0.05048076923076923
0 0.125 0.375 0.038461538461538464 0.04567307692307692
0 0.3713942307692308 0.41947115384615385 0.01201923076923077 0.036057692307692304
0 0.07572115384615384 0.002403846153846154 0.06490384615384616 0.004807692307692308
0 0.4951923076923077 0.18509615384615385 0.18990384615384615 0.18509615384615385
0 0.8509615384615384 0.27403846153846156 0.0673076923076923 0.08653846153846154
0 0.9639423076923077 0.33653846153846156 0.021634615384615384 0.028846153846153848
0 0.4951923076923077 0.04567307692307692 0.19230769230769232 0.09134615384615384
0 0.625 0.6274038461538461 0.07692307692307693 0.10096153846153846
0 0.3894230769230769 0.6394230769230769 0.019230769230769232 0.08653846153846154
0 0.5384615384615384 0.6370192307692307 0.06971153846153846 0.09134615384615384
0 0.7451923076923077 0.6322115384615384 0.06971153846153846 0.0985576923076923
0 0.4326923076923077 0.6538461538461539 0.057692307692307696 0.06971153846153846
0 0.8966346153846154 0.6346153846153846 0.057692307692307696 0.0673076923076923
0 0.8004807692307693 0.6298076923076923 0.05048076923076923 0.08173076923076923