1 0.019230769230769232 0.019230769230769232 0.038461538461538464 0.038461538461538464
1 0.06009615384615385 0.01201923076923077 0.057692307692307696 0.02403846153846154
1 0.25240384615384615 0.03245192307692308 0.07211538461538461 0.06490384615384616
1 0.46875 0.018028846153846152 0.07211538461538461 0.036057692307692304
1 0.5240384615384616 0.025240384615384616 0.02403846153846154 0.05048076923076923
1 0.9399038461538461 0.21394230769230768 0.06971153846153846 0.0985576923076923
1 0.8269230769230769 0.18028846153846154 0.07692307692307693 0.09134615384615384
1 0.6802884615384616 0.1658653846153846 0.12980769230769232 0.15625
1 0.5625 0.14543269230769232 0.04807692307692308 0.13701923076923078
0 0.4519230769230769 0.8677884615384616 0.0985576923076923 0.0985576923076923
0 0.5985576923076923 0.7067307692307693 0.1201923076923077 0.13942307692307693
0 0.6826923076923077 0.7668269230769231 0.10576923076923077 0.10817307692307693
0 0.9915865384615384 0.7644230769230769 0.01201923076923077 0.0625