0 0.3641826923076923 0.3713942307692308 0.10336538461538461 0.19471153846153846
0 0.7379807692307693 0.19230769230769232 0.08173076923076923 0.0985576923076923
0 0.5120192307692307 0.18028846153846154 0.057692307692307696 0.06971153846153846
0 0.09615384615384616 0.6838942307692307 0.19230769230769232 0.3293269230769231
0 0.15384615384615385 0.6526442307692307 0.3076923076923077 0.2668269230769231
0 0.5865384615384616 0.9134615384615384 0.11778846153846154 0.13942307692307693
0 0.45913461538461536 0.6670673076923077 0.08173076923076923 0.10817307692307693
0 0.42908653846153844 0.5973557692307693 0.021634615384615384 0.0889423076923077
0 0.6081730769230769 0.6899038461538461 0.07211538461538461 0.08653846153846154
0 0.6033653846153846 0.8149038461538461 0.07451923076923077 0.08173076923076923
0 0.6682692307692307 0.6298076923076923 0.0625 0.07692307692307693
0 0.7956730769230769 0.7884615384615384 0.06009615384615385 0.057692307692307696
1 0.7716346153846154 0.6490384615384616 0.04807692307692308 0.055288461538461536