1 0.2980769230769231 0.09375 0.11298076923076923 0.14182692307692307
1 0.16105769230769232 0.18509615384615385 0.15865384615384615 0.22355769230769232
0 0.5504807692307693 0.2692307692307692 0.04567307692307692 0.04567307692307692
0 0.8557692307692307 0.4206730769230769 0.026442307692307692 0.038461538461538464
0 0.9939903846153846 0.38341346153846156 0.007211538461538462 0.04567307692307692
0 0.8990384615384616 0.40384615384615385 0.038461538461538464 0.03365384615384615
0 0.8509615384615384 0.3894230769230769 0.036057692307692304 0.028846153846153848
0 0.5504807692307693 0.10096153846153846 0.04567307692307692 0.04567307692307692
0 0.14302884615384615 0.9615384615384616 0.06971153846153846 0.07211538461538461
0 0.22355769230769232 0.9627403846153846 0.07211538461538461 0.06971153846153846
0 0.32211538461538464 0.9543269230769231 0.055288461538461536 0.0673076923076923
0 0.45552884615384615 0.96875 0.06490384615384616 0.057692307692307696
0 0.6225961538461539 0.875 0.028846153846153848 0.03125