0 0.24759615384615385 0.18509615384615385 0.07692307692307693 0.09375
0 0.37740384615384615 0.17548076923076922 0.052884615384615384 0.06971153846153846
0 0.10817307692307693 0.11057692307692307 0.05048076923076923 0.0673076923076923
0 0.4230769230769231 0.18509615384615385 0.04326923076923077 0.06971153846153846
0 0.5240384615384616 0.36778846153846156 0.07692307692307693 0.07692307692307693
0 0.6610576923076923 0.5084134615384616 0.11057692307692307 0.09375
0 0.8149038461538461 0.3125 0.08653846153846154 0.09375
0 0.9411057692307693 0.4699519230769231 0.11298076923076923 0.10817307692307693
0 0.9134615384615384 0.3942307692307692 0.09375 0.08653846153846154
0 0.1658653846153846 0.8822115384615384 0.11778846153846154 0.12980769230769232
0 0.16105769230769232 0.8028846153846154 0.0889423076923077 0.0889423076923077
0 0.2403846153846154 0.7091346153846154 0.07451923076923077 0.0673076923076923
0 0.7872596153846154 0.6862980769230769 0.25240384615384615 0.25721153846153844
0 0.5637019230769231 0.8942307692307693 0.17067307692307693 0.20673076923076922
0 0.9795673076923077 0.6862980769230769 0.036057692307692304 0.25721153846153844