1 0.6875 0.4338942307692308 0.07692307692307693 0.026442307692307692
1 0.8197115384615384 0.4266826923076923 0.0673076923076923 0.040865384615384616
0 0.49278846153846156 0.7307692307692307 0.07451923076923077 0.08413461538461539
0 0.41346153846153844 0.7908653846153846 0.07692307692307693 0.09134615384615384
0 0.17548076923076922 0.7764423076923077 0.06009615384615385 0.07692307692307693
0 0.10576923076923077 0.7788461538461539 0.057692307692307696 0.0889423076923077
0 0.25240384615384615 0.75 0.0625 0.0889423076923077
0 0.021634615384615384 0.7728365384615384 0.04326923076923077 0.10336538461538461
0 0.27884615384615385 0.7692307692307693 0.06490384615384616 0.09375
0 0.036057692307692304 0.75 0.04326923076923077 0.07692307692307693
0 0.27403846153846156 0.7668269230769231 0.08173076923076923 0.10576923076923077
0 0.06490384615384616 0.7620192307692307 0.03365384615384615 0.07451923076923077
0 0.7163461538461539 0.8774038461538461 0.03365384615384615 0.04567307692307692
0 0.8966346153846154 0.8822115384615384 0.03365384615384615 0.040865384615384616
0 0.9567307692307693 0.8725961538461539 0.028846153846153848 0.03125
0 0.8149038461538461 0.9350961538461539 0.036057692307692304 0.038461538461538464