0 0.1201923076923077 0.41586538461538464 0.09615384615384616 0.10576923076923077
0 0.11057692307692307 0.30288461538461536 0.04807692307692308 0.04326923076923077
0 0.21875 0.1971153846153846 0.04567307692307692 0.04567307692307692
0 0.14182692307692307 0.18990384615384615 0.038461538461538464 0.03365384615384615
0 0.2548076923076923 0.18990384615384615 0.03125 0.03365384615384615
0 0.21634615384615385 0.12980769230769232 0.026442307692307692 0.02403846153846154
0 0.3076923076923077 0.20432692307692307 0.038461538461538464 0.040865384615384616
0 0.45913461538461536 0.20673076923076922 0.052884615384615384 0.057692307692307696
0 0.2692307692307692 0.5576923076923077 0.057692307692307696 0.019230769230769232
0 0.5432692307692307 0.6021634615384616 0.11057692307692307 0.10817307692307693
0 0.9146634615384616 0.6322115384615384 0.1658653846153846 0.16826923076923078
1 0.5036057692307693 0.7836538461538461 0.03125 0.15865384615384615
1 0.6826923076923077 0.7115384615384616 0.125 0.16105769230769232