1 0.15144230769230768 0.23317307692307693 0.06971153846153846 0.09615384615384616
1 0.5961538461538461 0.21634615384615385 0.07211538461538461 0.08653846153846154
1 0.47836538461538464 0.1875 0.0985576923076923 0.12259615384615384
1 0.24759615384615385 0.21394230769230768 0.10096153846153846 0.1201923076923077
1 0.025240384615384616 0.26802884615384615 0.05048076923076923 0.12740384615384615
1 0.37259615384615385 0.23317307692307693 0.04567307692307692 0.057692307692307696
1 0.47836538461538464 0.02403846153846154 0.10096153846153846 0.04807692307692308
1 0.24879807692307693 0.01201923076923077 0.10817307692307693 0.02403846153846154
1 0.18028846153846154 0.5168269230769231 0.07211538461538461 0.0889423076923077
1 0.02283653846153846 0.5180288461538461 0.04567307692307692 0.08413461538461539
1 0.9158653846153846 0.49278846153846156 0.057692307692307696 0.08173076923076923
1 0.8173076923076923 0.46153846153846156 0.052884615384615384 0.06009615384615385
1 0.6610576923076923 0.49399038461538464 0.02403846153846154 0.05048076923076923
1 0.7235576923076923 0.4807692307692308 0.04807692307692308 0.052884615384615384