0 0.4951923076923077 0.3918269230769231 0.038461538461538464 0.040865384615384616
0 0.22115384615384615 0.08653846153846154 0.036057692307692304 0.04326923076923077
1 0.8245192307692307 0.3557692307692308 0.06971153846153846 0.0889423076923077
1 0.6706730769230769 0.390625 0.04326923076923077 0.12259615384615384
1 0.9302884615384616 0.3485576923076923 0.08173076923076923 0.12980769230769232
1 0.9747596153846154 0.3557692307692308 0.04567307692307692 0.09615384615384616
0 0.2980769230769231 0.8317307692307693 0.22355769230769232 0.25961538461538464
0 0.29927884615384615 0.640625 0.2283653846153846 0.08413461538461539
0 0.6646634615384616 0.6586538461538461 0.03125 0.1201923076923077
0 0.8137019230769231 0.6694711538461539 0.15625 0.14182692307692307
0 0.7716346153846154 0.6971153846153846 0.0673076923076923 0.07932692307692307