1 0.4495192307692308 0.36778846153846156 0.06490384615384616 0.0889423076923077
1 0.5817307692307693 0.38461538461538464 0.06490384615384616 0.08653846153846154
1 0.34134615384615385 0.3798076923076923 0.0625 0.07692307692307693
1 0.6418269230769231 0.3737980769230769 0.04807692307692308 0.08413461538461539
1 0.24278846153846154 0.3918269230769231 0.07692307692307693 0.08413461538461539
1 0.5552884615384616 0.3701923076923077 0.052884615384615384 0.08653846153846154
0 0.7103365384615384 0.2247596153846154 0.08413461538461539 0.13701923076923078
0 0.8581730769230769 0.21153846153846154 0.09134615384615384 0.10817307692307693
0 0.5288461538461539 0.8653846153846154 0.06490384615384616 0.07692307692307693
0 0.17067307692307693 0.8798076923076923 0.06009615384615385 0.08173076923076923
0 0.6370192307692307 0.8918269230769231 0.057692307692307696 0.06490384615384616
0 0.375 0.8918269230769231 0.052884615384615384 0.06971153846153846
0 0.22596153846153846 0.8846153846153846 0.04807692307692308 0.0673076923076923
0 0.27403846153846156 0.90625 0.040865384615384616 0.0625
0 0.43990384615384615 0.9254807692307693 0.03125 0.04567307692307692
0 0.4807692307692308 0.9110576923076923 0.040865384615384616 0.06009615384615385
1 0.8677884615384616 0.8341346153846154 0.06009615384615385 0.08653846153846154
1 0.7572115384615384 0.84375 0.07451923076923077 0.09134615384615384
1 0.6778846153846154 0.8233173076923077 0.019230769230769232 0.06009615384615385
1 0.9591346153846154 0.8413461538461539 0.055288461538461536 0.06009615384615385