0 0.09134615384615384 0.10096153846153846 0.038461538461538464 0.04567307692307692
0 0.03125 0.09134615384615384 0.04807692307692308 0.05048076923076923
0 0.6310096153846154 0.15144230769230768 0.18509615384615385 0.2980769230769231
0 0.7668269230769231 0.0985576923076923 0.1658653846153846 0.19471153846153846
0 0.8774038461538461 0.20192307692307693 0.08173076923076923 0.10817307692307693
1 0.9795673076923077 0.01201923076923077 0.036057692307692304 0.02403846153846154
0 0.15144230769230768 0.5769230769230769 0.13221153846153846 0.20432692307692307
0 0.34615384615384615 0.6009615384615384 0.125 0.17067307692307693
0 0.6201923076923077 0.8149038461538461 0.05048076923076923 0.03365384615384615
0 0.6514423076923077 0.6009615384615384 0.055288461538461536 0.057692307692307696
0 0.8293269230769231 0.625 0.06490384615384616 0.052884615384615384