0 0.3245192307692308 0.11298076923076923 0.06009615384615385 0.08173076923076923
0 0.1346153846153846 0.12980769230769232 0.07692307692307693 0.0889423076923077
0 0.40865384615384615 0.125 0.04326923076923077 0.057692307692307696
0 0.25 0.1346153846153846 0.040865384615384616 0.06009615384615385
0 0.018028846153846152 0.12740384615384615 0.036057692307692304 0.057692307692307696
0 0.07692307692307693 0.1346153846153846 0.038461538461538464 0.06009615384615385
0 0.17307692307692307 0.13221153846153846 0.03365384615384615 0.057692307692307696
0 0.109375 0.4543269230769231 0.07932692307692307 0.052884615384615384
0 0.9627403846153846 0.5661057692307693 0.06971153846153846 0.0985576923076923
0 0.6802884615384616 0.5841346153846154 0.055288461538461536 0.09134615384615384
0 0.8269230769230769 0.5697115384615384 0.0625 0.09375