0 0.21153846153846154 0.19471153846153846 0.06971153846153846 0.0673076923076923
0 0.8293269230769231 0.07451923076923077 0.057692307692307696 0.06971153846153846
0 0.6923076923076923 0.07451923076923077 0.055288461538461536 0.07211538461538461
0 0.5841346153846154 0.06971153846153846 0.057692307692307696 0.06971153846153846
0 0.9759615384615384 0.06971153846153846 0.04326923076923077 0.07211538461538461
0 0.6370192307692307 0.07932692307692307 0.03365384615384615 0.038461538461538464
1 0.8918269230769231 0.07932692307692307 0.036057692307692304 0.038461538461538464
0 0.5492788461538461 0.078125 0.021634615384615384 0.040865384615384616
1 0.5216346153846154 0.71875 0.028846153846153848 0.10096153846153846
1 0.05048076923076923 0.703125 0.10096153846153846 0.12259615384615384
1 0.15144230769230768 0.7259615384615384 0.06009615384615385 0.07932692307692307
1 0.22355769230769232 0.6923076923076923 0.057692307692307696 0.08173076923076923
1 0.28125 0.6442307692307693 0.09615384615384616 0.11778846153846154
1 0.46875 0.7331730769230769 0.04807692307692308 0.07451923076923077
1 0.39663461538461536 0.7403846153846154 0.0625 0.0673076923076923
0 0.7091346153846154 0.65625 0.06490384615384616 0.07932692307692307
0 0.9699519230769231 0.6466346153846154 0.055288461538461536 0.11057692307692307
0 0.8581730769230769 0.6586538461538461 0.06490384615384616 0.09375
0 0.7764423076923077 0.6682692307692307 0.057692307692307696 0.07211538461538461