1 0.16826923076923078 0.31009615384615385 0.07211538461538461 0.08653846153846154
1 0.33413461538461536 0.2403846153846154 0.09615384615384616 0.11538461538461539
1 0.7572115384615384 0.33653846153846156 0.08173076923076923 0.09615384615384616
1 0.9759615384615384 0.33533653846153844 0.04326923076923077 0.09375
1 0.5925480769230769 0.35216346153846156 0.04567307692307692 0.1466346153846154
1 0.9182692307692307 0.35336538461538464 0.08653846153846154 0.10576923076923077
1 0.6754807692307693 0.2956730769230769 0.10576923076923077 0.14423076923076922
1 0.8100961538461539 0.3317307692307692 0.057692307692307696 0.06971153846153846
1 0.6754807692307693 0.020432692307692308 0.11057692307692307 0.040865384615384616
0 0.9831730769230769 0.6911057692307693 0.028846153846153848 0.11298076923076923
0 0.8629807692307693 0.6634615384615384 0.10336538461538461 0.11778846153846154