0 0.4206730769230769 0.28125 0.19951923076923078 0.1875
0 0.6682692307692307 0.4110576923076923 0.057692307692307696 0.10336538461538461
0 0.1201923076923077 0.5336538461538461 0.04807692307692308 0.04807692307692308
0 0.3894230769230769 0.5432692307692307 0.0625 0.0673076923076923
0 0.22716346153846154 0.5384615384615384 0.06490384615384616 0.057692307692307696
0 0.18269230769230768 0.5504807692307693 0.055288461538461536 0.07211538461538461
0 0.26802884615384615 0.5396634615384616 0.036057692307692304 0.06009615384615385
0 0.4230769230769231 0.5240384615384616 0.02403846153846154 0.028846153846153848
0 0.46274038461538464 0.5288461538461539 0.06971153846153846 0.038461538461538464
1 0.5096153846153846 0.5324519230769231 0.04807692307692308 0.04567307692307692
0 0.5384615384615384 0.5276442307692307 0.014423076923076924 0.036057692307692304
0 0.6213942307692307 0.6033653846153846 0.1466346153846154 0.14423076923076922