0 0.29447115384615385 0.3389423076923077 0.06009615384615385 0.014423076923076924
0 0.5372596153846154 0.07211538461538461 0.0985576923076923 0.14423076923076922
0 0.9747596153846154 0.109375 0.04567307692307692 0.21875
0 0.7175480769230769 0.07572115384615384 0.13221153846153846 0.15144230769230768
0 0.10096153846153846 0.8173076923076923 0.11538461538461539 0.10817307692307693
1 0.5036057692307693 0.49038461538461536 0.03125 0.052884615384615384
1 0.5288461538461539 0.4879807692307692 0.03365384615384615 0.036057692307692304
1 0.6129807692307693 0.4807692307692308 0.028846153846153848 0.036057692307692304
1 0.6418269230769231 0.49278846153846156 0.028846153846153848 0.03365384615384615
1 0.7043269230769231 0.49038461538461536 0.036057692307692304 0.036057692307692304
1 0.7355769230769231 0.5048076923076923 0.026442307692307692 0.036057692307692304
1 0.7716346153846154 0.5072115384615384 0.026442307692307692 0.036057692307692304
1 0.8725961538461539 0.5024038461538461 0.02403846153846154 0.036057692307692304
1 0.9915865384615384 0.4795673076923077 0.01201923076923077 0.03125