0 0.016826923076923076 0.056490384615384616 0.03365384615384615 0.040865384615384616
0 0.13942307692307693 0.04326923076923077 0.03125 0.036057692307692304
0 0.2536057692307692 0.008413461538461538 0.026442307692307692 0.016826923076923076
0 0.09615384615384616 0.026442307692307692 0.03125 0.03365384615384615
0 0.1502403846153846 0.01201923076923077 0.026442307692307692 0.02403846153846154
0 0.12259615384615384 0.003605769230769231 0.02403846153846154 0.007211538461538462
0 0.2956730769230769 0.375 0.10576923076923077 0.15625
0 0.6610576923076923 0.5432692307692307 0.03125 0.028846153846153848
0 0.7764423076923077 0.4807692307692308 0.026442307692307692 0.03125
0 0.8365384615384616 0.4735576923076923 0.026442307692307692 0.03125
0 0.8894230769230769 0.5 0.02403846153846154 0.03365384615384615
0 0.8365384615384616 0.5673076923076923 0.028846153846153848 0.03125