0 0.10817307692307693 0.052884615384615384 0.08413461538461539 0.07692307692307693
0 0.3004807692307692 0.04326923076923077 0.0673076923076923 0.06971153846153846
0 0.5408653846153846 0.016826923076923076 0.04807692307692308 0.03365384615384615
0 0.49038461538461536 0.04326923076923077 0.055288461538461536 0.07211538461538461
1 0.7884615384615384 0.23076923076923078 0.0625 0.0625
1 0.9254807692307693 0.23557692307692307 0.10576923076923077 0.10576923076923077
1 0.8557692307692307 0.23317307692307693 0.06009615384615385 0.07451923076923077
0 0.016826923076923076 0.9711538461538461 0.026442307692307692 0.026442307692307692
0 0.23317307692307693 0.8389423076923077 0.11778846153846154 0.12740384615384615
0 0.5504807692307693 0.8894230769230769 0.11298076923076923 0.10336538461538461
0 0.4206730769230769 0.9423076923076923 0.07932692307692307 0.10336538461538461
0 0.23557692307692307 0.5444711538461539 0.125 0.01201923076923077