0 0.6634615384615384 0.13701923076923078 0.055288461538461536 0.055288461538461536
0 0.019230769230769232 0.6694711538461539 0.038461538461538464 0.08413461538461539
0 0.19471153846153846 0.6947115384615384 0.04807692307692308 0.07451923076923077
0 0.37259615384615385 0.6394230769230769 0.055288461538461536 0.07211538461538461
0 0.07211538461538461 0.6730769230769231 0.04807692307692308 0.057692307692307696
0 0.24519230769230768 0.6418269230769231 0.04567307692307692 0.036057692307692304
0 0.3004807692307692 0.6466346153846154 0.055288461538461536 0.05048076923076923
1 0.6514423076923077 0.7620192307692307 0.0673076923076923 0.0889423076923077
1 0.5072115384615384 0.7884615384615384 0.09615384615384616 0.16346153846153846
1 0.9831730769230769 0.78125 0.028846153846153848 0.1201923076923077
1 0.8918269230769231 0.7451923076923077 0.04807692307692308 0.057692307692307696
1 0.7884615384615384 0.6730769230769231 0.04567307692307692 0.05048076923076923
1 0.7836538461538461 0.7427884615384616 0.057692307692307696 0.06490384615384616
1 0.9399038461538461 0.71875 0.040865384615384616 0.04807692307692308