0 0.8341346153846154 0.49158653846153844 0.04326923076923077 0.05048076923076923
0 0.6550480769230769 0.49759615384615385 0.040865384615384616 0.038461538461538464
0 0.7475961538461539 0.4951923076923077 0.038461538461538464 0.04326923076923077
0 0.9206730769230769 0.49399038461538464 0.052884615384615384 0.04567307692307692
0 0.9903846153846154 0.4891826923076923 0.014423076923076924 0.055288461538461536
0 0.4987980769230769 0.7644230769230769 0.036057692307692304 0.09615384615384616
0 0.015625 0.7584134615384616 0.03125 0.06009615384615385
0 0.0985576923076923 0.75 0.057692307692307696 0.0625
0 0.057692307692307696 0.7451923076923077 0.04326923076923077 0.057692307692307696
0 0.2620192307692308 0.7764423076923077 0.03365384615384615 0.04567307692307692
0 0.31009615384615385 0.7572115384615384 0.04326923076923077 0.04326923076923077
0 0.3605769230769231 0.7644230769230769 0.03365384615384615 0.036057692307692304
0 0.4206730769230769 0.7644230769230769 0.04326923076923077 0.055288461538461536
0 0.6538461538461539 0.8509615384615384 0.038461538461538464 0.04567307692307692
0 0.8942307692307693 0.8485576923076923 0.04326923076923077 0.05048076923076923