1 0.23677884615384615 0.31971153846153844 0.08413461538461539 0.03365384615384615
1 0.5396634615384616 0.31850961538461536 0.055288461538461536 0.036057692307692304
1 0.39663461538461536 0.3112980769230769 0.09615384615384616 0.05048076923076923
0 0.3629807692307692 0.6009615384615384 0.0673076923076923 0.09134615384615384
0 0.04807692307692308 0.5817307692307693 0.0625 0.08653846153846154
0 0.4206730769230769 0.6201923076923077 0.055288461538461536 0.06490384615384616
0 0.2403846153846154 0.6225961538461539 0.04807692307692308 0.06971153846153846
0 0.14423076923076922 0.5817307692307693 0.052884615384615384 0.06971153846153846
0 0.09375 0.5985576923076923 0.036057692307692304 0.06009615384615385
0 0.28125 0.6105769230769231 0.036057692307692304 0.06490384615384616
0 0.5492788461538461 0.6081730769230769 0.036057692307692304 0.0673076923076923
0 0.5024038461538461 0.6105769230769231 0.04567307692307692 0.0625
0 0.8918269230769231 0.53125 0.1658653846153846 0.21394230769230768