0 0.27884615384615385 0.3737980769230769 0.12980769230769232 0.08413461538461539
0 0.7872596153846154 0.018028846153846152 0.11298076923076923 0.036057692307692304
0 0.6502403846153846 0.009615384615384616 0.08413461538461539 0.019230769230769232
0 0.5769230769230769 0.018028846153846152 0.057692307692307696 0.036057692307692304
0 0.47596153846153844 0.010817307692307692 0.057692307692307696 0.021634615384615384
1 0.040865384615384616 0.5360576923076923 0.055288461538461536 0.057692307692307696
1 0.1875 0.5216346153846154 0.03125 0.055288461538461536
1 0.007211538461538462 0.5216346153846154 0.014423076923076924 0.04807692307692308
1 0.07451923076923077 0.53125 0.026442307692307692 0.03125
1 0.21153846153846154 0.53125 0.019230769230769232 0.036057692307692304
1 0.2283653846153846 0.5336538461538461 0.02403846153846154 0.03125
1 0.27403846153846156 0.5336538461538461 0.03125 0.040865384615384616
1 0.34134615384615385 0.5384615384615384 0.009615384615384616 0.03365384615384615
0 0.9663461538461539 0.7956730769230769 0.06009615384615385 0.06971153846153846
0 0.41586538461538464 0.8413461538461539 0.036057692307692304 0.038461538461538464
0 0.3641826923076923 0.9206730769230769 0.03125 0.028846153846153848
0 0.7524038461538461 0.8509615384615384 0.03365384615384615 0.040865384615384616
0 0.8076923076923077 0.8413461538461539 0.028846153846153848 0.026442307692307692