1 0.10216346153846154 0.3245192307692308 0.06490384615384616 0.02403846153846154
0 0.7223557692307693 0.328125 0.06490384615384616 0.016826923076923076
0 0.9747596153846154 0.026442307692307692 0.04567307692307692 0.052884615384615384
1 0.10096153846153846 0.8605769230769231 0.07932692307692307 0.09615384615384616
1 0.2668269230769231 0.8894230769230769 0.07451923076923077 0.08413461538461539
1 0.036057692307692304 0.8461538461538461 0.052884615384615384 0.07211538461538461
1 0.5192307692307693 0.875 0.06009615384615385 0.0673076923076923
1 0.1466346153846154 0.8485576923076923 0.03365384615384615 0.057692307692307696
1 0.3317307692307692 0.8629807692307693 0.040865384615384616 0.057692307692307696
1 0.3942307692307692 0.8605769230769231 0.04567307692307692 0.0625
1 0.4543269230769231 0.8774038461538461 0.04326923076923077 0.055288461538461536
1 0.21394230769230768 0.8605769230769231 0.040865384615384616 0.04807692307692308
0 0.9326923076923077 0.5625 0.06009615384615385 0.08173076923076923
0 0.8028846153846154 0.4807692307692308 0.1658653846153846 0.21394230769230768
0 0.5925480769230769 0.5288461538461539 0.04567307692307692 0.16346153846153846
0 0.7235576923076923 0.5480769230769231 0.07211538461538461 0.12740384615384615
0 0.9903846153846154 0.5216346153846154 0.014423076923076924 0.14423076923076922