0 0.3269230769230769 0.12740384615384615 0.057692307692307696 0.055288461538461536
0 0.5949519230769231 0.06490384615384616 0.15625 0.12980769230769232
0 0.9014423076923077 0.12740384615384615 0.0985576923076923 0.125
0 0.7572115384615384 0.09375 0.11778846153846154 0.14423076923076922
0 0.37740384615384615 0.9326923076923077 0.057692307692307696 0.06971153846153846
1 0.5552884615384616 0.9134615384615384 0.08173076923076923 0.09375
1 0.7451923076923077 0.8990384615384616 0.09615384615384616 0.10817307692307693
1 0.6706730769230769 0.9110576923076923 0.05048076923076923 0.0889423076923077
1 0.9182692307692307 0.9110576923076923 0.10576923076923077 0.11057692307692307
1 0.7860576923076923 0.8990384615384616 0.06490384615384616 0.11298076923076923
1 0.5552884615384616 0.5829326923076923 0.08653846153846154 0.06971153846153846
1 0.7463942307692307 0.5925480769230769 0.0985576923076923 0.0889423076923077
1 0.6706730769230769 0.5817307692307693 0.052884615384615384 0.0673076923076923
1 0.9194711538461539 0.5889423076923077 0.11298076923076923 0.08173076923076923
1 0.7860576923076923 0.59375 0.0673076923076923 0.09134615384615384