1 0.10576923076923077 0.3293269230769231 0.04326923076923077 0.04807692307692308
1 0.15384615384615385 0.3389423076923077 0.03125 0.04567307692307692
1 0.18509615384615385 0.3317307692307692 0.03365384615384615 0.040865384615384616
1 0.25 0.3269230769230769 0.03365384615384615 0.04807692307692308
1 0.27163461538461536 0.31971153846153844 0.028846153846153848 0.04807692307692308
1 0.3605769230769231 0.32091346153846156 0.03365384615384615 0.06009615384615385
0 0.6802884615384616 0.24278846153846154 0.14903846153846154 0.18990384615384615
0 0.45913461538461536 0.23317307692307693 0.15865384615384615 0.22115384615384615
0 0.1935096153846154 0.4735576923076923 0.2283653846153846 0.1875
0 0.33052884615384615 0.4891826923076923 0.09375 0.21875
0 0.6394230769230769 0.5024038461538461 0.12740384615384615 0.18509615384615385