0 0.35336538461538464 0.0889423076923077 0.17067307692307693 0.15625
0 0.6153846153846154 0.2860576923076923 0.08413461538461539 0.12740384615384615
0 0.75 0.30528846153846156 0.0673076923076923 0.08413461538461539
0 0.5625 0.3076923076923077 0.055288461538461536 0.08413461538461539
0 0.9615384615384616 0.26802884615384615 0.07211538461538461 0.14182692307692307
0 0.6634615384615384 0.31490384615384615 0.04326923076923077 0.06490384615384616
0 0.9615384615384616 0.019230769230769232 0.07211538461538461 0.038461538461538464
0 0.3942307692307692 0.65625 0.10336538461538461 0.13942307692307693
0 0.16346153846153846 0.6442307692307693 0.10336538461538461 0.1201923076923077
0 0.9651442307692307 0.6598557692307693 0.06490384615384616 0.19951923076923078
0 0.8004807692307693 0.5985576923076923 0.19230769230769232 0.1778846153846154