0 0.40384615384615385 0.20192307692307693 0.1201923076923077 0.10336538461538461
0 0.04567307692307692 0.25 0.09134615384615384 0.08653846153846154
0 0.3125 0.2091346153846154 0.08173076923076923 0.07211538461538461
0 0.8461538461538461 0.37740384615384615 0.057692307692307696 0.09375
0 0.9158653846153846 0.39663461538461536 0.10817307692307693 0.12259615384615384
0 0.7716346153846154 0.3942307692307692 0.04567307692307692 0.0625
0 0.6466346153846154 0.4254807692307692 0.03125 0.03365384615384615
0 0.7163461538461539 0.39663461538461536 0.03365384615384615 0.04807692307692308
0 0.59375 0.4230769230769231 0.026442307692307692 0.036057692307692304
0 0.5528846153846154 0.4266826923076923 0.009615384615384616 0.036057692307692304
0 0.8245192307692307 0.7620192307692307 0.052884615384615384 0.06009615384615385
0 0.5612980769230769 0.8858173076923077 0.026442307692307692 0.06009615384615385
0 0.6274038461538461 0.90625 0.052884615384615384 0.052884615384615384
0 0.7596153846153846 0.8677884615384616 0.04567307692307692 0.055288461538461536
0 0.9350961538461539 0.7572115384615384 0.04807692307692308 0.05048076923076923