1 0.33653846153846156 0.08413461538461539 0.055288461538461536 0.06971153846153846
1 0.016826923076923076 0.08173076923076923 0.03365384615384615 0.07692307692307693
1 0.10576923076923077 0.10096153846153846 0.03365384615384615 0.05048076923076923
1 0.21153846153846154 0.11057692307692307 0.057692307692307696 0.0673076923076923
1 0.05048076923076923 0.11057692307692307 0.04567307692307692 0.052884615384615384
1 0.46875 0.09134615384615384 0.04807692307692308 0.0625
1 0.4326923076923077 0.06971153846153846 0.038461538461538464 0.04807692307692308
0 0.6346153846153846 0.16826923076923078 0.10336538461538461 0.12740384615384615
0 0.8605769230769231 0.28365384615384615 0.09375 0.0985576923076923
0 0.38341346153846156 0.9495192307692307 0.25240384615384615 0.09615384615384616
0 0.8329326923076923 0.6466346153846154 0.15144230769230768 0.11538461538461539