0 0.17307692307692307 0.23317307692307693 0.1346153846153846 0.16346153846153846
0 0.2764423076923077 0.23798076923076922 0.11778846153846154 0.15384615384615385
0 0.055288461538461536 0.27403846153846156 0.09375 0.1346153846153846
0 0.5168269230769231 0.125 0.06971153846153846 0.07451923076923077
0 0.90625 0.32211538461538464 0.038461538461538464 0.04807692307692308
0 0.5168269230769231 0.02403846153846154 0.07211538461538461 0.04807692307692308
0 0.019230769230769232 0.5649038461538461 0.038461538461538464 0.057692307692307696
0 0.057692307692307696 0.5649038461538461 0.026442307692307692 0.04567307692307692
1 0.13221153846153846 0.5697115384615384 0.036057692307692304 0.052884615384615384
1 0.07451923076923077 0.5697115384615384 0.03365384615384615 0.04326923076923077
1 0.15384615384615385 0.5576923076923077 0.03125 0.04807692307692308
0 0.9807692307692307 0.640625 0.03365384615384615 0.14182692307692307
0 0.4831730769230769 0.6995192307692307 0.04807692307692308 0.04807692307692308
1 0.40865384615384615 0.6862980769230769 0.057692307692307696 0.07932692307692307
1 0.8629807692307693 0.6514423076923077 0.0625 0.07692307692307693
1 0.9230769230769231 0.6586538461538461 0.09375 0.09375