0 0.8028846153846154 0.35096153846153844 0.07211538461538461 0.09134615384615384
0 0.5408653846153846 0.3245192307692308 0.0673076923076923 0.09134615384615384
0 0.6706730769230769 0.41586538461538464 0.07451923076923077 0.07932692307692307
0 0.28125 0.3701923076923077 0.038461538461538464 0.038461538461538464
0 0.5096153846153846 0.30528846153846156 0.04567307692307692 0.06490384615384616
0 0.8028846153846154 0.008413461538461538 0.07692307692307693 0.016826923076923076
0 0.5420673076923077 0.021634615384615384 0.07451923076923077 0.04326923076923077
0 0.5120192307692307 0.02403846153846154 0.052884615384615384 0.04807692307692308
0 0.21754807692307693 0.7115384615384616 0.07932692307692307 0.14423076923076922
0 0.27283653846153844 0.6033653846153846 0.026442307692307692 0.0673076923076923
0 0.3004807692307692 0.6129807692307693 0.057692307692307696 0.0673076923076923
0 0.7764423076923077 0.7932692307692307 0.04567307692307692 0.055288461538461536