0 0.2860576923076923 0.2548076923076923 0.09375 0.11778846153846154
0 0.021634615384615384 0.29447115384615385 0.04326923076923077 0.07451923076923077
0 0.8329326923076923 0.47836538461538464 0.07451923076923077 0.057692307692307696
0 0.9447115384615384 0.27403846153846156 0.028846153846153848 0.036057692307692304
0 0.9447115384615384 0.03365384615384615 0.028846153846153848 0.036057692307692304
1 0.03365384615384615 0.8677884615384616 0.038461538461538464 0.04567307692307692
1 0.10817307692307693 0.8677884615384616 0.03365384615384615 0.05048076923076923
1 0.18509615384615385 0.8533653846153846 0.040865384615384616 0.04567307692307692
1 0.25240384615384615 0.8846153846153846 0.036057692307692304 0.04567307692307692
1 0.31009615384615385 0.8677884615384616 0.03365384615384615 0.04326923076923077
1 0.5288461538461539 0.8509615384615384 0.036057692307692304 0.04326923076923077
1 0.5673076923076923 0.875 0.038461538461538464 0.04807692307692308
1 0.49759615384615385 0.8846153846153846 0.036057692307692304 0.038461538461538464
1 0.35336538461538464 0.8605769230769231 0.03365384615384615 0.04326923076923077
1 0.39903846153846156 0.875 0.038461538461538464 0.04567307692307692
1 0.44711538461538464 0.8798076923076923 0.03365384615384615 0.04326923076923077