1 0.007211538461538462 0.3954326923076923 0.014423076923076924 0.06971153846153846
1 0.1466346153846154 0.3918269230769231 0.04567307692307692 0.04326923076923077
1 0.23557692307692307 0.4110576923076923 0.03365384615384615 0.040865384615384616
1 0.18990384615384615 0.4110576923076923 0.026442307692307692 0.028846153846153848
1 0.3173076923076923 0.41586538461538464 0.03365384615384615 0.038461538461538464
1 0.39302884615384615 0.41346153846153844 0.04567307692307692 0.057692307692307696
0 0.8978365384615384 0.014423076923076924 0.06009615384615385 0.028846153846153848
1 0.6213942307692307 0.03245192307692308 0.13221153846153846 0.06490384615384616
1 0.859375 0.019230769230769232 0.08413461538461539 0.038461538461538464
1 0.7596153846153846 0.013221153846153846 0.09615384615384616 0.026442307692307692
0 0.22355769230769232 0.7884615384615384 0.2692307692307692 0.4182692307692308
0 0.046875 0.7884615384615384 0.09375 0.4182692307692308
0 0.7788461538461539 0.8581730769230769 0.07451923076923077 0.0985576923076923
0 0.59375 0.84375 0.06971153846153846 0.08653846153846154
0 0.46153846153846156 0.875 0.06490384615384616 0.08653846153846154
0 0.5096153846153846 0.8341346153846154 0.057692307692307696 0.07932692307692307
0 0.9795673076923077 0.8100961538461539 0.036057692307692304 0.07211538461538461
0 0.6177884615384616 0.8076923076923077 0.057692307692307696 0.07932692307692307
0 0.9783653846153846 0.5889423076923077 0.038461538461538464 0.019230769230769232
0 0.6189903846153846 0.5925480769230769 0.06490384615384616 0.026442307692307692