1 0.5456730769230769 0.35336538461538464 0.06490384615384616 0.08173076923076923
1 0.015625 0.3942307692307692 0.03125 0.10096153846153846
1 0.12740384615384615 0.4110576923076923 0.06971153846153846 0.09375
1 0.25240384615384615 0.3798076923076923 0.09134615384615384 0.10817307692307693
1 0.4206730769230769 0.3894230769230769 0.057692307692307696 0.0673076923076923
0 0.8173076923076923 0.47596153846153844 0.038461538461538464 0.036057692307692304
0 0.8725961538461539 0.46153846153846156 0.03365384615384615 0.038461538461538464
0 0.9350961538461539 0.47115384615384615 0.040865384615384616 0.04807692307692308
1 0.9723557692307693 0.5180288461538461 0.05048076923076923 0.016826923076923076
1 0.21634615384615385 0.6706730769230769 0.0673076923076923 0.07692307692307693
1 0.4831730769230769 0.6634615384615384 0.0673076923076923 0.07932692307692307
1 0.5745192307692307 0.6971153846153846 0.0625 0.15865384615384615
0 0.9879807692307693 0.8641826923076923 0.019230769230769232 0.07932692307692307
1 0.6826923076923077 0.9471153846153846 0.04567307692307692 0.055288461538461536
1 0.7788461538461539 0.9447115384615384 0.03125 0.04326923076923077
1 0.8028846153846154 0.9399038461538461 0.028846153846153848 0.04567307692307692
1 0.8581730769230769 0.9471153846153846 0.04326923076923077 0.05048076923076923
1 0.6225961538461539 0.9783653846153846 0.028846153846153848 0.038461538461538464