1 0.23317307692307693 0.34615384615384615 0.07451923076923077 0.08653846153846154
1 0.0889423076923077 0.3605769230769231 0.10336538461538461 0.12980769230769232
0 0.8846153846153846 0.3076923076923077 0.055288461538461536 0.06490384615384616
0 0.34134615384615385 0.3894230769230769 0.03365384615384615 0.03365384615384615
0 0.6826923076923077 0.39663461538461536 0.03365384615384615 0.028846153846153848
0 0.6826923076923077 0.33653846153846156 0.03365384615384615 0.028846153846153848
0 0.6177884615384616 0.37740384615384615 0.03365384615384615 0.028846153846153848
0 0.5480769230769231 0.36778846153846156 0.016826923076923076 0.021634615384615384
0 0.38221153846153844 0.375 0.03125 0.028846153846153848
1 0.07692307692307693 0.9771634615384616 0.052884615384615384 0.040865384615384616
1 0.020432692307692308 0.9831730769230769 0.040865384615384616 0.028846153846153848
1 0.18509615384615385 0.9795673076923077 0.052884615384615384 0.036057692307692304
1 0.27283653846153844 0.9819711538461539 0.026442307692307692 0.03125
1 0.23918269230769232 0.9831730769230769 0.04567307692307692 0.028846153846153848
1 0.12980769230769232 0.9831730769230769 0.04807692307692308 0.028846153846153848
0 0.34375 0.6875 0.09615384615384616 0.07211538461538461
0 0.8762019230769231 0.9663461538461539 0.07932692307692307 0.0625