0 0.02403846153846154 0.11658653846153846 0.04807692307692308 0.10817307692307693
0 0.14543269230769232 0.11177884615384616 0.21394230769230768 0.22355769230769232
1 0.5024038461538461 0.10576923076923077 0.057692307692307696 0.08173076923076923
1 0.5336538461538461 0.1201923076923077 0.03365384615384615 0.055288461538461536
1 0.6129807692307693 0.09615384615384616 0.052884615384615384 0.08173076923076923
1 0.6466346153846154 0.11538461538461539 0.040865384615384616 0.052884615384615384
1 0.7403846153846154 0.09134615384615384 0.052884615384615384 0.07451923076923077
1 0.7644230769230769 0.10336538461538461 0.036057692307692304 0.057692307692307696
1 0.7884615384615384 0.12980769230769232 0.03365384615384615 0.04807692307692308
1 0.8533653846153846 0.12740384615384615 0.03125 0.03365384615384615
1 0.8966346153846154 0.1466346153846154 0.03365384615384615 0.028846153846153848
1 0.04807692307692308 0.7019230769230769 0.052884615384615384 0.08173076923076923
1 0.08173076923076923 0.7211538461538461 0.040865384615384616 0.052884615384615384
1 0.17548076923076922 0.6971153846153846 0.052884615384615384 0.07451923076923077
1 0.19951923076923078 0.7091346153846154 0.036057692307692304 0.057692307692307696
1 0.22355769230769232 0.7355769230769231 0.03365384615384615 0.04807692307692308
1 0.28846153846153844 0.7331730769230769 0.03125 0.03365384615384615
1 0.3317307692307692 0.7524038461538461 0.03365384615384615 0.028846153846153848
0 0.9038461538461539 0.6490384615384616 0.04567307692307692 0.04567307692307692
0 0.8076923076923077 0.7235576923076923 0.04567307692307692 0.03365384615384615