0 0.0985576923076923 0.3557692307692308 0.09615384615384616 0.10576923076923077
0 0.0889423076923077 0.24278846153846154 0.04807692307692308 0.04326923076923077
0 0.1971153846153846 0.13701923076923078 0.04567307692307692 0.04567307692307692
0 0.1201923076923077 0.12980769230769232 0.038461538461538464 0.03365384615384615
0 0.23317307692307693 0.12980769230769232 0.03125 0.03365384615384615
0 0.19471153846153846 0.06971153846153846 0.026442307692307692 0.02403846153846154
0 0.37740384615384615 0.10817307692307693 0.06971153846153846 0.0673076923076923
0 0.625 0.16105769230769232 0.04567307692307692 0.055288461538461536
0 0.5793269230769231 0.1658653846153846 0.036057692307692304 0.04567307692307692
0 0.875 0.16346153846153846 0.04326923076923077 0.052884615384615384
0 0.8245192307692307 0.15865384615384615 0.040865384615384616 0.05048076923076923
0 0.9375 0.16346153846153846 0.038461538461538464 0.04807692307692308
0 0.984375 0.15865384615384615 0.026442307692307692 0.057692307692307696
0 0.4807692307692308 0.16826923076923078 0.04567307692307692 0.05048076923076923
0 0.2860576923076923 0.17548076923076922 0.04567307692307692 0.06490384615384616
0 0.3870192307692308 0.15865384615384615 0.03365384615384615 0.052884615384615384
0 0.40384615384615385 0.16826923076923078 0.03365384615384615 0.06009615384615385
0 0.04807692307692308 0.8834134615384616 0.09615384615384616 0.13701923076923078
0 0.04807692307692308 0.6947115384615384 0.09615384615384616 0.11057692307692307
0 0.7644230769230769 0.8293269230769231 0.20432692307692307 0.25721153846153844