0 0.35216346153846156 0.43509615384615385 0.1466346153846154 0.19230769230769232
0 0.051682692307692304 0.4483173076923077 0.10336538461538461 0.14182692307692307
0 0.4723557692307692 0.23677884615384615 0.0889423076923077 0.17548076923076922
0 0.4723557692307692 0.016826923076923076 0.0889423076923077 0.03365384615384615
0 0.39903846153846156 0.9206730769230769 0.055288461538461536 0.0673076923076923
0 0.036057692307692304 0.9158653846153846 0.04567307692307692 0.06971153846153846
0 0.07451923076923077 0.9254807692307693 0.038461538461538464 0.0625
0 0.19230769230769232 0.8990384615384616 0.05048076923076923 0.06971153846153846
0 0.2620192307692308 0.9182692307692307 0.036057692307692304 0.04807692307692308
0 0.23317307692307693 0.9254807692307693 0.028846153846153848 0.04567307692307692
0 0.34615384615384615 0.9110576923076923 0.036057692307692304 0.04807692307692308
0 0.421875 0.9194711538461539 0.007211538461538462 0.06009615384615385
0 0.125 0.9230769230769231 0.021634615384615384 0.03365384615384615
0 0.15144230769230768 0.9254807692307693 0.026442307692307692 0.038461538461538464