0 0.06490384615384616 0.1875 0.07692307692307693 0.09134615384615384
0 0.1778846153846154 0.10096153846153846 0.11778846153846154 0.11778846153846154
0 0.12980769230769232 0.18028846153846154 0.0625 0.07932692307692307
0 0.25961538461538464 0.18028846153846154 0.07451923076923077 0.08173076923076923
0 0.40625 0.14903846153846154 0.11057692307692307 0.11298076923076923
0 0.5084134615384616 0.19471153846153846 0.055288461538461536 0.11538461538461539
0 0.8185096153846154 0.04326923076923077 0.17067307692307693 0.08653846153846154
0 0.5925480769230769 0.038461538461538464 0.10817307692307693 0.07692307692307693
1 0.18509615384615385 0.6658653846153846 0.07932692307692307 0.07932692307692307
1 0.4182692307692308 0.6201923076923077 0.08413461538461539 0.09375
0 0.9807692307692307 0.6838942307692307 0.03365384615384615 0.06490384615384616
0 0.9158653846153846 0.6682692307692307 0.04807692307692308 0.057692307692307696