0 0.4495192307692308 0.16346153846153846 0.052884615384615384 0.1346153846153846
0 0.34134615384615385 0.20432692307692307 0.11538461538461539 0.14903846153846154
0 0.49278846153846156 0.020432692307692308 0.028846153846153848 0.040865384615384616
0 0.8100961538461539 0.021634615384615384 0.04807692307692308 0.04326923076923077
0 0.5637019230769231 0.014423076923076924 0.04567307692307692 0.028846153846153848
0 0.6947115384615384 0.03125 0.038461538461538464 0.040865384615384616
0 0.8605769230769231 0.03365384615384615 0.03125 0.040865384615384616
0 0.9471153846153846 0.03125 0.038461538461538464 0.04326923076923077
0 0.43509615384615385 0.8461538461538461 0.04807692307692308 0.057692307692307696
0 0.25961538461538464 0.8245192307692307 0.057692307692307696 0.06009615384615385
0 0.28846153846153844 0.6201923076923077 0.04807692307692308 0.06490384615384616
0 0.5264423076923077 0.9038461538461539 0.019230769230769232 0.03365384615384615
0 0.7836538461538461 0.8966346153846154 0.028846153846153848 0.038461538461538464
0 0.90625 0.9182692307692307 0.03125 0.03365384615384615
0 0.9591346153846154 0.9110576923076923 0.03365384615384615 0.038461538461538464
0 0.6826923076923077 0.8966346153846154 0.021634615384615384 0.03125