0 0.16346153846153846 0.10817307692307693 0.07211538461538461 0.09375
0 0.24759615384615385 0.125 0.057692307692307696 0.07211538461538461
0 0.49158653846153844 0.14182692307692307 0.01201923076923077 0.0673076923076923
0 0.40625 0.13701923076923078 0.04807692307692308 0.06009615384615385
0 0.11778846153846154 0.15144230769230768 0.05048076923076923 0.0625
0 0.07211538461538461 0.1346153846153846 0.038461538461538464 0.0625
0 0.35336538461538464 0.14182692307692307 0.036057692307692304 0.057692307692307696
0 0.28125 0.13701923076923078 0.036057692307692304 0.0673076923076923
0 0.20673076923076922 0.6826923076923077 0.17067307692307693 0.22355769230769232
0 0.4699519230769231 0.7043269230769231 0.055288461538461536 0.20673076923076922
0 0.2091346153846154 0.5108173076923077 0.1778846153846154 0.04567307692307692
0 0.8581730769230769 0.7572115384615384 0.06009615384615385 0.06490384615384616