1 0.43028846153846156 0.23557692307692307 0.09134615384615384 0.10336538461538461
1 0.6069711538461539 0.2512019230769231 0.06009615384615385 0.10336538461538461
1 0.25 0.2668269230769231 0.06490384615384616 0.07692307692307693
1 0.07211538461538461 0.24278846153846154 0.07692307692307693 0.09134615384615384
1 0.7716346153846154 0.25961538461538464 0.055288461538461536 0.08413461538461539
1 0.7235576923076923 0.2644230769230769 0.0625 0.09375
1 0.9879807692307693 0.23557692307692307 0.019230769230769232 0.07692307692307693
1 0.8822115384615384 0.2980769230769231 0.057692307692307696 0.06971153846153846
1 0.6682692307692307 0.2644230769230769 0.04807692307692308 0.06009615384615385
1 0.4519230769230769 0.5480769230769231 0.13942307692307693 0.13942307692307693
1 0.12860576923076922 0.5540865384615384 0.19471153846153846 0.15144230769230768