1 0.31490384615384615 0.08173076923076923 0.08653846153846154 0.10576923076923077
1 0.016826923076923076 0.1045673076923077 0.03365384615384615 0.09375
1 0.2764423076923077 0.14423076923076922 0.07211538461538461 0.09375
1 0.8401442307692307 0.03125 0.08413461538461539 0.0625
1 0.6298076923076923 0.02403846153846154 0.052884615384615384 0.04807692307692308
1 0.671875 0.021634615384615384 0.040865384615384616 0.04326923076923077
1 0.7740384615384616 0.019230769230769232 0.038461538461538464 0.038461538461538464
1 0.8858173076923077 0.015625 0.04567307692307692 0.03125
0 0.31490384615384615 0.6514423076923077 0.0673076923076923 0.07211538461538461
0 0.19230769230769232 0.6850961538461539 0.06971153846153846 0.0625
1 0.7764423076923077 0.7235576923076923 0.0673076923076923 0.0889423076923077
1 0.96875 0.7211538461538461 0.057692307692307696 0.11057692307692307
1 0.7091346153846154 0.7620192307692307 0.0625 0.07451923076923077
1 0.5336538461538461 0.7548076923076923 0.03365384615384615 0.04567307692307692
1 0.5769230769230769 0.7692307692307693 0.03125 0.04567307692307692
1 0.6153846153846154 0.7596153846153846 0.03365384615384615 0.040865384615384616
1 0.8725961538461539 0.7620192307692307 0.040865384615384616 0.057692307692307696