1 0.2860576923076923 0.375 0.0889423076923077 0.10096153846153846
0 0.0673076923076923 0.3485576923076923 0.036057692307692304 0.055288461538461536
1 0.9615384615384616 0.23317307692307693 0.07211538461538461 0.19230769230769232
1 0.8677884615384616 0.21394230769230768 0.10576923076923077 0.14182692307692307
1 0.546875 0.22355769230769232 0.07451923076923077 0.1201923076923077
1 0.6875 0.23317307692307693 0.07932692307692307 0.11778846153846154
1 0.4831730769230769 0.8810096153846154 0.04807692307692308 0.09375
1 0.3317307692307692 0.875 0.055288461538461536 0.0673076923076923
1 0.06490384615384616 0.8389423076923077 0.057692307692307696 0.0673076923076923
1 0.22596153846153846 0.8509615384615384 0.057692307692307696 0.07451923076923077
1 0.15144230769230768 0.8341346153846154 0.04567307692307692 0.055288461538461536
0 0.6634615384615384 0.8966346153846154 0.21634615384615385 0.20192307692307693
0 0.6646634615384616 0.6983173076923077 0.21875 0.13701923076923078