0 0.28966346153846156 0.19831730769230768 0.09375 0.15625
0 0.11778846153846154 0.20432692307692307 0.057692307692307696 0.0625
0 0.7716346153846154 0.08413461538461539 0.12740384615384615 0.12980769230769232
0 0.9302884615384616 0.5889423076923077 0.08413461538461539 0.06971153846153846
0 0.47115384615384615 0.7355769230769231 0.08653846153846154 0.09375
0 0.8341346153846154 0.5745192307692307 0.09615384615384616 0.08173076923076923
1 0.7956730769230769 0.6490384615384616 0.08653846153846154 0.06971153846153846
1 0.9254807692307693 0.6658653846153846 0.07932692307692307 0.0625
0 0.47115384615384615 0.9254807692307693 0.08653846153846154 0.09375
1 0.7956730769230769 0.9867788461538461 0.09134615384615384 0.021634615384615384
1 0.9266826923076923 0.9795673076923077 0.08413461538461539 0.036057692307692304