1 0.03365384615384615 0.07932692307692307 0.055288461538461536 0.07451923076923077
1 0.10336538461538461 0.09375 0.04326923076923077 0.06490384615384616
1 0.14903846153846154 0.07932692307692307 0.055288461538461536 0.06490384615384616
1 0.34134615384615385 0.11057692307692307 0.06971153846153846 0.08173076923076923
0 0.42427884615384615 0.06971153846153846 0.03125 0.07211538461538461
0 0.5841346153846154 0.19471153846153846 0.0625 0.07692307692307693
0 0.8485576923076923 0.20673076923076922 0.07451923076923077 0.07451923076923077
0 0.5600961538461539 0.1201923076923077 0.057692307692307696 0.07211538461538461
0 0.7740384615384616 0.15144230769230768 0.05048076923076923 0.06490384615384616
0 0.5024038461538461 0.10576923076923077 0.026442307692307692 0.040865384615384616
0 0.6370192307692307 0.0889423076923077 0.021634615384615384 0.038461538461538464
0 0.6850961538461539 0.07451923076923077 0.03125 0.04326923076923077
0 0.4879807692307692 0.0673076923076923 0.02403846153846154 0.036057692307692304
1 0.6899038461538461 0.1346153846153846 0.057692307692307696 0.04807692307692308
0 0.1875 0.7932692307692307 0.09375 0.10576923076923077