0 0.41225961538461536 0.4074519230769231 0.06971153846153846 0.0985576923076923
0 0.037259615384615384 0.40384615384615385 0.07451923076923077 0.10576923076923077
0 0.34375 0.40384615384615385 0.04326923076923077 0.06009615384615385
0 0.39663461538461536 0.3701923076923077 0.04807692307692308 0.07451923076923077
0 0.46274038461538464 0.45072115384615385 0.026442307692307692 0.01201923076923077
0 0.49038461538461536 0.44711538461538464 0.03365384615384615 0.019230769230769232
0 0.8954326923076923 0.4483173076923077 0.055288461538461536 0.016826923076923076
0 0.7944711538461539 0.44711538461538464 0.03125 0.019230769230769232
0 0.6514423076923077 0.4254807692307692 0.028846153846153848 0.036057692307692304
1 0.36538461538461536 0.5108173076923077 0.09134615384615384 0.10336538461538461
1 0.20552884615384615 0.5072115384615384 0.07451923076923077 0.09615384615384616
1 0.03245192307692308 0.5012019230769231 0.06490384615384616 0.08413461538461539
0 0.47716346153846156 0.7524038461538461 0.055288461538461536 0.07211538461538461
0 0.6009615384615384 0.7596153846153846 0.038461538461538464 0.04567307692307692
0 0.7379807692307693 0.7524038461538461 0.052884615384615384 0.052884615384615384