0 0.4543269230769231 0.18028846153846154 0.04326923076923077 0.057692307692307696
0 0.9591346153846154 0.1466346153846154 0.07692307692307693 0.14423076923076922
0 0.6322115384615384 0.16826923076923078 0.04326923076923077 0.05048076923076923
0 0.7235576923076923 0.1466346153846154 0.07932692307692307 0.10336538461538461
0 0.6706730769230769 0.15625 0.04807692307692308 0.07211538461538461
0 0.8245192307692307 0.18509615384615385 0.07932692307692307 0.07692307692307693
1 0.5120192307692307 0.16826923076923078 0.057692307692307696 0.07692307692307693
0 0.09375 0.6177884615384616 0.038461538461538464 0.03125
0 0.125 0.6225961538461539 0.02403846153846154 0.03365384615384615
1 0.40625 0.49278846153846156 0.0673076923076923 0.08173076923076923
1 0.5480769230769231 0.5 0.06009615384615385 0.06971153846153846
1 0.6995192307692307 0.5264423076923077 0.04326923076923077 0.0625
1 0.9567307692307693 0.5072115384615384 0.052884615384615384 0.057692307692307696
1 0.8125 0.5048076923076923 0.04326923076923077 0.04567307692307692