1 0.08173076923076923 0.2980769230769231 0.0625 0.08653846153846154
1 0.28365384615384615 0.2980769230769231 0.052884615384615384 0.08413461538461539
1 0.44711538461538464 0.2980769230769231 0.04807692307692308 0.07692307692307693
1 0.36778846153846156 0.34134615384615385 0.04807692307692308 0.06971153846153846
1 0.5192307692307693 0.3004807692307692 0.055288461538461536 0.06971153846153846
1 0.14182692307692307 0.39903846153846156 0.03125 0.05048076923076923
1 0.9399038461538461 0.34375 0.06490384615384616 0.08413461538461539
1 0.6370192307692307 0.3389423076923077 0.06971153846153846 0.08173076923076923
1 0.8341346153846154 0.3245192307692308 0.07932692307692307 0.11298076923076923
1 0.7740384615384616 0.34375 0.055288461538461536 0.07451923076923077
1 0.18629807692307693 0.9855769230769231 0.04567307692307692 0.02403846153846154
1 0.23677884615384615 0.9855769230769231 0.036057692307692304 0.02403846153846154
1 0.38221153846153844 0.9939903846153846 0.028846153846153848 0.007211538461538462
1 0.4206730769230769 0.9831730769230769 0.04807692307692308 0.028846153846153848
1 0.4639423076923077 0.9807692307692307 0.03365384615384615 0.03365384615384615
1 0.5120192307692307 0.9663461538461539 0.04567307692307692 0.04567307692307692
1 0.5384615384615384 0.9867788461538461 0.03365384615384615 0.021634615384615384
0 0.5829326923076923 0.7439903846153846 0.05048076923076923 0.10817307692307693