0 0.11298076923076923 0.10576923076923077 0.22596153846153846 0.21153846153846154
0 0.07211538461538461 0.6370192307692307 0.0625 0.06971153846153846
0 0.21875 0.6730769230769231 0.12740384615384615 0.14182692307692307
0 0.29086538461538464 0.6033653846153846 0.052884615384615384 0.07692307692307693
0 0.4855769230769231 0.6466346153846154 0.03365384615384615 0.04567307692307692
0 0.6875 0.6778846153846154 0.03365384615384615 0.036057692307692304
0 0.4206730769230769 0.6370192307692307 0.026442307692307692 0.038461538461538464
0 0.7884615384615384 0.6706730769230769 0.028846153846153848 0.04807692307692308
0 0.5817307692307693 0.6009615384615384 0.02403846153846154 0.036057692307692304
0 0.5600961538461539 0.5841346153846154 0.028846153846153848 0.038461538461538464
0 0.8269230769230769 0.6442307692307693 0.026442307692307692 0.04807692307692308
0 0.6322115384615384 0.5721153846153846 0.03125 0.03365384615384615