1 0.22115384615384615 0.3605769230769231 0.14423076923076922 0.11057692307692307
1 0.5240384615384616 0.3954326923076923 0.0673076923076923 0.040865384615384616
1 0.055288461538461536 0.3389423076923077 0.11057692307692307 0.14423076923076922
1 0.6514423076923077 0.3786057692307692 0.028846153846153848 0.07451923076923077
1 0.35336538461538464 0.390625 0.057692307692307696 0.05048076923076923
0 0.9483173076923077 0.17427884615384615 0.0985576923076923 0.34375
0 0.18028846153846154 0.8774038461538461 0.04326923076923077 0.052884615384615384
0 0.0889423076923077 0.9182692307692307 0.03365384615384615 0.040865384615384616
0 0.53125 0.9615384615384616 0.038461538461538464 0.040865384615384616
0 0.6009615384615384 0.8149038461538461 0.03365384615384615 0.038461538461538464
0 0.4951923076923077 0.8341346153846154 0.040865384615384616 0.040865384615384616
0 0.40865384615384615 0.8605769230769231 0.03365384615384615 0.04326923076923077
0 0.28125 0.8701923076923077 0.04807692307692308 0.05048076923076923
0 0.24759615384615385 0.8725961538461539 0.036057692307692304 0.04567307692307692
1 0.12740384615384615 0.9206730769230769 0.028846153846153848 0.036057692307692304
1 0.34375 0.8557692307692307 0.040865384615384616 0.04567307692307692
0 0.9387019230769231 0.46033653846153844 0.11778846153846154 0.08413461538461539
0 0.8149038461538461 0.4495192307692308 0.09615384615384616 0.0625
0 0.6790865384615384 0.46153846153846156 0.021634615384615384 0.08653846153846154
0 0.9819711538461539 0.5060096153846154 0.03125 0.17548076923076922