0 0.3125 0.08413461538461539 0.0673076923076923 0.06971153846153846
0 0.055288461538461536 0.0985576923076923 0.057692307692307696 0.055288461538461536
0 0.1658653846153846 0.057692307692307696 0.05048076923076923 0.04567307692307692
0 0.021634615384615384 0.055288461538461536 0.04326923076923077 0.04567307692307692
0 0.20432692307692307 0.11538461538461539 0.07451923076923077 0.07451923076923077
0 0.9110576923076923 0.48197115384615385 0.17307692307692307 0.16105769230769232
0 0.9278846153846154 0.3629807692307692 0.0625 0.052884615384615384
0 0.8197115384615384 0.34375 0.05048076923076923 0.05048076923076923
0 0.7427884615384616 0.31971153846153844 0.03125 0.03365384615384615
0 0.6610576923076923 0.31490384615384615 0.026442307692307692 0.03125
0 0.14903846153846154 0.6069711538461539 0.10576923076923077 0.036057692307692304
0 0.07692307692307693 0.6153846153846154 0.036057692307692304 0.04807692307692308
0 0.5 0.6850961538461539 0.09134615384615384 0.10817307692307693
0 0.6778846153846154 0.8774038461538461 0.0889423076923077 0.0889423076923077