1 0.53125 0.3293269230769231 0.08173076923076923 0.10096153846153846
1 0.1971153846153846 0.3076923076923077 0.07451923076923077 0.10096153846153846
1 0.036057692307692304 0.3245192307692308 0.0673076923076923 0.07692307692307693
1 0.32211538461538464 0.3317307692307692 0.05048076923076923 0.0673076923076923
1 0.3629807692307692 0.33653846153846156 0.038461538461538464 0.04807692307692308
1 0.46634615384615385 0.33413461538461536 0.036057692307692304 0.04567307692307692
1 0.5769230769230769 0.3245192307692308 0.04326923076923077 0.04807692307692308
1 0.8052884615384616 0.08653846153846154 0.05048076923076923 0.06971153846153846
1 0.9471153846153846 0.0673076923076923 0.05048076923076923 0.06971153846153846
1 0.7355769230769231 0.07692307692307693 0.04567307692307692 0.055288461538461536
1 0.9927884615384616 0.08774038461538461 0.009615384615384616 0.036057692307692304
1 0.4050480769230769 0.4579326923076923 0.07932692307692307 0.07932692307692307
1 0.23317307692307693 0.47596153846153844 0.07932692307692307 0.08653846153846154
1 0.13701923076923078 0.4855769230769231 0.06971153846153846 0.08173076923076923
1 0.0673076923076923 0.47596153846153844 0.052884615384615384 0.07451923076923077
1 0.5120192307692307 0.4879807692307692 0.06490384615384616 0.07932692307692307
0 0.7331730769230769 0.6730769230769231 0.04807692307692308 0.16826923076923078
0 0.8942307692307693 0.7548076923076923 0.09615384615384616 0.12980769230769232