0 0.41947115384615385 0.036057692307692304 0.036057692307692304 0.07211538461538461
0 0.20793269230769232 0.016826923076923076 0.10817307692307693 0.03365384615384615
0 0.3233173076923077 0.028846153846153848 0.09375 0.057692307692307696
0 0.8798076923076923 0.15625 0.13701923076923078 0.15625
0 0.390625 0.4831730769230769 0.09375 0.16826923076923078
1 0.13701923076923078 0.5072115384615384 0.12980769230769232 0.15865384615384615
0 0.6514423076923077 0.4206730769230769 0.0625 0.08413461538461539
0 0.5336538461538461 0.36538461538461536 0.08413461538461539 0.11057692307692307
0 0.8581730769230769 0.4879807692307692 0.04807692307692308 0.040865384615384616
0 0.7115384615384616 0.4375 0.057692307692307696 0.0673076923076923
0 0.8317307692307693 0.47596153846153844 0.0625 0.07211538461538461
0 0.9158653846153846 0.5096153846153846 0.026442307692307692 0.03365384615384615
0 0.8918269230769231 0.49278846153846156 0.026442307692307692 0.038461538461538464
0 0.9350961538461539 0.5096153846153846 0.021634615384615384 0.03125