1 0.41586538461538464 0.1971153846153846 0.04326923076923077 0.16826923076923078
1 0.11298076923076923 0.21875 0.13221153846153846 0.1875
1 0.010817307692307692 0.1971153846153846 0.021634615384615384 0.1346153846153846
1 0.2620192307692308 0.13942307692307693 0.10096153846153846 0.13701923076923078
0 0.6442307692307693 0.07692307692307693 0.057692307692307696 0.06009615384615385
0 0.9350961538461539 0.06009615384615385 0.04807692307692308 0.057692307692307696
0 0.7259615384615384 0.05048076923076923 0.052884615384615384 0.06009615384615385
0 0.5024038461538461 0.07932692307692307 0.05048076923076923 0.055288461538461536
0 0.4567307692307692 0.08653846153846154 0.03365384615384615 0.04807692307692308
0 0.7596153846153846 0.0673076923076923 0.03365384615384615 0.04326923076923077
1 0.9375 0.8149038461538461 0.06971153846153846 0.07932692307692307
1 0.5673076923076923 0.7788461538461539 0.07932692307692307 0.08173076923076923
1 0.7572115384615384 0.8076923076923077 0.06490384615384616 0.08173076923076923