0 0.2692307692307692 0.30288461538461536 0.08173076923076923 0.09375
0 0.35697115384615385 0.2956730769230769 0.016826923076923076 0.09615384615384616
0 0.39663461538461536 0.4098557692307692 0.057692307692307696 0.11298076923076923
0 0.5072115384615384 0.24759615384615385 0.07692307692307693 0.07692307692307693
0 0.6442307692307693 0.39663461538461536 0.10817307692307693 0.11057692307692307
0 0.7980769230769231 0.19230769230769232 0.08653846153846154 0.09375
0 0.9302884615384616 0.3485576923076923 0.125 0.10576923076923077
0 0.8966346153846154 0.27403846153846156 0.09375 0.08653846153846154
0 0.9302884615384616 0.6153846153846154 0.1346153846153846 0.15865384615384615
0 0.04807692307692308 0.9206730769230769 0.04807692307692308 0.06009615384615385
0 0.31009615384615385 0.9591346153846154 0.04567307692307692 0.055288461538461536
0 0.5973557692307693 0.8004807692307693 0.10336538461538461 0.08173076923076923