0 0.025240384615384616 0.1466346153846154 0.05048076923076923 0.08653846153846154
0 0.22355769230769232 0.21394230769230768 0.04807692307692308 0.040865384615384616
0 0.07692307692307693 0.16346153846153846 0.057692307692307696 0.0673076923076923
0 0.1971153846153846 0.20192307692307693 0.0625 0.07211538461538461
0 0.28125 0.23557692307692307 0.026442307692307692 0.03365384615384615
0 0.25721153846153844 0.21875 0.026442307692307692 0.038461538461538464
0 0.3004807692307692 0.23557692307692307 0.021634615384615384 0.03125
0 0.6129807692307693 0.20673076923076922 0.03125 0.028846153846153848
0 0.7283653846153846 0.14423076923076922 0.026442307692307692 0.03125
0 0.7884615384615384 0.13701923076923078 0.026442307692307692 0.03125
0 0.8413461538461539 0.16346153846153846 0.02403846153846154 0.03365384615384615
0 0.7884615384615384 0.23076923076923078 0.028846153846153848 0.03125
0 0.28365384615384615 0.71875 0.06009615384615385 0.06971153846153846
1 0.036057692307692304 0.7512019230769231 0.07211538461538461 0.10817307692307693
1 0.2091346153846154 0.7788461538461539 0.10096153846153846 0.09375
0 0.9723557692307693 0.6754807692307693 0.05048076923076923 0.03365384615384615