0 0.3629807692307692 0.038461538461538464 0.03365384615384615 0.052884615384615384
0 0.4326923076923077 0.040865384615384616 0.038461538461538464 0.057692307692307696
0 0.5264423076923077 0.040865384615384616 0.036057692307692304 0.06009615384615385
0 0.5985576923076923 0.052884615384615384 0.038461538461538464 0.05048076923076923
0 0.6754807692307693 0.0625 0.036057692307692304 0.06009615384615385
0 0.7596153846153846 0.057692307692307696 0.036057692307692304 0.057692307692307696
0 0.8533653846153846 0.057692307692307696 0.04326923076923077 0.052884615384615384
0 0.9447115384615384 0.06490384615384616 0.03365384615384615 0.052884615384615384
0 0.1658653846153846 0.5769230769230769 0.12740384615384615 0.13701923076923078
0 0.1658653846153846 0.453125 0.12980769230769232 0.0889423076923077
0 0.3485576923076923 0.6694711538461539 0.057692307692307696 0.20432692307692307
0 0.7884615384615384 0.5817307692307693 0.13701923076923078 0.18509615384615385
1 0.6322115384615384 0.6418269230769231 0.09375 0.12740384615384615
1 0.7596153846153846 0.6778846153846154 0.08413461538461539 0.0985576923076923
0 0.7896634615384616 0.44471153846153844 0.14182692307692307 0.07211538461538461