0 0.5324519230769231 0.29447115384615385 0.06971153846153846 0.09375
0 0.056490384615384616 0.15865384615384615 0.11298076923076923 0.12980769230769232
0 0.30288461538461536 0.2283653846153846 0.10576923076923077 0.14423076923076922
0 0.4182692307692308 0.2668269230769231 0.09134615384615384 0.11538461538461539
0 0.010817307692307692 0.25240384615384615 0.021634615384615384 0.10576923076923077
0 0.056490384615384616 0.046875 0.11298076923076923 0.09375
0 0.30288461538461536 0.018028846153846152 0.11057692307692307 0.036057692307692304
0 0.625 0.15865384615384615 0.07932692307692307 0.08653846153846154
1 0.7379807692307693 0.16346153846153846 0.055288461538461536 0.0673076923076923
1 0.9723557692307693 0.17908653846153846 0.05048076923076923 0.06490384615384616
1 0.9110576923076923 0.19951923076923078 0.038461538461538464 0.05048076923076923
1 0.8605769230769231 0.19471153846153846 0.0625 0.0625
1 0.8221153846153846 0.21153846153846154 0.036057692307692304 0.06009615384615385
1 0.7740384615384616 0.20673076923076922 0.040865384615384616 0.055288461538461536
0 0.7548076923076923 0.6850961538461539 0.14423076923076922 0.16826923076923078