1 0.14903846153846154 0.2980769230769231 0.0889423076923077 0.10096153846153846
1 0.08653846153846154 0.20432692307692307 0.055288461538461536 0.06490384615384616
1 0.9375 0.08653846153846154 0.06971153846153846 0.08173076923076923
1 0.7932692307692307 0.08653846153846154 0.08173076923076923 0.09375
1 0.9879807692307693 0.11658653846153846 0.019230769230769232 0.055288461538461536
1 0.8894230769230769 0.11057692307692307 0.036057692307692304 0.07211538461538461
0 0.01201923076923077 0.6057692307692307 0.02403846153846154 0.09615384615384616
1 0.0625 0.6105769230769231 0.040865384615384616 0.05048076923076923
1 0.11538461538461539 0.625 0.057692307692307696 0.07451923076923077
0 0.1875 0.5961538461538461 0.055288461538461536 0.07211538461538461
0 0.3004807692307692 0.5865384615384616 0.06971153846153846 0.09375
1 0.3581730769230769 0.6009615384615384 0.055288461538461536 0.06971153846153846
1 0.42788461538461536 0.6057692307692307 0.0625 0.07932692307692307
1 0.5048076923076923 0.6177884615384616 0.052884615384615384 0.06971153846153846
1 0.5432692307692307 0.6129807692307693 0.03365384615384615 0.04567307692307692
0 0.6346153846153846 0.5600961538461539 0.04807692307692308 0.06009615384615385
0 0.8100961538461539 0.5889423076923077 0.052884615384615384 0.055288461538461536