0 0.45552884615384615 0.010817307692307692 0.06009615384615385 0.021634615384615384
0 0.7512019230769231 0.021634615384615384 0.05048076923076923 0.04326923076923077
0 0.6802884615384616 0.01201923076923077 0.057692307692307696 0.02403846153846154
0 0.8665865384615384 0.008413461538461538 0.055288461538461536 0.016826923076923076
0 0.3870192307692308 0.78125 0.055288461538461536 0.08413461538461539
0 0.10817307692307693 0.8028846153846154 0.057692307692307696 0.06971153846153846
0 0.021634615384615384 0.8028846153846154 0.04326923076923077 0.07211538461538461
0 0.29086538461538464 0.7884615384615384 0.0625 0.07211538461538461
0 0.16346153846153846 0.7932692307692307 0.04567307692307692 0.06490384615384616
0 0.33653846153846156 0.7836538461538461 0.03365384615384615 0.06971153846153846
0 0.7283653846153846 0.5600961538461539 0.27403846153846156 0.3245192307692308