0 0.08653846153846154 0.2932692307692308 0.06490384615384616 0.052884615384615384
0 0.5901442307692307 0.14783653846153846 0.2283653846153846 0.2956730769230769
0 0.11057692307692307 0.7307692307692307 0.04807692307692308 0.057692307692307696
0 0.24759615384615385 0.7043269230769231 0.03365384615384615 0.040865384615384616
0 0.2956730769230769 0.7019230769230769 0.026442307692307692 0.04807692307692308
0 0.31971153846153844 0.71875 0.026442307692307692 0.03365384615384615
0 0.36538461538461536 0.7211538461538461 0.026442307692307692 0.036057692307692304
0 0.09375 0.6923076923076923 0.03125 0.04326923076923077
0 0.057692307692307696 0.7067307692307693 0.03365384615384615 0.038461538461538464
0 0.8100961538461539 0.49038461538461536 0.08173076923076923 0.04326923076923077
0 0.9795673076923077 0.5216346153846154 0.036057692307692304 0.08173076923076923
1 0.4987980769230769 0.49038461538461536 0.08413461538461539 0.04326923076923077
1 0.6153846153846154 0.5432692307692307 0.04326923076923077 0.055288461538461536
1 0.6514423076923077 0.5192307692307693 0.04326923076923077 0.052884615384615384
1 0.7091346153846154 0.5600961538461539 0.03365384615384615 0.04326923076923077