0 0.10096153846153846 0.040865384615384616 0.0625 0.06490384615384616
1 0.8209134615384616 0.06009615384615385 0.13221153846153846 0.1201923076923077
1 0.6778846153846154 0.08173076923076923 0.07451923076923077 0.10336538461538461
1 0.5576923076923077 0.0985576923076923 0.06490384615384616 0.07692307692307693
0 0.015625 0.9278846153846154 0.03125 0.08653846153846154
0 0.057692307692307696 0.9158653846153846 0.055288461538461536 0.06971153846153846
0 0.12980769230769232 0.9254807692307693 0.07692307692307693 0.06971153846153846
0 0.1875 0.9110576923076923 0.057692307692307696 0.06009615384615385
0 0.25240384615384615 0.9206730769230769 0.052884615384615384 0.07451923076923077
0 0.3076923076923077 0.9375 0.057692307692307696 0.0625
0 0.35336538461538464 0.9399038461538461 0.04567307692307692 0.055288461538461536
0 0.40865384615384615 0.9302884615384616 0.05048076923076923 0.057692307692307696
0 0.46274038461538464 0.9459134615384616 0.026442307692307692 0.06971153846153846
0 0.9471153846153846 0.8485576923076923 0.06009615384615385 0.06490384615384616
0 0.6923076923076923 0.9495192307692307 0.040865384615384616 0.04807692307692308
0 0.5084134615384616 0.796875 0.06009615384615385 0.06009615384615385