0 0.31009615384615385 0.09375 0.12259615384615384 0.15144230769230768
0 0.016826923076923076 0.13221153846153846 0.03365384615384615 0.09134615384615384
0 0.5024038461538461 0.19951923076923078 0.07451923076923077 0.07932692307692307
1 0.7019230769230769 0.20192307692307693 0.0625 0.0625
1 0.8389423076923077 0.20673076923076922 0.10576923076923077 0.10576923076923077
1 0.7692307692307693 0.20432692307692307 0.06009615384615385 0.07451923076923077
0 0.013221153846153846 0.8004807692307693 0.026442307692307692 0.04807692307692308
0 0.0985576923076923 0.8004807692307693 0.05048076923076923 0.05048076923076923
0 0.3173076923076923 0.8076923076923077 0.040865384615384616 0.038461538461538464
0 0.45072115384615385 0.8389423076923077 0.04567307692307692 0.14423076923076922
1 0.5985576923076923 0.8605769230769231 0.10576923076923077 0.09615384615384616