0 0.15745192307692307 0.013221153846153846 0.06009615384615385 0.026442307692307692
0 0.29927884615384615 0.01201923076923077 0.06009615384615385 0.02403846153846154
1 0.5576923076923077 0.038461538461538464 0.07211538461538461 0.07692307692307693
1 0.7848557692307693 0.013221153846153846 0.06009615384615385 0.026442307692307692
1 0.4735576923076923 0.038461538461538464 0.04567307692307692 0.052884615384615384
1 0.6430288461538461 0.025240384615384616 0.04567307692307692 0.05048076923076923
0 0.25721153846153844 0.7860576923076923 0.125 0.10096153846153846
0 0.28846153846153844 0.7740384615384616 0.08413461538461539 0.08173076923076923
0 0.25721153846153844 0.5697115384615384 0.12980769230769232 0.02403846153846154
0 0.28846153846153844 0.5697115384615384 0.08653846153846154 0.02403846153846154
0 0.8413461538461539 0.6682692307692307 0.09134615384615384 0.10576923076923077