0 0.22596153846153846 0.15144230769230768 0.17548076923076922 0.20432692307692307
0 0.11538461538461539 0.13942307692307693 0.15144230769230768 0.19471153846153846
0 0.056490384615384616 0.04326923076923077 0.11298076923076923 0.08653846153846154
0 0.46153846153846156 0.38100961538461536 0.04807692307692308 0.01201923076923077
0 0.5048076923076923 0.24519230769230768 0.055288461538461536 0.055288461538461536
0 0.7067307692307693 0.24519230769230768 0.055288461538461536 0.052884615384615384
0 0.9711538461538461 0.24639423076923078 0.052884615384615384 0.055288461538461536
0 0.296875 0.7584134615384616 0.13701923076923078 0.15144230769230768
0 0.6370192307692307 0.875 0.04807692307692308 0.06009615384615385
0 0.8125 0.75 0.04567307692307692 0.05048076923076923
0 0.8557692307692307 0.59375 0.055288461538461536 0.055288461538461536
0 0.4110576923076923 0.875 0.04807692307692308 0.06009615384615385