1 0.3317307692307692 0.4230769230769231 0.05048076923076923 0.0673076923076923
1 0.22115384615384615 0.39903846153846156 0.05048076923076923 0.0625
1 0.11778846153846154 0.39903846153846156 0.040865384615384616 0.06490384615384616
1 0.28125 0.4230769230769231 0.04567307692307692 0.06490384615384616
1 0.5576923076923077 0.13701923076923078 0.14182692307692307 0.18990384615384615
1 0.8365384615384616 0.11538461538461539 0.1201923076923077 0.16346153846153846
0 0.2692307692307692 0.7043269230769231 0.16105769230769232 0.18990384615384615
1 0.5889423076923077 0.59375 0.08173076923076923 0.0985576923076923
1 0.7259615384615384 0.6201923076923077 0.09615384615384616 0.09375
1 0.9915865384615384 0.5985576923076923 0.01201923076923077 0.07692307692307693
1 0.5216346153846154 0.5649038461538461 0.06009615384615385 0.07932692307692307
1 0.8846153846153846 0.5673076923076923 0.052884615384615384 0.06490384615384616
1 0.8341346153846154 0.5600961538461539 0.04567307692307692 0.055288461538461536
1 0.7235576923076923 0.5528846153846154 0.055288461538461536 0.057692307692307696