1 0.018028846153846152 0.31490384615384615 0.036057692307692304 0.10096153846153846
1 0.2091346153846154 0.34134615384615385 0.06971153846153846 0.0889423076923077
1 0.31971153846153844 0.3125 0.04807692307692308 0.07692307692307693
1 0.3605769230769231 0.31971153846153844 0.052884615384615384 0.07932692307692307
1 0.5120192307692307 0.35096153846153844 0.03125 0.03365384615384615
0 0.8858173076923077 0.02403846153846154 0.11778846153846154 0.04807692307692308
0 0.6370192307692307 0.01201923076923077 0.0673076923076923 0.02403846153846154
0 0.5913461538461539 0.010817307692307692 0.04326923076923077 0.021634615384615384
0 0.7067307692307693 0.019230769230769232 0.057692307692307696 0.038461538461538464
0 0.7596153846153846 0.7740384615384616 0.07211538461538461 0.07692307692307693
0 0.6586538461538461 0.7451923076923077 0.06009615384615385 0.07211538461538461
0 0.6274038461538461 0.5961538461538461 0.040865384615384616 0.040865384615384616
0 0.90625 0.6730769230769231 0.04567307692307692 0.055288461538461536
0 0.8341346153846154 0.6538461538461539 0.04567307692307692 0.04567307692307692
0 0.8004807692307693 0.6370192307692307 0.038461538461538464 0.04567307692307692
0 0.6778846153846154 0.6009615384615384 0.038461538461538464 0.04567307692307692
0 0.7067307692307693 0.6033653846153846 0.03365384615384615 0.040865384615384616
0 0.6442307692307693 0.5697115384615384 0.038461538461538464 0.03365384615384615
0 0.65625 0.5456730769230769 0.03365384615384615 0.03365384615384615
0 0.7475961538461539 0.6153846153846154 0.040865384615384616 0.038461538461538464
0 0.8269230769230769 0.6033653846153846 0.04567307692307692 0.04326923076923077
0 0.7644230769230769 0.5600961538461539 0.03365384615384615 0.03125
0 0.9927884615384616 0.6237980769230769 0.009615384615384616 0.05048076923076923
0 0.9134615384615384 0.5372596153846154 0.028846153846153848 0.016826923076923076
0 0.7908653846153846 0.5372596153846154 0.02403846153846154 0.016826923076923076