0 0.25721153846153844 0.37740384615384615 0.0673076923076923 0.057692307692307696
0 0.8653846153846154 0.16105769230769232 0.09134615384615384 0.08173076923076923
0 0.8665865384615384 0.010817307692307692 0.09375 0.021634615384615384
0 0.34134615384615385 0.8677884615384616 0.05048076923076923 0.05048076923076923
0 0.13221153846153846 0.7379807692307693 0.038461538461538464 0.036057692307692304
0 0.016826923076923076 0.7211538461538461 0.03125 0.03365384615384615
0 0.1466346153846154 0.7956730769230769 0.026442307692307692 0.02403846153846154
0 0.2980769230769231 0.6826923076923077 0.02403846153846154 0.028846153846153848
0 0.2668269230769231 0.6730769230769231 0.028846153846153848 0.028846153846153848
0 0.5336538461538461 0.6682692307692307 0.040865384615384616 0.03365384615384615
0 0.036057692307692304 0.6850961538461539 0.021634615384615384 0.02403846153846154
0 0.9278846153846154 0.7115384615384616 0.0625 0.06490384615384616
0 0.8293269230769231 0.6105769230769231 0.07692307692307693 0.06009615384615385