0 0.5288461538461539 0.41346153846153844 0.03125 0.040865384615384616
0 0.5709134615384616 0.4110576923076923 0.03125 0.04807692307692308
0 0.6418269230769231 0.40384615384615385 0.10576923076923077 0.1346153846153846
0 0.6129807692307693 0.3317307692307692 0.04807692307692308 0.125
0 0.7403846153846154 0.34615384615384615 0.13701923076923078 0.18509615384615385
0 0.7043269230769231 0.2932692307692308 0.11778846153846154 0.11057692307692307
1 0.34134615384615385 0.90625 0.0673076923076923 0.08653846153846154
1 0.25721153846153844 0.8822115384615384 0.08653846153846154 0.10096153846153846
1 0.5600961538461539 0.9122596153846154 0.052884615384615384 0.08413461538461539
1 0.039663461538461536 0.8605769230769231 0.07932692307692307 0.1201923076923077
1 0.40384615384615385 0.8966346153846154 0.0625 0.07932692307692307
1 0.07692307692307693 0.8846153846153846 0.04567307692307692 0.08173076923076923