0 0.15625 0.38461538461538464 0.07211538461538461 0.09375
0 0.2403846153846154 0.4014423076923077 0.057692307692307696 0.07211538461538461
0 0.3858173076923077 0.41346153846153844 0.021634615384615384 0.0625
0 0.11057692307692307 0.42788461538461536 0.05048076923076923 0.0625
0 0.06490384615384616 0.4110576923076923 0.038461538461538464 0.0625
0 0.34615384615384615 0.4182692307692308 0.036057692307692304 0.057692307692307696
0 0.27403846153846156 0.41346153846153844 0.036057692307692304 0.0673076923076923
0 0.44591346153846156 0.026442307692307692 0.06490384615384616 0.052884615384615384
0 0.7668269230769231 0.28125 0.04326923076923077 0.04567307692307692
0 0.9447115384615384 0.27403846153846156 0.036057692307692304 0.03365384615384615
0 0.90625 0.25240384615384615 0.038461538461538464 0.04326923076923077
0 0.4735576923076923 0.13221153846153846 0.05048076923076923 0.057692307692307696
0 0.8028846153846154 0.125 0.040865384615384616 0.04567307692307692
0 0.5072115384615384 0.02403846153846154 0.036057692307692304 0.04326923076923077
0 0.9519230769230769 0.06490384615384616 0.03125 0.03365384615384615
0 0.5384615384615384 0.055288461538461536 0.03365384615384615 0.040865384615384616
0 0.7644230769230769 0.1971153846153846 0.038461538461538464 0.038461538461538464
0 0.7139423076923077 0.21153846153846154 0.028846153846153848 0.038461538461538464
0 0.7764423076923077 0.0985576923076923 0.028846153846153848 0.03125
0 0.7403846153846154 0.21153846153846154 0.03125 0.040865384615384616
0 0.5024038461538461 0.8076923076923077 0.19471153846153846 0.22355769230769232