0 0.43028846153846156 0.20192307692307693 0.18269230769230768 0.23317307692307693
0 0.15865384615384615 0.2860576923076923 0.19230769230769232 0.29086538461538464
0 0.43149038461538464 0.04567307692307692 0.18990384615384615 0.09134615384615384
0 0.15865384615384615 0.018028846153846152 0.1971153846153846 0.036057692307692304
0 0.6346153846153846 0.35096153846153844 0.04807692307692308 0.055288461538461536
1 0.8605769230769231 0.35336538461538464 0.04567307692307692 0.055288461538461536
1 0.9891826923076923 0.34134615384615385 0.016826923076923076 0.057692307692307696
0 0.20072115384615385 0.65625 0.19471153846153846 0.11538461538461539
0 0.4170673076923077 0.6322115384615384 0.06009615384615385 0.0673076923076923
0 0.8173076923076923 0.6490384615384616 0.057692307692307696 0.07932692307692307
0 0.9783653846153846 0.6394230769230769 0.038461538461538464 0.08173076923076923
0 0.7379807692307693 0.6370192307692307 0.052884615384615384 0.07692307692307693
0 0.8942307692307693 0.6286057692307693 0.052884615384615384 0.06009615384615385