1 0.38822115384615385 0.020432692307692308 0.17548076923076922 0.040865384615384616
0 0.9735576923076923 0.3425480769230769 0.04807692307692308 0.026442307692307692
0 0.3004807692307692 0.4362980769230769 0.1201923076923077 0.15625
0 0.44711538461538464 0.4699519230769231 0.057692307692307696 0.19471153846153846
1 0.4987980769230769 0.5456730769230769 0.040865384615384616 0.10096153846153846
1 0.5769230769230769 0.5600961538461539 0.05048076923076923 0.057692307692307696
1 0.6370192307692307 0.5552884615384616 0.0673076923076923 0.08173076923076923
0 0.7067307692307693 0.5697115384615384 0.03365384615384615 0.052884615384615384
1 0.7427884615384616 0.5504807692307693 0.052884615384615384 0.06971153846153846
1 0.7788461538461539 0.5600961538461539 0.03125 0.04807692307692308
0 0.8509615384615384 0.5721153846153846 0.021634615384615384 0.04567307692307692
1 0.8822115384615384 0.5721153846153846 0.04326923076923077 0.055288461538461536
0 0.9591346153846154 0.5576923076923077 0.04326923076923077 0.0625