1 0.3894230769230769 0.014423076923076924 0.0673076923076923 0.028846153846153848
1 0.11057692307692307 0.02403846153846154 0.07692307692307693 0.04807692307692308
1 0.3076923076923077 0.013221153846153846 0.09134615384615384 0.026442307692307692
1 0.23918269230769232 0.025240384615384616 0.06490384615384616 0.05048076923076923
1 0.05048076923076923 0.020432692307692308 0.057692307692307696 0.040865384615384616
1 0.17668269230769232 0.025240384615384616 0.055288461538461536 0.05048076923076923
0 0.8245192307692307 0.10096153846153846 0.057692307692307696 0.07932692307692307
0 0.5985576923076923 0.09375 0.055288461538461536 0.07451923076923077
0 0.4651442307692308 0.12860576923076922 0.01201923076923077 0.036057692307692304
0 0.7896634615384616 0.5492788461538461 0.06971153846153846 0.06009615384615385
0 0.9266826923076923 0.5480769230769231 0.06971153846153846 0.057692307692307696
0 0.6153846153846154 0.5492788461538461 0.07692307692307693 0.06009615384615385
0 0.5252403846153846 0.5576923076923077 0.06009615384615385 0.07692307692307693
0 0.7211538461538461 0.5552884615384616 0.04326923076923077 0.0625