0 0.47596153846153844 0.31971153846153844 0.05048076923076923 0.0625
0 0.3329326923076923 0.44591346153846156 0.0889423076923077 0.11298076923076923
0 0.78125 0.7067307692307693 0.18028846153846154 0.20673076923076922
1 0.5817307692307693 0.7019230769230769 0.15384615384615385 0.1971153846153846
1 0.9675480769230769 0.6923076923076923 0.06009615384615385 0.07211538461538461
1 0.9423076923076923 0.6490384615384616 0.04326923076923077 0.052884615384615384
1 0.8822115384615384 0.6899038461538461 0.04567307692307692 0.052884615384615384
1 0.6971153846153846 0.6778846153846154 0.038461538461538464 0.05048076923076923
0 0.7836538461538461 0.4098557692307692 0.1875 0.040865384615384616
1 0.5829326923076923 0.4098557692307692 0.16105769230769232 0.040865384615384616
1 0.9435096153846154 0.39903846153846156 0.04567307692307692 0.019230769230769232