0 0.021634615384615384 0.3485576923076923 0.04326923076923077 0.14903846153846154
0 0.7896634615384616 0.04326923076923077 0.10817307692307693 0.08653846153846154
0 0.6466346153846154 0.028846153846153848 0.10576923076923077 0.057692307692307696
0 0.9483173076923077 0.036057692307692304 0.0985576923076923 0.07211538461538461
0 0.028846153846153848 0.6875 0.04567307692307692 0.04567307692307692
0 0.8197115384615384 0.6442307692307693 0.10336538461538461 0.12259615384615384
1 0.5168269230769231 0.65625 0.08173076923076923 0.09375
1 0.625 0.6850961538461539 0.04326923076923077 0.055288461538461536
1 0.6995192307692307 0.6706730769230769 0.03365384615384615 0.03365384615384615
1 0.6706730769230769 0.6610576923076923 0.026442307692307692 0.040865384615384616
1 0.7524038461538461 0.65625 0.036057692307692304 0.038461538461538464
1 0.8918269230769231 0.6466346153846154 0.03365384615384615 0.040865384615384616
1 0.5841346153846154 0.6586538461538461 0.03125 0.038461538461538464