0 0.2403846153846154 0.14423076923076922 0.04326923076923077 0.04567307692307692
0 0.546875 0.2644230769230769 0.040865384615384616 0.07692307692307693
0 0.4182692307692308 0.13701923076923078 0.036057692307692304 0.03365384615384615
0 0.3798076923076923 0.11538461538461539 0.038461538461538464 0.04326923076923077
0 0.2764423076923077 0.006009615384615385 0.04326923076923077 0.01201923076923077
0 0.5456730769230769 0.052884615384615384 0.04326923076923077 0.04807692307692308
0 0.23798076923076922 0.06009615384615385 0.038461538461538464 0.038461538461538464
0 0.1875 0.07451923076923077 0.028846153846153848 0.038461538461538464
0 0.21394230769230768 0.07451923076923077 0.03125 0.040865384615384616
0 0.7403846153846154 0.11538461538461539 0.06971153846153846 0.11538461538461539
1 0.8725961538461539 0.11538461538461539 0.125 0.15384615384615385
1 0.5913461538461539 0.19230769230769232 0.04326923076923077 0.08173076923076923
0 0.4014423076923077 0.7740384615384616 0.1466346153846154 0.1875
0 0.8774038461538461 0.7379807692307693 0.09615384615384616 0.125
0 0.65625 0.7451923076923077 0.05048076923076923 0.06490384615384616