0 0.71875 0.125 0.03125 0.036057692307692304
0 0.28365384615384615 0.4014423076923077 0.14903846153846154 0.125
0 0.15625 0.41586538461538464 0.11298076923076923 0.12980769230769232
0 0.25240384615384615 0.3557692307692308 0.1201923076923077 0.03365384615384615
0 0.9038461538461539 0.4807692307692308 0.07932692307692307 0.0985576923076923
0 0.7740384615384616 0.5024038461538461 0.052884615384615384 0.06971153846153846
0 0.6730769230769231 0.5 0.04807692307692308 0.0673076923076923
0 0.44591346153846156 0.5456730769230769 0.01201923076923077 0.057692307692307696
0 0.5576923076923077 0.6225961538461539 0.04326923076923077 0.04807692307692308
0 0.4855769230769231 0.5673076923076923 0.036057692307692304 0.052884615384615384
0 0.5841346153846154 0.5264423076923077 0.04567307692307692 0.055288461538461536
0 0.7211538461538461 0.5144230769230769 0.04326923076923077 0.057692307692307696