0 0.24759615384615385 0.08173076923076923 0.06971153846153846 0.0985576923076923
1 0.7584134615384616 0.04447115384615385 0.08413461538461539 0.0889423076923077
1 0.6490384615384616 0.030048076923076924 0.0625 0.06009615384615385
1 0.8701923076923077 0.027644230769230768 0.04326923076923077 0.055288461538461536
1 0.8197115384615384 0.03365384615384615 0.04807692307692308 0.0625
1 0.17307692307692307 0.5865384615384616 0.0673076923076923 0.09134615384615384
1 0.6033653846153846 0.5865384615384616 0.02403846153846154 0.07692307692307693
1 0.2644230769230769 0.6081730769230769 0.057692307692307696 0.06971153846153846
1 0.47596153846153844 0.5889423076923077 0.07692307692307693 0.09134615384615384
1 0.375 0.6153846153846154 0.052884615384615384 0.06971153846153846
1 0.44471153846153844 0.59375 0.03365384615384615 0.07451923076923077
0 0.6971153846153846 0.8870192307692307 0.04807692307692308 0.06971153846153846
0 0.8076923076923077 0.8846153846153846 0.04807692307692308 0.06490384615384616