1 0.25961538461538464 0.04326923076923077 0.09615384615384616 0.08653846153846154
1 0.06009615384615385 0.1658653846153846 0.055288461538461536 0.07211538461538461
1 0.15384615384615385 0.18990384615384615 0.036057692307692304 0.05048076923076923
0 0.7091346153846154 0.3557692307692308 0.036057692307692304 0.040865384615384616
0 0.9711538461538461 0.43028846153846156 0.036057692307692304 0.03125
0 0.9855769230769231 0.38221153846153844 0.026442307692307692 0.02403846153846154
0 0.8028846153846154 0.3870192307692308 0.019230769230769232 0.03125
0 0.7091346153846154 0.052884615384615384 0.036057692307692304 0.040865384615384616
0 0.9855769230769231 0.026442307692307692 0.026442307692307692 0.02403846153846154
0 0.8028846153846154 0.021634615384615384 0.019230769230769232 0.03125
0 0.19230769230769232 0.9495192307692307 0.040865384615384616 0.05048076923076923
0 0.19230769230769232 0.7247596153846154 0.04326923076923077 0.01201923076923077
0 0.9170673076923077 0.9459134615384616 0.13701923076923078 0.10336538461538461
0 0.8197115384615384 0.7475961538461539 0.1346153846153846 0.057692307692307696