1 0.36658653846153844 0.008413461538461538 0.07451923076923077 0.016826923076923076
1 0.042067307692307696 0.010817307692307692 0.06490384615384616 0.021634615384615384
0 0.9110576923076923 0.3954326923076923 0.17307692307692307 0.2620192307692308
0 0.5600961538461539 0.7788461538461539 0.040865384615384616 0.052884615384615384
1 0.4230769230769231 0.7692307692307693 0.0673076923076923 0.08173076923076923
1 0.025240384615384616 0.765625 0.05048076923076923 0.09375
1 0.31971153846153844 0.7764423076923077 0.055288461538461536 0.07451923076923077
1 0.6177884615384616 0.8125 0.057692307692307696 0.07451923076923077
1 0.07211538461538461 0.7908653846153846 0.05048076923076923 0.0673076923076923
0 0.5913461538461539 0.7764423076923077 0.036057692307692304 0.055288461538461536
0 0.19230769230769232 0.7596153846153846 0.040865384615384616 0.055288461538461536
0 0.24278846153846154 0.7716346153846154 0.04326923076923077 0.057692307692307696
0 0.3798076923076923 0.7427884615384616 0.04326923076923077 0.0625
0 0.28125 0.75 0.055288461538461536 0.0673076923076923