0 0.4495192307692308 0.35336538461538464 0.04567307692307692 0.04807692307692308
0 0.5012019230769231 0.39783653846153844 0.06009615384615385 0.036057692307692304
0 0.8954326923076923 0.015625 0.04567307692307692 0.03125
0 0.49278846153846156 0.6995192307692307 0.25 0.23557692307692307
0 0.7644230769230769 0.7355769230769231 0.11057692307692307 0.12740384615384615
0 0.8774038461538461 0.7524038461538461 0.05048076923076923 0.06009615384615385
0 0.9230769230769231 0.7884615384615384 0.038461538461538464 0.06490384615384616
0 0.9591346153846154 0.7932692307692307 0.03125 0.04807692307692308
0 0.49278846153846156 0.5012019230769231 0.25 0.1658653846153846
0 0.7644230769230769 0.45552884615384615 0.11538461538461539 0.07451923076923077
0 0.8774038461538461 0.43028846153846156 0.052884615384615384 0.02403846153846154