1 0.10817307692307693 0.10817307692307693 0.057692307692307696 0.0673076923076923
1 0.06009615384615385 0.10336538461538461 0.028846153846153848 0.03365384615384615
1 0.22596153846153846 0.11298076923076923 0.03365384615384615 0.04567307692307692
1 0.2620192307692308 0.0985576923076923 0.04567307692307692 0.05048076923076923
1 0.2932692307692308 0.10096153846153846 0.036057692307692304 0.04567307692307692
1 0.37259615384615385 0.0985576923076923 0.03125 0.04567307692307692
1 0.4567307692307692 0.11538461538461539 0.038461538461538464 0.04326923076923077
1 0.5817307692307693 0.10096153846153846 0.038461538461538464 0.04567307692307692
1 0.7716346153846154 0.21634615384615385 0.04807692307692308 0.057692307692307696
1 0.9230769230769231 0.25 0.04567307692307692 0.052884615384615384
0 0.33413461538461536 0.9447115384615384 0.057692307692307696 0.057692307692307696
0 0.2091346153846154 0.8485576923076923 0.04567307692307692 0.04326923076923077
0 0.2620192307692308 0.8293269230769231 0.04567307692307692 0.040865384615384616
0 0.36538461538461536 0.8197115384615384 0.040865384615384616 0.03125
0 0.6622596153846154 0.859375 0.026442307692307692 0.036057692307692304