1 0.15865384615384615 0.3161057692307692 0.09134615384615384 0.07932692307692307
1 0.2620192307692308 0.2932692307692308 0.06971153846153846 0.06971153846153846
1 0.0673076923076923 0.25721153846153844 0.04326923076923077 0.06009615384615385
0 0.2932692307692308 0.8173076923076923 0.028846153846153848 0.038461538461538464
0 0.014423076923076924 0.8149038461538461 0.028846153846153848 0.04807692307692308
0 0.10817307692307693 0.78125 0.05048076923076923 0.07451923076923077
0 0.18509615384615385 0.8317307692307693 0.038461538461538464 0.057692307692307696
0 0.21394230769230768 0.8125 0.026442307692307692 0.03365384615384615
0 0.3485576923076923 0.8197115384615384 0.028846153846153848 0.040865384615384616
0 0.38461538461538464 0.7980769230769231 0.04807692307692308 0.0673076923076923
1 0.46634615384615385 0.7475961538461539 0.052884615384615384 0.08173076923076923
1 0.6850961538461539 0.7572115384615384 0.04567307692307692 0.057692307692307696
1 0.4387019230769231 0.7632211538461539 0.021634615384615384 0.06490384615384616
1 0.5817307692307693 0.7355769230769231 0.03125 0.040865384615384616
1 0.6394230769230769 0.75 0.036057692307692304 0.052884615384615384
1 0.7572115384615384 0.7403846153846154 0.04326923076923077 0.04567307692307692
1 0.8725961538461539 0.7403846153846154 0.04326923076923077 0.055288461538461536
1 0.9591346153846154 0.75 0.038461538461538464 0.04326923076923077
1 0.6057692307692307 0.7475961538461539 0.016826923076923076 0.03125