1 0.019230769230769232 0.2091346153846154 0.026442307692307692 0.03125
1 0.08413461538461539 0.21394230769230768 0.040865384615384616 0.04326923076923077
1 0.15384615384615385 0.20673076923076922 0.038461538461538464 0.04326923076923077
1 0.22115384615384615 0.19951923076923078 0.038461538461538464 0.038461538461538464
1 0.2668269230769231 0.19951923076923078 0.02403846153846154 0.036057692307692304
1 0.31490384615384615 0.19471153846153846 0.038461538461538464 0.04567307692307692
1 0.375 0.19471153846153846 0.021634615384615384 0.03125
1 0.5072115384615384 0.1466346153846154 0.0673076923076923 0.09375
1 0.4206730769230769 0.1814903846153846 0.0625 0.07932692307692307
1 0.8822115384615384 0.21875 0.0889423076923077 0.10096153846153846
1 0.5793269230769231 0.20432692307692307 0.036057692307692304 0.052884615384615384
0 0.6634615384615384 0.19230769230769232 0.036057692307692304 0.055288461538461536
1 0.10576923076923077 0.6105769230769231 0.04807692307692308 0.06490384615384616
1 0.23076923076923078 0.59375 0.052884615384615384 0.07211538461538461
1 0.38221153846153844 0.6045673076923077 0.009615384615384616 0.06490384615384616
0 0.9074519230769231 0.7980769230769231 0.18028846153846154 0.39903846153846156
0 0.90625 0.5168269230769231 0.18269230769230768 0.09615384615384616