1 0.2932692307692308 0.11778846153846154 0.10576923076923077 0.12980769230769232
1 0.5829326923076923 0.140625 0.06490384615384616 0.0985576923076923
1 0.15384615384615385 0.10096153846153846 0.07932692307692307 0.10576923076923077
1 0.45913461538461536 0.1466346153846154 0.0889423076923077 0.12980769230769232
1 0.3798076923076923 0.12259615384615384 0.06490384615384616 0.09615384615384616
1 0.021634615384615384 0.10576923076923077 0.04326923076923077 0.09134615384615384
1 0.21394230769230768 0.12980769230769232 0.052884615384615384 0.0889423076923077
1 0.6346153846153846 0.28846153846153844 0.03365384615384615 0.1346153846153846
1 0.9086538461538461 0.2860576923076923 0.13942307692307693 0.13942307692307693
0 0.4411057692307692 0.734375 0.18028846153846154 0.27163461538461536
0 0.5528846153846154 0.9471153846153846 0.125 0.10096153846153846
1 0.8701923076923077 0.8605769230769231 0.06009615384615385 0.08413461538461539
1 0.7475961538461539 0.8509615384615384 0.055288461538461536 0.0673076923076923
1 0.9375 0.8629807692307693 0.04567307692307692 0.057692307692307696
1 0.9735576923076923 0.8725961538461539 0.028846153846153848 0.04807692307692308