0 0.4675480769230769 0.01201923076923077 0.05048076923076923 0.02403846153846154
0 0.41346153846153844 0.013221153846153846 0.04807692307692308 0.026442307692307692
0 0.6274038461538461 0.019230769230769232 0.10576923076923077 0.038461538461538464
0 0.7740384615384616 0.030048076923076924 0.07211538461538461 0.06009615384615385
0 0.6766826923076923 0.020432692307692308 0.06009615384615385 0.040865384615384616
0 0.12259615384615384 0.5625 0.09615384615384616 0.10336538461538461
0 0.5600961538461539 0.6045673076923077 0.10096153846153846 0.1658653846153846
0 0.6033653846153846 0.7764423076923077 0.08173076923076923 0.09375
0 0.6754807692307693 0.7836538461538461 0.057692307692307696 0.0625
0 0.6105769230769231 0.6899038461538461 0.03125 0.038461538461538464
0 0.7091346153846154 0.7596153846153846 0.04326923076923077 0.038461538461538464
0 0.8389423076923077 0.7475961538461539 0.03125 0.036057692307692304
0 0.9519230769230769 0.7019230769230769 0.02403846153846154 0.03365384615384615
0 0.7956730769230769 0.7307692307692307 0.03125 0.03365384615384615
0 0.8485576923076923 0.7091346153846154 0.02403846153846154 0.03365384615384615
0 0.7067307692307693 0.6899038461538461 0.03365384615384615 0.036057692307692304
0 0.8221153846153846 0.6923076923076923 0.021634615384615384 0.036057692307692304