0 0.5552884615384616 0.06490384615384616 0.18269230769230768 0.12980769230769232
0 0.6935096153846154 0.2860576923076923 0.0889423076923077 0.19230769230769232
1 0.3004807692307692 0.8533653846153846 0.04807692307692308 0.06009615384615385
1 0.16826923076923078 0.8365384615384616 0.05048076923076923 0.057692307692307696
1 0.055288461538461536 0.8557692307692307 0.040865384615384616 0.05048076923076923
1 0.41346153846153844 0.875 0.04326923076923077 0.052884615384615384
1 0.49759615384615385 0.875 0.040865384615384616 0.04567307692307692
1 0.6009615384615384 0.8966346153846154 0.038461538461538464 0.04326923076923077
1 0.5408653846153846 0.9086538461538461 0.028846153846153848 0.040865384615384616
1 0.4567307692307692 0.9038461538461539 0.026442307692307692 0.038461538461538464
0 0.7644230769230769 0.7451923076923077 0.038461538461538464 0.040865384615384616