1 0.2692307692307692 0.3004807692307692 0.13701923076923078 0.1778846153846154
1 0.021634615384615384 0.3137019230769231 0.04326923076923077 0.18028846153846154
0 0.7524038461538461 0.29086538461538464 0.04807692307692308 0.052884615384615384
0 0.6682692307692307 0.21153846153846154 0.040865384615384616 0.040865384615384616
0 0.8533653846153846 0.22355769230769232 0.03365384615384615 0.028846153846153848
0 0.7668269230769231 0.1658653846153846 0.026442307692307692 0.03125
0 0.7091346153846154 0.15384615384615385 0.028846153846153848 0.021634615384615384
0 0.6586538461538461 0.14903846153846154 0.028846153846153848 0.021634615384615384
0 0.6538461538461539 0.13221153846153846 0.028846153846153848 0.021634615384615384
0 0.5444711538461539 0.796875 0.01201923076923077 0.06490384615384616
0 0.6370192307692307 0.8100961538461539 0.038461538461538464 0.05048076923076923
0 0.6802884615384616 0.8076923076923077 0.04567307692307692 0.06009615384615385
0 0.7211538461538461 0.7980769230769231 0.036057692307692304 0.04807692307692308
0 0.7668269230769231 0.7956730769230769 0.0625 0.07451923076923077
0 0.8870192307692307 0.7860576923076923 0.06971153846153846 0.07932692307692307
0 0.9326923076923077 0.7980769230769231 0.038461538461538464 0.05048076923076923
0 0.9903846153846154 0.7944711538461539 0.014423076923076924 0.055288461538461536