0 0.4423076923076923 0.2668269230769231 0.16826923076923078 0.21153846153846154
0 0.32211538461538464 0.23317307692307693 0.13221153846153846 0.12980769230769232
0 0.10817307692307693 0.21394230769230768 0.13221153846153846 0.10336538461538461
0 0.4423076923076923 0.08413461538461539 0.16826923076923078 0.16826923076923078
0 0.32211538461538464 0.09375 0.13221153846153846 0.12980769230769232
0 0.10817307692307693 0.11298076923076923 0.13221153846153846 0.10336538461538461
1 0.9879807692307693 0.28725961538461536 0.019230769230769232 0.06490384615384616
1 0.625 0.31971153846153844 0.05048076923076923 0.0625
1 0.8701923076923077 0.35096153846153844 0.05048076923076923 0.06971153846153846
1 0.7211538461538461 0.32211538461538464 0.04807692307692308 0.0625
1 0.7692307692307693 0.34375 0.05048076923076923 0.055288461538461536
1 0.6634615384615384 0.33413461538461536 0.04807692307692308 0.06490384615384616
1 0.7932692307692307 0.31490384615384615 0.036057692307692304 0.05048076923076923
1 0.8389423076923077 0.3173076923076923 0.036057692307692304 0.052884615384615384
1 0.8245192307692307 0.2764423076923077 0.038461538461538464 0.052884615384615384
1 0.9134615384615384 0.28846153846153844 0.04567307692307692 0.06490384615384616
1 0.9543269230769231 0.2956730769230769 0.036057692307692304 0.05048076923076923
1 0.9350961538461539 0.3485576923076923 0.04807692307692308 0.06490384615384616
1 0.9903846153846154 0.3545673076923077 0.014423076923076924 0.06490384615384616
0 0.3918269230769231 0.5456730769230769 0.08413461538461539 0.11778846153846154
0 0.22355769230769232 0.5576923076923077 0.08413461538461539 0.11778846153846154
0 0.5132211538461539 0.5324519230769231 0.026442307692307692 0.12740384615384615
1 0.6490384615384616 0.7524038461538461 0.026442307692307692 0.03125
1 0.6875 0.7379807692307693 0.04567307692307692 0.04567307692307692
1 0.7307692307692307 0.7307692307692307 0.03125 0.040865384615384616
1 0.7788461538461539 0.7115384615384616 0.04567307692307692 0.04567307692307692
1 0.8052884615384616 0.7379807692307693 0.03125 0.03365384615384615
1 0.8581730769230769 0.7307692307692307 0.03365384615384615 0.036057692307692304