0 0.1971153846153846 0.21153846153846154 0.16826923076923078 0.1658653846153846
0 0.9326923076923077 0.2283653846153846 0.057692307692307696 0.07211538461538461
0 0.6586538461538461 0.21634615384615385 0.055288461538461536 0.0673076923076923
0 0.5096153846153846 0.21153846153846154 0.04807692307692308 0.07211538461538461
0 0.6033653846153846 0.21875 0.038461538461538464 0.057692307692307696
0 0.84375 0.24519230769230768 0.04807692307692308 0.06009615384615385
0 0.44711538461538464 0.22115384615384615 0.03365384615384615 0.057692307692307696
0 0.41947115384615385 0.23918269230769232 0.040865384615384616 0.06490384615384616
0 0.7331730769230769 0.22596153846153846 0.040865384615384616 0.0625
0 0.13341346153846154 0.7740384615384616 0.2668269230769231 0.44711538461538464
0 0.9855769230769231 0.6045673076923077 0.02403846153846154 0.14182692307692307
0 0.9182692307692307 0.6201923076923077 0.10576923076923077 0.1201923076923077