0 0.6201923076923077 0.17908653846153846 0.052884615384615384 0.25721153846153844
0 0.5288461538461539 0.2620192307692308 0.14182692307692307 0.16826923076923078
0 0.14543269230769232 0.45913461538461536 0.29086538461538464 0.1346153846153846
0 0.39903846153846156 0.40625 0.15384615384615385 0.16105769230769232
1 0.8966346153846154 0.34615384615384615 0.07211538461538461 0.09134615384615384
1 0.71875 0.34615384615384615 0.08413461538461539 0.11057692307692307
0 0.5528846153846154 0.6814903846153846 0.1875 0.2764423076923077
0 0.34615384615384615 0.625 0.14423076923076922 0.14182692307692307
0 0.5528846153846154 0.9783653846153846 0.1875 0.038461538461538464
0 0.9519230769230769 0.6466346153846154 0.07932692307692307 0.0985576923076923
0 0.7572115384615384 0.6201923076923077 0.08653846153846154 0.0985576923076923
0 0.8076923076923077 0.6346153846153846 0.04326923076923077 0.09134615384615384