1 0.19831730769230768 0.018028846153846152 0.07932692307692307 0.036057692307692304
1 0.42788461538461536 0.02283653846153846 0.1201923076923077 0.04567307692307692
1 0.08774038461538461 0.014423076923076924 0.0985576923076923 0.028846153846153848
1 0.4963942307692308 0.025240384615384616 0.06971153846153846 0.05048076923076923
0 0.7403846153846154 0.0625 0.0673076923076923 0.09134615384615384
0 0.9603365384615384 0.037259615384615384 0.07451923076923077 0.07451923076923077
0 0.6454326923076923 0.06490384615384616 0.11298076923076923 0.12980769230769232
0 0.15144230769230768 0.7163461538461539 0.14903846153846154 0.18990384615384615
0 0.4230769230769231 0.7644230769230769 0.15865384615384615 0.1778846153846154
0 0.5588942307692307 0.7920673076923077 0.055288461538461536 0.1466346153846154
0 0.15144230769230768 0.49278846153846156 0.15384615384615385 0.0673076923076923
0 0.4230769230769231 0.46634615384615385 0.16346153846153846 0.014423076923076924
1 0.8461538461538461 0.4951923076923077 0.057692307692307696 0.07211538461538461
1 0.6622596153846154 0.48197115384615385 0.05048076923076923 0.04567307692307692
1 0.5985576923076923 0.5072115384615384 0.019230769230769232 0.07211538461538461
1 0.7331730769230769 0.4807692307692308 0.057692307692307696 0.04326923076923077