0 0.9387019230769231 0.019230769230769232 0.11778846153846154 0.038461538461538464
0 0.34615384615384615 0.5769230769230769 0.057692307692307696 0.08173076923076923
0 0.7283653846153846 0.5769230769230769 0.038461538461538464 0.07692307692307693
0 0.27884615384615385 0.5817307692307693 0.055288461538461536 0.06971153846153846
0 0.6826923076923077 0.5961538461538461 0.04567307692307692 0.07211538461538461
0 0.09615384615384616 0.8485576923076923 0.07451923076923077 0.07211538461538461
1 0.11057692307692307 0.5745192307692307 0.06971153846153846 0.07932692307692307
1 0.6033653846153846 0.5913461538461539 0.04807692307692308 0.06971153846153846
0 0.4326923076923077 0.6009615384615384 0.055288461538461536 0.07451923076923077
0 0.5552884615384616 0.5913461538461539 0.040865384615384616 0.06971153846153846
1 0.47596153846153844 0.5961538461538461 0.04326923076923077 0.057692307692307696
0 0.8810096153846154 0.4567307692307692 0.1658653846153846 0.09615384615384616
0 0.9567307692307693 0.59375 0.08173076923076923 0.09375
0 0.9639423076923077 0.5072115384615384 0.03125 0.038461538461538464