0 0.23557692307692307 0.3485576923076923 0.10576923076923077 0.11778846153846154
0 0.0673076923076923 0.4110576923076923 0.057692307692307696 0.057692307692307696
0 0.17067307692307693 0.3894230769230769 0.06009615384615385 0.07692307692307693
0 0.9423076923076923 0.18990384615384615 0.11057692307692307 0.15865384615384615
1 0.025240384615384616 0.7872596153846154 0.05048076923076923 0.19951923076923078
1 0.14182692307692307 0.734375 0.11538461538461539 0.13221153846153846
1 0.3401442307692308 0.7367788461538461 0.03125 0.13701923076923078
1 0.2620192307692308 0.75 0.0625 0.07932692307692307
1 0.25240384615384615 0.8125 0.07451923076923077 0.08653846153846154
0 0.4074519230769231 0.6862980769230769 0.036057692307692304 0.036057692307692304
0 0.5264423076923077 0.6899038461538461 0.028846153846153848 0.03365384615384615
0 0.5793269230769231 0.6923076923076923 0.026442307692307692 0.03365384615384615
0 0.6298076923076923 0.7019230769230769 0.02403846153846154 0.03365384615384615
0 0.6610576923076923 0.6850961538461539 0.02403846153846154 0.03365384615384615
0 0.7259615384615384 0.7043269230769231 0.021634615384615384 0.03365384615384615
0 0.7764423076923077 0.7067307692307693 0.03365384615384615 0.038461538461538464
0 0.5096153846153846 0.6971153846153846 0.02403846153846154 0.03125
0 0.8509615384615384 0.7067307692307693 0.026442307692307692 0.03125