0 0.6706730769230769 0.22716346153846154 0.11057692307692307 0.1658653846153846
0 0.1658653846153846 0.27884615384615385 0.057692307692307696 0.07692307692307693
0 0.47836538461538464 0.27163461538461536 0.057692307692307696 0.08173076923076923
0 0.27283653846153844 0.27884615384615385 0.07451923076923077 0.07692307692307693
0 0.3581730769230769 0.24759615384615385 0.0889423076923077 0.11298076923076923
0 0.5649038461538461 0.25841346153846156 0.09615384615384616 0.11778846153846154
0 0.5072115384615384 0.47115384615384615 0.06009615384615385 0.07932692307692307
0 0.7139423076923077 0.48677884615384615 0.02403846153846154 0.07451923076923077
0 0.18990384615384615 0.47836538461538464 0.04567307692307692 0.06490384615384616
0 0.45913461538461536 0.4807692307692308 0.04326923076923077 0.06009615384615385
0 0.31971153846153844 0.4831730769230769 0.04567307692307692 0.057692307692307696
0 0.5649038461538461 0.5048076923076923 0.040865384615384616 0.057692307692307696
0 0.8641826923076923 0.45072115384615385 0.27163461538461536 0.2620192307692308