0 0.5576923076923077 0.30649038461538464 0.13942307692307693 0.23798076923076922
0 0.5576923076923077 0.019230769230769232 0.13942307692307693 0.038461538461538464
1 0.7860576923076923 0.3004807692307692 0.04567307692307692 0.055288461538461536
1 0.6634615384615384 0.31490384615384615 0.04567307692307692 0.057692307692307696
1 0.7211538461538461 0.30288461538461536 0.038461538461538464 0.057692307692307696
1 0.9206730769230769 0.28125 0.05048076923076923 0.06009615384615385
0 0.06370192307692307 0.4831730769230769 0.11298076923076923 0.11057692307692307
0 0.2980769230769231 0.4879807692307692 0.10576923076923077 0.1201923076923077
0 0.375 0.46875 0.08653846153846154 0.08173076923076923
0 0.6045673076923077 0.46274038461538464 0.04567307692307692 0.06971153846153846
0 0.1310096153846154 0.4735576923076923 0.06971153846153846 0.09134615384615384
0 0.051682692307692304 0.4362980769230769 0.0985576923076923 0.016826923076923076