0 0.11778846153846154 0.05048076923076923 0.07932692307692307 0.09375
0 0.4182692307692308 0.07211538461538461 0.055288461538461536 0.07211538461538461
0 0.5841346153846154 0.07932692307692307 0.055288461538461536 0.06490384615384616
0 0.2668269230769231 0.06009615384615385 0.05048076923076923 0.07451923076923077
0 0.31490384615384615 0.06971153846153846 0.040865384615384616 0.0625
0 0.6490384615384616 0.07211538461538461 0.04326923076923077 0.057692307692307696
0 0.37259615384615385 0.08413461538461539 0.040865384615384616 0.0625
0 0.47836538461538464 0.07211538461538461 0.04807692307692308 0.057692307692307696
0 0.9639423076923077 0.1466346153846154 0.04567307692307692 0.06009615384615385
0 0.8317307692307693 0.0985576923076923 0.03365384615384615 0.038461538461538464
0 0.49038461538461536 0.6177884615384616 0.08413461538461539 0.057692307692307696
0 0.8533653846153846 0.7307692307692307 0.052884615384615384 0.05048076923076923
0 0.9831730769230769 0.7608173076923077 0.028846153846153848 0.055288461538461536
0 0.7932692307692307 0.7668269230769231 0.038461538461538464 0.04567307692307692
0 0.7379807692307693 0.7788461538461539 0.04326923076923077 0.04567307692307692