1 0.6682692307692307 0.15384615384615385 0.08173076923076923 0.09615384615384616
1 0.9014423076923077 0.15144230769230768 0.06971153846153846 0.09134615384615384
1 0.4723557692307692 0.16947115384615385 0.10817307692307693 0.1466346153846154
1 0.8293269230769231 0.17067307692307693 0.08653846153846154 0.10576923076923077
1 0.5865384615384616 0.11298076923076923 0.10576923076923077 0.14423076923076922
1 0.7211538461538461 0.14903846153846154 0.057692307692307696 0.06971153846153846
1 0.9783653846153846 0.15625 0.038461538461538464 0.07692307692307693
0 0.3942307692307692 0.7860576923076923 0.04326923076923077 0.057692307692307696
0 0.39903846153846156 0.7379807692307693 0.03365384615384615 0.04807692307692308
0 0.3173076923076923 0.7716346153846154 0.026442307692307692 0.05048076923076923
1 0.2860576923076923 0.7692307692307693 0.04326923076923077 0.04807692307692308
0 0.007211538461538462 0.7596153846153846 0.014423076923076924 0.057692307692307696
1 0.028846153846153848 0.7572115384615384 0.038461538461538464 0.057692307692307696
1 0.13701923076923078 0.7788461538461539 0.04807692307692308 0.06490384615384616
1 0.07451923076923077 0.7668269230769231 0.03365384615384615 0.057692307692307696
1 0.1658653846153846 0.7668269230769231 0.03365384615384615 0.057692307692307696
0 0.49158653846153844 0.8016826923076923 0.1466346153846154 0.23798076923076922
0 0.8990384615384616 0.6598557692307693 0.1971153846153846 0.2620192307692308
0 0.8978365384615384 0.4543269230769231 0.19951923076923078 0.09134615384615384