0 0.875 0.3233173076923077 0.10096153846153846 0.026442307692307692
0 0.9651442307692307 0.2127403846153846 0.06490384615384616 0.10817307692307693
0 0.7764423076923077 0.2932692307692308 0.057692307692307696 0.07451923076923077
0 0.7163461538461539 0.3112980769230769 0.07211538461538461 0.05048076923076923
0 0.4831730769230769 0.328125 0.02403846153846154 0.016826923076923076
0 0.4879807692307692 0.71875 0.021634615384615384 0.028846153846153848
0 0.6274038461538461 0.7524038461538461 0.019230769230769232 0.02403846153846154
0 0.7067307692307693 0.9014423076923077 0.02403846153846154 0.021634615384615384
0 0.8173076923076923 0.7283653846153846 0.021634615384615384 0.02403846153846154
0 0.9891826923076923 0.8834134615384616 0.016826923076923076 0.03125
0 0.9182692307692307 0.9350961538461539 0.028846153846153848 0.026442307692307692
0 0.8052884615384616 0.6754807692307693 0.016826923076923076 0.021634615384615384
1 0.9423076923076923 0.7259615384615384 0.019230769230769232 0.02403846153846154