0 0.17067307692307693 0.0889423076923077 0.04567307692307692 0.04567307692307692
0 0.09134615384615384 0.11057692307692307 0.036057692307692304 0.052884615384615384
1 0.38461538461538464 0.3894230769230769 0.08413461538461539 0.07451923076923077
0 0.7451923076923077 0.5144230769230769 0.11538461538461539 0.08173076923076923
0 0.90625 0.39663461538461536 0.07451923076923077 0.09134615384615384
0 0.16105769230769232 0.9375 0.04567307692307692 0.06009615384615385
0 0.05048076923076923 0.9302884615384616 0.052884615384615384 0.0673076923076923
0 0.2860576923076923 0.9423076923076923 0.040865384615384616 0.0673076923076923
0 0.3293269230769231 0.9350961538461539 0.04567307692307692 0.055288461538461536
1 0.37259615384615385 0.9567307692307693 0.03365384615384615 0.040865384615384616
0 0.5697115384615384 0.6634615384615384 0.22115384615384615 0.21153846153846154