0 0.009615384615384616 0.028846153846153848 0.019230769230769232 0.03365384615384615
1 0.08413461538461539 0.019230769230769232 0.028846153846153848 0.028846153846153848
1 0.16105769230769232 0.019230769230769232 0.02403846153846154 0.026442307692307692
1 0.29086538461538464 0.10336538461538461 0.03125 0.026442307692307692
0 0.65625 0.20432692307692307 0.21634615384615385 0.28365384615384615
1 0.47596153846153844 0.5697115384615384 0.13221153846153846 0.14182692307692307
1 0.14182692307692307 0.5673076923076923 0.13221153846153846 0.14182692307692307
1 0.39903846153846156 0.46634615384615385 0.04807692307692308 0.0673076923076923
1 0.055288461538461536 0.5192307692307693 0.08413461538461539 0.08413461538461539
1 0.04567307692307692 0.44711538461538464 0.04326923076923077 0.040865384615384616
1 0.2091346153846154 0.4807692307692308 0.028846153846153848 0.038461538461538464
1 0.30288461538461536 0.47596153846153844 0.04567307692307692 0.04807692307692308
1 0.49038461538461536 0.4951923076923077 0.057692307692307696 0.05048076923076923
0 0.6057692307692307 0.5913461538461539 0.04567307692307692 0.0625
0 0.7283653846153846 0.5913461538461539 0.07692307692307693 0.11538461538461539
0 0.9699519230769231 0.5757211538461539 0.055288461538461536 0.0985576923076923