0 0.3245192307692308 0.28966346153846156 0.08173076923076923 0.16105769230769232
0 0.039663461538461536 0.26322115384615385 0.07932692307692307 0.21394230769230768
0 0.10576923076923077 0.27163461538461536 0.06009615384615385 0.07692307692307693
1 0.22355769230769232 0.27884615384615385 0.10096153846153846 0.10096153846153846
0 0.3245192307692308 0.03485576923076923 0.08173076923076923 0.06971153846153846
0 0.040865384615384616 0.06129807692307692 0.08173076923076923 0.12259615384615384
0 0.10576923076923077 0.021634615384615384 0.0625 0.04326923076923077
1 0.2247596153846154 0.02403846153846154 0.10336538461538461 0.04807692307692308
0 0.5552884615384616 0.32211538461538464 0.028846153846153848 0.038461538461538464
0 0.6778846153846154 0.34375 0.03125 0.03365384615384615
0 0.7307692307692307 0.33653846153846156 0.03365384615384615 0.038461538461538464
0 0.4543269230769231 0.32211538461538464 0.021634615384615384 0.03125
1 0.8894230769230769 0.3293269230769231 0.03365384615384615 0.036057692307692304
1 0.9855769230769231 0.3173076923076923 0.02403846153846154 0.057692307692307696