0 0.021634615384615384 0.3317307692307692 0.04326923076923077 0.04567307692307692
0 0.3317307692307692 0.4519230769230769 0.04807692307692308 0.07451923076923077
0 0.19951923076923078 0.3245192307692308 0.036057692307692304 0.03365384615384615
0 0.16105769230769232 0.30288461538461536 0.038461538461538464 0.04326923076923077
0 0.057692307692307696 0.17548076923076922 0.040865384615384616 0.04567307692307692
0 0.3293269230769231 0.2403846153846154 0.04807692307692308 0.04567307692307692
0 0.2668269230769231 0.12740384615384615 0.036057692307692304 0.04807692307692308
0 0.20673076923076922 0.11538461538461539 0.03125 0.03365384615384615
0 0.33653846153846156 0.09134615384615384 0.02403846153846154 0.04326923076923077
0 0.31009615384615385 0.1346153846153846 0.036057692307692304 0.04567307692307692
0 0.019230769230769232 0.24759615384615385 0.038461538461538464 0.038461538461538464
0 0.03125 0.14903846153846154 0.028846153846153848 0.03125
0 0.006009615384615385 0.2620192307692308 0.01201923076923077 0.04326923076923077
0 0.9867788461538461 0.2800480769230769 0.021634615384615384 0.06490384615384616