0 0.3269230769230769 0.10336538461538461 0.07692307692307693 0.08653846153846154
0 0.4519230769230769 0.10576923076923077 0.12740384615384615 0.14903846153846154
0 0.22115384615384615 0.11298076923076923 0.057692307692307696 0.06971153846153846
0 0.13701923076923078 0.11778846153846154 0.04326923076923077 0.057692307692307696
0 0.03365384615384615 0.13221153846153846 0.04326923076923077 0.04567307692307692
0 0.7235576923076923 0.8846153846153846 0.057692307692307696 0.0673076923076923
0 0.5625 0.8774038461538461 0.055288461538461536 0.07451923076923077
0 0.6490384615384616 0.8942307692307693 0.04807692307692308 0.0625
0 0.7932692307692307 0.8894230769230769 0.05048076923076923 0.0673076923076923
0 0.8870192307692307 0.9038461538461539 0.04807692307692308 0.04807692307692308
0 0.6201923076923077 0.8677884615384616 0.04567307692307692 0.052884615384615384
0 0.7247596153846154 0.5733173076923077 0.06009615384615385 0.05048076923076923
0 0.5625 0.578125 0.057692307692307696 0.06009615384615385
0 0.6502403846153846 0.5673076923076923 0.05048076923076923 0.038461538461538464
0 0.7932692307692307 0.5709134615384616 0.052884615384615384 0.04567307692307692
0 0.8882211538461539 0.5588942307692307 0.05048076923076923 0.021634615384615384
0 0.6201923076923077 0.5793269230769231 0.04567307692307692 0.052884615384615384