0 0.4699519230769231 0.296875 0.11298076923076923 0.1658653846153846
1 0.24519230769230768 0.10817307692307693 0.13942307692307693 0.16346153846153846
1 0.056490384615384616 0.109375 0.11298076923076923 0.17067307692307693
0 0.71875 0.04447115384615385 0.08653846153846154 0.0889423076923077
0 0.8149038461538461 0.07451923076923077 0.08413461538461539 0.10817307692307693
0 0.18028846153846154 0.7716346153846154 0.036057692307692304 0.040865384615384616
0 0.25721153846153844 0.7403846153846154 0.036057692307692304 0.04326923076923077
0 0.46153846153846156 0.7451923076923077 0.040865384615384616 0.040865384615384616
0 0.5180288461538461 0.7487980769230769 0.016826923076923076 0.06009615384615385
0 0.23076923076923078 0.7524038461538461 0.03365384615384615 0.038461538461538464
0 0.8930288461538461 0.7271634615384616 0.12259615384615384 0.15625
0 0.5949519230769231 0.7259615384615384 0.13221153846153846 0.15384615384615385