1 0.028846153846153848 0.03125 0.057692307692307696 0.0625
1 0.0829326923076923 0.020432692307692308 0.06009615384615385 0.040865384615384616
1 0.1935096153846154 0.030048076923076924 0.06490384615384616 0.06009615384615385
1 0.3798076923076923 0.007211538461538462 0.052884615384615384 0.014423076923076924
0 0.9747596153846154 0.28725961538461536 0.04567307692307692 0.13221153846153846
1 0.3112980769230769 0.42788461538461536 0.06009615384615385 0.057692307692307696
1 0.08413461538461539 0.4230769230769231 0.04807692307692308 0.04807692307692308
1 0.1875 0.43028846153846156 0.040865384615384616 0.04567307692307692
1 0.24519230769230768 0.45913461538461536 0.03125 0.04567307692307692
1 0.4110576923076923 0.4266826923076923 0.04807692307692308 0.055288461538461536
0 0.6526442307692307 0.42788461538461536 0.11298076923076923 0.057692307692307696