1 0.052884615384615384 0.12259615384615384 0.06490384615384616 0.06490384615384616
1 0.08173076923076923 0.15384615384615385 0.036057692307692304 0.04326923076923077
1 0.11538461538461539 0.15384615384615385 0.028846153846153848 0.038461538461538464
1 0.20192307692307693 0.125 0.04326923076923077 0.04807692307692308
0 0.23557692307692307 0.13701923076923078 0.03365384615384615 0.04807692307692308
1 0.2980769230769231 0.14182692307692307 0.03125 0.05048076923076923
1 0.3245192307692308 0.13942307692307693 0.03365384615384615 0.036057692307692304
1 0.40865384615384615 0.13221153846153846 0.028846153846153848 0.036057692307692304
1 0.4375 0.14423076923076922 0.028846153846153848 0.03365384615384615
1 0.5 0.14182692307692307 0.036057692307692304 0.036057692307692304
1 0.53125 0.15625 0.026442307692307692 0.036057692307692304
0 0.7367788461538461 0.5913461538461539 0.036057692307692304 0.009615384615384616
0 0.23317307692307693 0.6310096153846154 0.11538461538461539 0.06490384615384616
0 0.07451923076923077 0.6237980769230769 0.0673076923076923 0.05048076923076923
0 0.6454326923076923 0.9555288461538461 0.08413461538461539 0.08413461538461539
0 0.9254807692307693 0.9639423076923077 0.11538461538461539 0.0673076923076923