0 0.007211538461538462 0.03245192307692308 0.014423076923076924 0.06490384615384616
0 0.01201923076923077 0.0985576923076923 0.02403846153846154 0.0673076923076923
0 0.2283653846153846 0.09615384615384616 0.038461538461538464 0.04326923076923077
0 0.375 0.06490384615384616 0.04567307692307692 0.052884615384615384
0 0.9110576923076923 0.25721153846153844 0.057692307692307696 0.07932692307692307
0 0.47836538461538464 0.2403846153846154 0.0889423076923077 0.10096153846153846
0 0.41586538461538464 0.24639423076923078 0.03365384615384615 0.09375
0 0.8317307692307693 0.2403846153846154 0.05048076923076923 0.08173076923076923
0 0.5817307692307693 0.25240384615384615 0.06490384615384616 0.08173076923076923
0 0.9795673076923077 0.23076923076923078 0.036057692307692304 0.07211538461538461
0 0.36658653846153844 0.6622596153846154 0.06009615384615385 0.10817307692307693
0 0.2980769230769231 0.6802884615384616 0.06971153846153846 0.0889423076923077
0 0.055288461538461536 0.6586538461538461 0.08413461538461539 0.10817307692307693
0 0.17548076923076922 0.6778846153846154 0.057692307692307696 0.10576923076923077
0 0.40865384615384615 0.6959134615384616 0.019230769230769232 0.17067307692307693
0 0.5384615384615384 0.7451923076923077 0.12980769230769232 0.10336538461538461
0 0.6730769230769231 0.6778846153846154 0.11778846153846154 0.1466346153846154