0 0.21153846153846154 0.1466346153846154 0.03125 0.028846153846153848
0 0.3269230769230769 0.08413461538461539 0.026442307692307692 0.03125
0 0.3870192307692308 0.07692307692307693 0.026442307692307692 0.03125
0 0.43990384615384615 0.10336538461538461 0.02403846153846154 0.03365384615384615
0 0.3870192307692308 0.17067307692307693 0.028846153846153848 0.03125
0 0.9362980769230769 0.08173076923076923 0.12259615384615384 0.16346153846153846
0 0.8076923076923077 0.14903846153846154 0.1201923076923077 0.14182692307692307
0 0.6682692307692307 0.13701923076923078 0.10576923076923077 0.15625
0 0.03245192307692308 0.8209134615384616 0.06490384615384616 0.12259615384615384
1 0.11778846153846154 0.8413461538461539 0.06490384615384616 0.08173076923076923
1 0.18509615384615385 0.8365384615384616 0.04567307692307692 0.06971153846153846
1 0.23798076923076922 0.8221153846153846 0.08173076923076923 0.10576923076923077
1 0.46033653846153844 0.8413461538461539 0.03125 0.09615384615384616