1 0.057692307692307696 0.25 0.06490384615384616 0.06490384615384616
1 0.08653846153846154 0.28125 0.036057692307692304 0.04326923076923077
1 0.1201923076923077 0.28125 0.028846153846153848 0.038461538461538464
1 0.20673076923076922 0.25240384615384615 0.04326923076923077 0.04807692307692308
0 0.2403846153846154 0.2644230769230769 0.03365384615384615 0.04807692307692308
1 0.30288461538461536 0.2692307692307692 0.03125 0.05048076923076923
1 0.3293269230769231 0.2668269230769231 0.03365384615384615 0.036057692307692304
1 0.4074519230769231 0.25961538461538464 0.016826923076923076 0.038461538461538464
0 0.8990384615384616 0.2956730769230769 0.07211538461538461 0.07932692307692307
0 0.7151442307692307 0.33774038461538464 0.06490384615384616 0.016826923076923076
0 0.3870192307692308 0.6694711538461539 0.057692307692307696 0.1466346153846154
0 0.3293269230769231 0.5721153846153846 0.12259615384615384 0.12259615384615384
0 0.8293269230769231 0.7403846153846154 0.08173076923076923 0.08173076923076923
0 0.6538461538461539 0.5913461538461539 0.03125 0.036057692307692304
0 0.6682692307692307 0.5600961538461539 0.03365384615384615 0.040865384615384616
0 0.7524038461538461 0.5216346153846154 0.03125 0.040865384615384616