1 0.06490384615384616 0.17307692307692307 0.0889423076923077 0.0985576923076923
1 0.009615384615384616 0.18028846153846154 0.019230769230769232 0.038461538461538464
1 0.27163461538461536 0.1658653846153846 0.055288461538461536 0.055288461538461536
1 0.33413461538461536 0.16105769230769232 0.055288461538461536 0.057692307692307696
1 0.40625 0.16826923076923078 0.036057692307692304 0.04567307692307692
1 0.4411057692307692 0.17548076923076922 0.03125 0.04326923076923077
0 0.9014423076923077 0.25 0.04807692307692308 0.0625
0 0.6947115384615384 0.10336538461538461 0.03365384615384615 0.038461538461538464
0 0.8413461538461539 0.13221153846153846 0.038461538461538464 0.05048076923076923
0 0.9230769230769231 0.14182692307692307 0.04326923076923077 0.04326923076923077
0 0.9867788461538461 0.13942307692307693 0.021634615384615384 0.04326923076923077
0 0.9158653846153846 0.10576923076923077 0.040865384615384616 0.04567307692307692
0 0.7788461538461539 0.11298076923076923 0.03365384615384615 0.03365384615384615
0 0.6418269230769231 0.11298076923076923 0.05048076923076923 0.04567307692307692
0 0.6057692307692307 0.10817307692307693 0.036057692307692304 0.038461538461538464
0 0.5793269230769231 0.09615384615384616 0.03365384615384615 0.03365384615384615
0 0.5576923076923077 0.08653846153846154 0.03365384615384615 0.03365384615384615
0 0.5384615384615384 0.08413461538461539 0.026442307692307692 0.03125
0 0.5048076923076923 0.0889423076923077 0.03365384615384615 0.03365384615384615
0 0.6466346153846154 0.06009615384615385 0.03365384615384615 0.028846153846153848
0 0.8149038461538461 0.08173076923076923 0.02403846153846154 0.021634615384615384
0 0.7067307692307693 0.040865384615384616 0.026442307692307692 0.026442307692307692
0 0.4675480769230769 0.046875 0.016826923076923076 0.03125
0 0.6490384615384616 0.03125 0.021634615384615384 0.02403846153846154
0 0.9495192307692307 0.5961538461538461 0.09615384615384616 0.09615384615384616