0 0.5084134615384616 0.2439903846153846 0.0985576923076923 0.06490384615384616
0 0.4375 0.019230769230769232 0.07211538461538461 0.038461538461538464
0 0.5060096153846154 0.04927884615384615 0.0985576923076923 0.0985576923076923
1 0.27403846153846156 0.021634615384615384 0.08173076923076923 0.04326923076923077
0 0.16105769230769232 0.4230769230769231 0.040865384615384616 0.04567307692307692
0 0.4807692307692308 0.43990384615384615 0.10817307692307693 0.07211538461538461
0 0.8052884615384616 0.47836538461538464 0.036057692307692304 0.052884615384615384
0 0.8389423076923077 0.45913461538461536 0.03365384615384615 0.04807692307692308
0 0.8870192307692307 0.4807692307692308 0.04567307692307692 0.04807692307692308
0 0.9399038461538461 0.47115384615384615 0.04326923076923077 0.055288461538461536
0 0.9879807692307693 0.46875 0.019230769230769232 0.052884615384615384