0 0.15384615384615385 0.16105769230769232 0.07211538461538461 0.07932692307692307
0 0.15504807692307693 0.03125 0.07451923076923077 0.0625
0 0.65625 0.4831730769230769 0.08173076923076923 0.08173076923076923
0 0.5673076923076923 0.3293269230769231 0.08173076923076923 0.08653846153846154
1 0.38341346153846156 0.6454326923076923 0.1466346153846154 0.055288461538461536
1 0.1201923076923077 0.6454326923076923 0.09134615384615384 0.055288461538461536
1 0.30408653846153844 0.6478365384615384 0.09375 0.06009615384615385
1 0.9891826923076923 0.8497596153846154 0.016826923076923076 0.06009615384615385
1 0.9447115384615384 0.8701923076923077 0.03365384615384615 0.04326923076923077
0 0.7211538461538461 0.8653846153846154 0.04326923076923077 0.04567307692307692
0 0.7860576923076923 0.8581730769230769 0.028846153846153848 0.036057692307692304
0 0.8100961538461539 0.8461538461538461 0.03365384615384615 0.036057692307692304
1 0.8509615384615384 0.8653846153846154 0.038461538461538464 0.052884615384615384
1 0.9206730769230769 0.8629807692307693 0.028846153846153848 0.04807692307692308
1 0.6225961538461539 0.8533653846153846 0.036057692307692304 0.055288461538461536
1 0.5961538461538461 0.8605769230769231 0.026442307692307692 0.03365384615384615