0 0.004807692307692308 0.28125 0.009615384615384616 0.04326923076923077
0 0.14182692307692307 0.30528846153846156 0.03365384615384615 0.03365384615384615
0 0.6730769230769231 0.08653846153846154 0.08653846153846154 0.08653846153846154
0 0.9326923076923077 0.0625 0.06971153846153846 0.07932692307692307
0 0.12740384615384615 0.5697115384615384 0.07692307692307693 0.06971153846153846
0 0.016826923076923076 0.5637019230769231 0.03365384615384615 0.0889423076923077
1 0.3629807692307692 0.71875 0.07451923076923077 0.08653846153846154
1 0.6802884615384616 0.9603365384615384 0.07211538461538461 0.07451923076923077
1 0.9867788461538461 0.9627403846153846 0.021634615384615384 0.06971153846153846
1 0.8966346153846154 0.9543269230769231 0.0625 0.0673076923076923
1 0.8413461538461539 0.9471153846153846 0.04567307692307692 0.0625