0 0.3701923076923077 0.12620192307692307 0.014423076923076924 0.07932692307692307
0 0.46634615384615385 0.38822115384615385 0.10576923076923077 0.07451923076923077
0 0.5600961538461539 0.25240384615384615 0.13942307692307693 0.1201923076923077
0 0.6177884615384616 0.11778846153846154 0.036057692307692304 0.040865384615384616
0 0.28125 0.5600961538461539 0.19230769230769232 0.2644230769230769
0 0.32091346153846156 0.6875 0.11298076923076923 0.4807692307692308
0 0.19831730769230768 0.44350961538461536 0.07451923076923077 0.03125
0 0.6899038461538461 0.4807692307692308 0.06971153846153846 0.08173076923076923
0 0.5564903846153846 0.4807692307692308 0.10817307692307693 0.10576923076923077
0 0.7451923076923077 0.49038461538461536 0.04567307692307692 0.06971153846153846
0 0.8028846153846154 0.5096153846153846 0.04807692307692308 0.07211538461538461