1 0.5649038461538461 0.24879807692307693 0.09134615384615384 0.07451923076923077
1 0.28365384615384615 0.2608173076923077 0.0625 0.05048076923076923
0 0.6875 0.15144230769230768 0.038461538461538464 0.057692307692307696
0 0.7163461538461539 0.16826923076923078 0.028846153846153848 0.03365384615384615
0 0.8149038461538461 0.20432692307692307 0.04807692307692308 0.038461538461538464
0 0.8173076923076923 0.13942307692307693 0.040865384615384616 0.038461538461538464
0 0.8942307692307693 0.14903846153846154 0.04326923076923077 0.038461538461538464
0 0.9038461538461539 0.12980769230769232 0.028846153846153848 0.03365384615384615
0 0.9567307692307693 0.13701923076923078 0.028846153846153848 0.036057692307692304
0 0.4855769230769231 0.4495192307692308 0.15625 0.17307692307692307
0 0.25961538461538464 0.3701923076923077 0.09615384615384616 0.12740384615384615
0 0.30288461538461536 0.5384615384615384 0.19471153846153846 0.20432692307692307
0 0.7475961538461539 0.5384615384615384 0.11057692307692307 0.16826923076923078