0 0.14903846153846154 0.35336538461538464 0.14182692307692307 0.16105769230769232
0 0.4254807692307692 0.37740384615384615 0.06009615384615385 0.07692307692307693
0 0.3557692307692308 0.3798076923076923 0.057692307692307696 0.0889423076923077
0 0.4987980769230769 0.35096153846153844 0.055288461538461536 0.09134615384615384
0 0.25240384615384615 0.37259615384615385 0.07692307692307693 0.10096153846153846
0 0.013221153846153846 0.3269230769230769 0.026442307692307692 0.0673076923076923
0 0.5108173076923077 0.3701923076923077 0.03125 0.09615384615384616
0 0.2860576923076923 0.35096153846153844 0.04326923076923077 0.07692307692307693
0 0.5048076923076923 0.36899038461538464 0.04326923076923077 0.10817307692307693
0 0.31490384615384615 0.3629807692307692 0.03365384615384615 0.07451923076923077
0 0.5961538461538461 0.018028846153846152 0.052884615384615384 0.036057692307692304
0 0.7451923076923077 0.014423076923076924 0.07211538461538461 0.028846153846153848
0 0.8221153846153846 0.013221153846153846 0.0673076923076923 0.026442307692307692