1 0.19471153846153846 0.18028846153846154 0.0889423076923077 0.10096153846153846
1 0.036057692307692304 0.171875 0.07211538461538461 0.11778846153846154
0 0.9567307692307693 0.19831730769230768 0.08173076923076923 0.17067307692307693
0 0.9555288461538461 0.5877403846153846 0.08413461538461539 0.016826923076923076
1 0.9711538461538461 0.9122596153846154 0.052884615384615384 0.07451923076923077
1 0.5985576923076923 0.8966346153846154 0.057692307692307696 0.0673076923076923
1 0.7932692307692307 0.9086538461538461 0.05048076923076923 0.057692307692307696
1 0.37259615384615385 0.8918269230769231 0.04567307692307692 0.057692307692307696
1 0.47596153846153844 0.90625 0.040865384615384616 0.04567307692307692
1 0.5336538461538461 0.9350961538461539 0.03125 0.04567307692307692
1 0.6995192307692307 0.9014423076923077 0.04567307692307692 0.055288461538461536