0 0.9326923076923077 0.3701923076923077 0.10336538461538461 0.12259615384615384
1 0.6298076923076923 0.38221153846153844 0.08173076923076923 0.09375
1 0.5216346153846154 0.4110576923076923 0.0625 0.08173076923076923
1 0.7379807692307693 0.4110576923076923 0.04326923076923077 0.055288461538461536
1 0.8125 0.39663461538461536 0.03365384615384615 0.03365384615384615
1 0.7836538461538461 0.3870192307692308 0.026442307692307692 0.040865384615384616
1 0.8653846153846154 0.38221153846153844 0.036057692307692304 0.038461538461538464
1 0.9927884615384616 0.37259615384615385 0.009615384615384616 0.04326923076923077
1 0.6971153846153846 0.38461538461538464 0.03125 0.038461538461538464
0 0.9350961538461539 0.018028846153846152 0.11057692307692307 0.036057692307692304
1 0.6298076923076923 0.004807692307692308 0.08653846153846154 0.009615384615384616
0 0.18509615384615385 0.7283653846153846 0.25 0.2548076923076923