1 0.25 0.5216346153846154 0.08653846153846154 0.10817307692307693
1 0.17548076923076922 0.5168269230769231 0.06971153846153846 0.0889423076923077
0 0.1346153846153846 0.5504807692307693 0.04567307692307692 0.04567307692307692
1 0.036057692307692304 0.5456730769230769 0.03365384615384615 0.03125
1 0.07932692307692307 0.5504807692307693 0.021634615384615384 0.03125
0 0.9134615384615384 0.5649038461538461 0.11778846153846154 0.1778846153846154
0 0.7956730769230769 0.53125 0.11778846153846154 0.1778846153846154
1 0.9783653846153846 0.4891826923076923 0.038461538461538464 0.20432692307692307
1 0.6201923076923077 0.5288461538461539 0.08653846153846154 0.10817307692307693
1 0.6971153846153846 0.5456730769230769 0.07211538461538461 0.08173076923076923
1 0.5456730769230769 0.5240384615384616 0.06971153846153846 0.0889423076923077
0 0.5048076923076923 0.5576923076923077 0.04567307692307692 0.04567307692307692
1 0.40625 0.5528846153846154 0.03365384615384615 0.03125
1 0.4495192307692308 0.5576923076923077 0.021634615384615384 0.03125