0 0.13942307692307693 0.057692307692307696 0.0625 0.0625
0 0.21394230769230768 0.15144230769230768 0.06971153846153846 0.07211538461538461
0 0.36778846153846156 0.22115384615384615 0.07932692307692307 0.07932692307692307
0 0.31490384615384615 0.1875 0.0673076923076923 0.07451923076923077
0 0.21514423076923078 0.5348557692307693 0.07451923076923077 0.021634615384615384
0 0.36778846153846156 0.49278846153846156 0.07932692307692307 0.07932692307692307
0 0.3161057692307692 0.5168269230769231 0.06971153846153846 0.057692307692307696
0 0.7283653846153846 0.1971153846153846 0.23557692307692307 0.28846153846153844
0 0.06850961538461539 0.6899038461538461 0.13701923076923078 0.17307692307692307
0 0.3942307692307692 0.7740384615384616 0.11538461538461539 0.12740384615384615
0 0.265625 0.9483173076923077 0.10817307692307693 0.0985576923076923
0 0.1346153846153846 0.8581730769230769 0.11778846153846154 0.09134615384615384
0 0.07091346153846154 0.5697115384615384 0.14182692307692307 0.04326923076923077