1 0.1875 0.34615384615384615 0.06490384615384616 0.0889423076923077
1 0.31971153846153844 0.3629807692307692 0.06490384615384616 0.08653846153846154
1 0.07932692307692307 0.3581730769230769 0.0625 0.07692307692307693
1 0.3870192307692308 0.35096153846153844 0.0625 0.08173076923076923
1 0.010817307692307692 0.36658653846153844 0.021634615384615384 0.07932692307692307
1 0.4423076923076923 0.34375 0.052884615384615384 0.06971153846153846
1 0.2932692307692308 0.3485576923076923 0.052884615384615384 0.08653846153846154
0 0.9759615384615384 0.36538461538461536 0.04326923076923077 0.07211538461538461
0 0.7211538461538461 0.2956730769230769 0.06971153846153846 0.06971153846153846
0 0.08533653846153846 0.9567307692307693 0.17067307692307693 0.08173076923076923
0 0.47836538461538464 0.8533653846153846 0.22355769230769232 0.1875