0 0.5733173076923077 0.08052884615384616 0.1466346153846154 0.16105769230769232
0 0.07211538461538461 0.14903846153846154 0.14423076923076922 0.18269230769230768
0 0.4639423076923077 0.04447115384615385 0.1346153846153846 0.0889423076923077
0 0.25 0.027644230769230768 0.1346153846153846 0.055288461538461536
0 0.6682692307692307 0.09615384615384616 0.038461538461538464 0.07211538461538461
0 0.7331730769230769 0.0625 0.03125 0.038461538461538464
0 0.8125 0.055288461538461536 0.03365384615384615 0.04567307692307692
0 0.9302884615384616 0.125 0.03125 0.03365384615384615
0 0.6225961538461539 0.6201923076923077 0.04807692307692308 0.20673076923076922
0 0.19230769230769232 0.5793269230769231 0.18990384615384615 0.2091346153846154
0 0.6923076923076923 0.6682692307692307 0.040865384615384616 0.04807692307692308
1 0.7788461538461539 0.6682692307692307 0.04567307692307692 0.055288461538461536
1 0.8918269230769231 0.6706730769230769 0.04326923076923077 0.05048076923076923