0 0.7331730769230769 0.052884615384615384 0.0673076923076923 0.10576923076923077
0 0.9819711538461539 0.08052884615384616 0.03125 0.16105769230769232
0 0.7980769230769231 0.07932692307692307 0.0673076923076923 0.08653846153846154
0 0.5817307692307693 0.1045673076923077 0.04807692307692308 0.16105769230769232
0 0.6634615384615384 0.07692307692307693 0.0889423076923077 0.11538461538461539
0 0.9134615384615384 0.10096153846153846 0.04807692307692308 0.07211538461538461
0 0.8389423076923077 0.09375 0.02403846153846154 0.08173076923076923
0 0.6033653846153846 0.0889423076923077 0.052884615384615384 0.09134615384615384
0 0.8677884615384616 0.11538461538461539 0.03125 0.06009615384615385
0 0.2824519230769231 0.5288461538461539 0.08413461538461539 0.038461538461538464
0 0.3545673076923077 0.5252403846153846 0.06009615384615385 0.03125