0 0.6622596153846154 0.33533653846153844 0.11778846153846154 0.14182692307692307
0 0.41346153846153844 0.34134615384615385 0.06490384615384616 0.10817307692307693
0 0.5480769230769231 0.34134615384615385 0.057692307692307696 0.08173076923076923
0 0.9543269230769231 0.3076923076923077 0.08653846153846154 0.14423076923076922
0 0.3629807692307692 0.3557692307692308 0.04807692307692308 0.07211538461538461
0 0.4831730769230769 0.3641826923076923 0.057692307692307696 0.08413461538461539
1 0.10817307692307693 0.7067307692307693 0.11538461538461539 0.14903846153846154
1 0.018028846153846152 0.7247596153846154 0.036057692307692304 0.0985576923076923
1 0.24278846153846154 0.6826923076923077 0.10817307692307693 0.13221153846153846
0 0.6514423076923077 0.5865384615384616 0.20192307692307693 0.21394230769230768
1 0.46634615384615385 0.5985576923076923 0.15384615384615385 0.18269230769230768