1 0.07211538461538461 0.17067307692307693 0.04807692307692308 0.06490384615384616
1 0.20192307692307693 0.16826923076923078 0.06971153846153846 0.08173076923076923
1 0.25 0.17067307692307693 0.040865384615384616 0.057692307692307696
1 0.3269230769230769 0.15625 0.055288461538461536 0.08413461538461539
1 0.3581730769230769 0.17307692307692307 0.026442307692307692 0.04807692307692308
1 0.42788461538461536 0.14423076923076922 0.07211538461538461 0.09615384615384616
1 0.46153846153846156 0.15865384615384615 0.04567307692307692 0.06971153846153846
0 0.5949519230769231 0.09014423076923077 0.1466346153846154 0.18028846153846154
0 0.21394230769230768 0.9471153846153846 0.08413461538461539 0.057692307692307696
0 0.8461538461538461 0.9182692307692307 0.057692307692307696 0.05048076923076923
0 0.9567307692307693 0.9903846153846154 0.04326923076923077 0.014423076923076924
0 0.9206730769230769 0.9230769230769231 0.04567307692307692 0.04567307692307692