1 0.2860576923076923 0.22355769230769232 0.0889423076923077 0.10576923076923077
1 0.125 0.22115384615384615 0.07211538461538461 0.0985576923076923
1 0.4266826923076923 0.19110576923076922 0.021634615384615384 0.13221153846153846
0 0.9423076923076923 0.4014423076923077 0.057692307692307696 0.08173076923076923
0 0.6225961538461539 0.40865384615384615 0.057692307692307696 0.07211538461538461
0 0.4519230769230769 0.4182692307692308 0.02403846153846154 0.057692307692307696
0 0.4831730769230769 0.41586538461538464 0.04567307692307692 0.0625
0 0.8233173076923077 0.41947115384615385 0.055288461538461536 0.055288461538461536
0 0.7163461538461539 0.4206730769230769 0.04807692307692308 0.052884615384615384
0 0.5721153846153846 0.4254807692307692 0.04326923076923077 0.04326923076923077
0 0.8870192307692307 0.4326923076923077 0.038461538461538464 0.028846153846153848
0 0.9915865384615384 0.4254807692307692 0.01201923076923077 0.04326923076923077
0 0.17427884615384615 0.5132211538461539 0.13701923076923078 0.12740384615384615
0 0.9591346153846154 0.8004807692307693 0.07211538461538461 0.07932692307692307
0 0.7451923076923077 0.8533653846153846 0.07211538461538461 0.08173076923076923