0 0.265625 0.25961538461538464 0.05048076923076923 0.03365384615384615
0 0.45552884615384615 0.2644230769230769 0.04567307692307692 0.02403846153846154
0 0.31009615384615385 0.26802884615384615 0.038461538461538464 0.016826923076923076
0 0.20432692307692307 0.5961538461538461 0.0625 0.08173076923076923
0 0.7668269230769231 0.44711538461538464 0.0673076923076923 0.08173076923076923
0 0.5072115384615384 0.44471153846153844 0.055288461538461536 0.0673076923076923
0 0.984375 0.4375 0.026442307692307692 0.08173076923076923
0 0.6105769230769231 0.4423076923076923 0.04567307692307692 0.07211538461538461
0 0.47836538461538464 0.4519230769230769 0.028846153846153848 0.06490384615384616
0 0.6658653846153846 0.4543269230769231 0.021634615384615384 0.03125
0 0.71875 0.4423076923076923 0.021634615384615384 0.03365384615384615