0 0.09014423076923077 0.20673076923076922 0.18028846153846154 0.13942307692307693
0 0.09254807692307693 0.046875 0.18509615384615385 0.09375
0 0.9302884615384616 0.23798076923076922 0.06971153846153846 0.07211538461538461
0 0.3942307692307692 0.22355769230769232 0.06971153846153846 0.0889423076923077
0 0.6033653846153846 0.2620192307692308 0.0673076923076923 0.028846153846153848
0 0.8161057692307693 0.2692307692307692 0.06009615384615385 0.014423076923076924
0 0.8497596153846154 0.25841346153846156 0.036057692307692304 0.036057692307692304
0 0.9302884615384616 0.02283653846153846 0.07211538461538461 0.04567307692307692
0 0.3942307692307692 0.03365384615384615 0.07211538461538461 0.0673076923076923
0 0.25961538461538464 0.4014423076923077 0.125 0.1778846153846154
0 0.38100961538461536 0.4795673076923077 0.06490384615384616 0.12259615384615384
0 0.8509615384615384 0.6033653846153846 0.055288461538461536 0.06490384615384616
0 0.38100961538461536 0.3545673076923077 0.06490384615384616 0.12259615384615384