0 0.3293269230769231 0.3485576923076923 0.055288461538461536 0.05048076923076923
0 0.1875 0.35336538461538464 0.040865384615384616 0.05048076923076923
0 0.2692307692307692 0.28846153846153844 0.038461538461538464 0.03365384615384615
0 0.24759615384615385 0.2620192307692308 0.03365384615384615 0.036057692307692304
0 0.1971153846153846 0.2548076923076923 0.02403846153846154 0.028846153846153848
0 0.12259615384615384 0.2403846153846154 0.02403846153846154 0.038461538461538464
0 0.1658653846153846 0.24519230769230768 0.03125 0.026442307692307692
0 0.6826923076923077 0.2692307692307692 0.11538461538461539 0.09134615384615384
0 0.039663461538461536 0.7800480769230769 0.07932692307692307 0.37259615384615385
1 0.9567307692307693 0.5889423076923077 0.04567307692307692 0.057692307692307696
1 0.8293269230769231 0.5913461538461539 0.036057692307692304 0.04567307692307692
1 0.8942307692307693 0.5985576923076923 0.028846153846153848 0.038461538461538464
1 0.7091346153846154 0.6057692307692307 0.03365384615384615 0.038461538461538464
1 0.6610576923076923 0.5961538461538461 0.026442307692307692 0.03365384615384615
1 0.6009615384615384 0.5961538461538461 0.028846153846153848 0.03365384615384615
1 0.4879807692307692 0.6057692307692307 0.026442307692307692 0.03125
1 0.5192307692307693 0.6057692307692307 0.021634615384615384 0.028846153846153848