1 0.9579326923076923 0.5048076923076923 0.07932692307692307 0.10096153846153846
1 0.5793269230769231 0.4519230769230769 0.07451923076923077 0.08173076923076923
1 0.7139423076923077 0.4495192307692308 0.07932692307692307 0.08653846153846154
1 0.4495192307692308 0.49759615384615385 0.125 0.11538461538461539
0 0.44711538461538464 0.9038461538461539 0.03365384615384615 0.052884615384615384
0 0.3581730769230769 0.9002403846153846 0.038461538461538464 0.06009615384615385
1 0.38461538461538464 0.9134615384615384 0.036057692307692304 0.04567307692307692
0 0.47596153846153844 0.9014423076923077 0.026442307692307692 0.04807692307692308
1 0.5024038461538461 0.9014423076923077 0.026442307692307692 0.040865384615384616
1 0.6370192307692307 0.8942307692307693 0.03125 0.040865384615384616
1 0.9230769230769231 0.8798076923076923 0.04326923076923077 0.055288461538461536
1 0.8245192307692307 0.8774038461538461 0.040865384615384616 0.04567307692307692
1 0.7043269230769231 0.9014423076923077 0.040865384615384616 0.05048076923076923
1 0.7355769230769231 0.8798076923076923 0.036057692307692304 0.04326923076923077
1 0.6658653846153846 0.8894230769230769 0.03365384615384615 0.04567307692307692
1 0.6177884615384616 0.8942307692307693 0.02403846153846154 0.03365384615384615