1 0.1778846153846154 0.4795673076923077 0.052884615384615384 0.036057692307692304
1 0.28365384615384615 0.4855769230769231 0.04807692307692308 0.02403846153846154
1 0.10817307692307693 0.48197115384615385 0.052884615384615384 0.03125
1 0.5024038461538461 0.48197115384615385 0.04807692307692308 0.03125
1 0.3701923076923077 0.4879807692307692 0.052884615384615384 0.019230769230769232
0 0.9663461538461539 0.29447115384615385 0.0625 0.11778846153846154
0 0.5612980769230769 0.32572115384615385 0.06490384615384616 0.13701923076923078
0 0.7331730769230769 0.30288461538461536 0.0889423076923077 0.1201923076923077
0 0.8293269230769231 0.3389423076923077 0.08653846153846154 0.10576923076923077
0 0.5985576923076923 0.3557692307692308 0.052884615384615384 0.07932692307692307
1 0.9266826923076923 0.5216346153846154 0.14182692307692307 0.04326923076923077
1 0.8197115384615384 0.5564903846153846 0.1201923076923077 0.11298076923076923
1 0.6177884615384616 0.5673076923076923 0.0625 0.07451923076923077
1 0.7091346153846154 0.5540865384615384 0.11538461538461539 0.10817307692307693
1 0.7644230769230769 0.5540865384615384 0.1201923076923077 0.10817307692307693