0 0.4579326923076923 0.07572115384615384 0.21394230769230768 0.15144230769230768
0 0.8485576923076923 0.04447115384615385 0.07692307692307693 0.0889423076923077
1 0.6370192307692307 0.08052884615384616 0.038461538461538464 0.0889423076923077
1 0.7091346153846154 0.10096153846153846 0.040865384615384616 0.052884615384615384
0 0.7596153846153846 0.08413461538461539 0.04326923076923077 0.04807692307692308
0 0.08653846153846154 0.6153846153846154 0.09375 0.11538461538461539
0 0.46875 0.6706730769230769 0.04807692307692308 0.06971153846153846
0 0.35336538461538464 0.6586538461538461 0.057692307692307696 0.06971153846153846
0 0.5841346153846154 0.6634615384615384 0.04807692307692308 0.06009615384615385
0 0.8918269230769231 0.5264423076923077 0.028846153846153848 0.040865384615384616
0 0.6971153846153846 0.5288461538461539 0.026442307692307692 0.03365384615384615