1 0.9663461538461539 0.28365384615384615 0.0625 0.11057692307692307
1 0.7716346153846154 0.29086538461538464 0.08413461538461539 0.10576923076923077
1 0.5721153846153846 0.3004807692307692 0.10336538461538461 0.1201923076923077
1 0.20192307692307693 0.8221153846153846 0.05048076923076923 0.0673076923076923
1 0.09134615384615384 0.7980769230769231 0.05048076923076923 0.0625
1 0.004807692307692308 0.7980769230769231 0.009615384615384616 0.0673076923076923
1 0.15144230769230768 0.8221153846153846 0.04567307692307692 0.06490384615384616
1 0.3173076923076923 0.8076923076923077 0.03365384615384615 0.04326923076923077
1 0.3269230769230769 0.8389423076923077 0.04807692307692308 0.05048076923076923
1 0.6538461538461539 0.9206730769230769 0.04326923076923077 0.04326923076923077
1 0.9915865384615384 0.9254807692307693 0.01201923076923077 0.052884615384615384
1 0.5456730769230769 0.9230769230769231 0.03365384615384615 0.040865384615384616
1 0.4807692307692308 0.9278846153846154 0.03365384615384615 0.040865384615384616