0 0.40865384615384615 0.04326923076923077 0.014423076923076924 0.057692307692307696
0 0.014423076923076924 0.10697115384615384 0.028846153846153848 0.06009615384615385
0 0.10096153846153846 0.10817307692307693 0.04326923076923077 0.04567307692307692
0 0.30288461538461536 0.05048076923076923 0.040865384615384616 0.040865384615384616
0 0.375 0.13701923076923078 0.05048076923076923 0.06490384615384616
0 0.31971153846153844 0.14423076923076922 0.04807692307692308 0.0625
0 0.31009615384615385 0.11778846153846154 0.04567307692307692 0.057692307692307696
0 0.23076923076923078 0.10336538461538461 0.036057692307692304 0.04326923076923077
0 0.375 0.38221153846153844 0.052884615384615384 0.028846153846153848
0 0.32091346153846156 0.3798076923076923 0.05048076923076923 0.03365384615384615
0 0.7596153846153846 0.2860576923076923 0.17307692307692307 0.13942307692307693
0 0.984375 0.2860576923076923 0.026442307692307692 0.14423076923076922
0 0.8293269230769231 0.6057692307692307 0.08173076923076923 0.11298076923076923
0 0.9110576923076923 0.5504807692307693 0.10576923076923077 0.12980769230769232
0 0.6177884615384616 0.7139423076923077 0.06971153846153846 0.07932692307692307