0 0.4735576923076923 0.028846153846153848 0.04807692307692308 0.057692307692307696
0 0.9495192307692307 0.375 0.07692307692307693 0.08653846153846154
0 0.7127403846153846 0.3870192307692308 0.07932692307692307 0.07692307692307693
0 0.6466346153846154 0.34615384615384615 0.09134615384615384 0.12259615384615384
0 0.46153846153846156 0.6442307692307693 0.07211538461538461 0.21634615384615385
0 0.30288461538461536 0.6923076923076923 0.12740384615384615 0.16105769230769232
0 0.03245192307692308 0.8497596153846154 0.06490384615384616 0.0985576923076923
0 0.46033653846153844 0.4855769230769231 0.07451923076923077 0.11538461538461539
0 0.30528846153846156 0.4483173076923077 0.1346153846153846 0.040865384615384616
0 0.9350961538461539 0.5649038461538461 0.08413461538461539 0.09615384615384616
0 0.7091346153846154 0.6634615384615384 0.0625 0.06971153846153846
0 0.6129807692307693 0.8028846153846154 0.10817307692307693 0.11298076923076923
0 0.9350961538461539 0.4639423076923077 0.08653846153846154 0.07211538461538461