0 0.1778846153846154 0.24278846153846154 0.07932692307692307 0.10817307692307693
0 0.09615384615384616 0.18990384615384615 0.14182692307692307 0.16826923076923078
0 0.46153846153846156 0.23798076923076922 0.06009615384615385 0.08653846153846154
0 0.2860576923076923 0.24519230769230768 0.04567307692307692 0.057692307692307696
0 0.38221153846153844 0.25721153846153844 0.052884615384615384 0.06490384615384616
0 0.31971153846153844 0.27163461538461536 0.038461538461538464 0.055288461538461536
0 0.5612980769230769 0.12980769230769232 0.026442307692307692 0.0625
0 0.6274038461538461 0.14182692307692307 0.038461538461538464 0.05048076923076923
0 0.7043269230769231 0.15144230769230768 0.036057692307692304 0.06009615384615385
0 0.7884615384615384 0.1466346153846154 0.036057692307692304 0.057692307692307696
0 0.8822115384615384 0.1466346153846154 0.04326923076923077 0.052884615384615384
0 0.9735576923076923 0.15384615384615385 0.03365384615384615 0.052884615384615384
0 0.1971153846153846 0.75 0.08173076923076923 0.09375
0 0.5805288461538461 0.5324519230769231 0.06490384615384616 0.1466346153846154
0 0.7740384615384616 0.5384615384615384 0.10576923076923077 0.15865384615384615
0 0.6442307692307693 0.5432692307692307 0.0985576923076923 0.11298076923076923