0 0.26802884615384615 0.040865384615384616 0.12740384615384615 0.08173076923076923
1 0.5228365384615384 0.018028846153846152 0.06009615384615385 0.036057692307692304
1 0.4831730769230769 0.016826923076923076 0.038461538461538464 0.03365384615384615
0 0.9567307692307693 0.11899038461538461 0.08173076923076923 0.19471153846153846
0 0.19230769230769232 0.65625 0.07211538461538461 0.10096153846153846
0 0.4182692307692308 0.7307692307692307 0.06490384615384616 0.07692307692307693
0 0.47596153846153844 0.7211538461538461 0.0673076923076923 0.09375
0 0.013221153846153846 0.6862980769230769 0.026442307692307692 0.10336538461538461
1 0.3317307692307692 0.7211538461538461 0.0673076923076923 0.08413461538461539
1 0.5096153846153846 0.7932692307692307 0.06009615384615385 0.07211538461538461
0 0.71875 0.6322115384615384 0.13701923076923078 0.12740384615384615
0 0.9615384615384616 0.703125 0.07211538461538461 0.1466346153846154
0 0.6634615384615384 0.7259615384615384 0.06490384615384616 0.10336538461538461