1 0.04567307692307692 0.07451923076923077 0.052884615384615384 0.04567307692307692
1 0.18028846153846154 0.09615384615384616 0.04567307692307692 0.052884615384615384
1 0.29086538461538464 0.09134615384615384 0.038461538461538464 0.04326923076923077
1 0.375 0.09375 0.036057692307692304 0.04807692307692308
1 0.53125 0.0985576923076923 0.036057692307692304 0.036057692307692304
1 0.6225961538461539 0.07451923076923077 0.036057692307692304 0.04326923076923077
1 0.6971153846153846 0.10096153846153846 0.038461538461538464 0.038461538461538464
0 0.9230769230769231 0.040865384615384616 0.057692307692307696 0.07692307692307693
1 0.7271634615384616 0.11778846153846154 0.016826923076923076 0.04807692307692308
1 0.7740384615384616 0.125 0.04326923076923077 0.05048076923076923
0 0.18629807692307693 0.9855769230769231 0.03125 0.02403846153846154
0 0.013221153846153846 0.9567307692307693 0.026442307692307692 0.07692307692307693
0 0.078125 0.9879807692307693 0.040865384615384616 0.019230769230769232
0 0.10576923076923077 0.984375 0.028846153846153848 0.026442307692307692
0 0.24158653846153846 0.9855769230769231 0.03125 0.02403846153846154
0 0.2776442307692308 0.96875 0.05048076923076923 0.057692307692307696
0 0.37259615384615385 0.984375 0.038461538461538464 0.026442307692307692
0 0.47115384615384615 0.9663461538461539 0.05048076923076923 0.0625
0 0.5877403846153846 0.9747596153846154 0.055288461538461536 0.04567307692307692
1 0.7331730769230769 0.6778846153846154 0.028846153846153848 0.0673076923076923
1 0.7512019230769231 0.6045673076923077 0.06490384615384616 0.0889423076923077