1 0.35216346153846156 0.05048076923076923 0.08413461538461539 0.10096153846153846
1 0.027644230769230768 0.039663461538461536 0.055288461538461536 0.07932692307692307
1 0.14182692307692307 0.05048076923076923 0.05048076923076923 0.0673076923076923
1 0.18269230769230768 0.055288461538461536 0.038461538461538464 0.04807692307692308
1 0.2860576923076923 0.052884615384615384 0.036057692307692304 0.04567307692307692
1 0.39663461538461536 0.04326923076923077 0.04326923076923077 0.04807692307692308
0 0.47716346153846156 0.39302884615384615 0.07932692307692307 0.05048076923076923
0 0.32211538461538464 0.41586538461538464 0.0625 0.07692307692307693
0 0.14903846153846154 0.40865384615384615 0.06490384615384616 0.07692307692307693
0 0.2283653846153846 0.40865384615384615 0.05048076923076923 0.07211538461538461
0 0.4375 0.3954326923076923 0.052884615384615384 0.055288461538461536
0 0.1201923076923077 0.40865384615384615 0.040865384615384616 0.06971153846153846
0 0.37259615384615385 0.4206730769230769 0.028846153846153848 0.04326923076923077
1 0.7716346153846154 0.6899038461538461 0.08653846153846154 0.10817307692307693
1 0.6550480769230769 0.7079326923076923 0.11298076923076923 0.15625