1 0.23317307692307693 0.08173076923076923 0.0673076923076923 0.08173076923076923
1 0.04326923076923077 0.06971153846153846 0.0625 0.07692307692307693
1 0.46875 0.09375 0.057692307692307696 0.08173076923076923
1 0.4110576923076923 0.10336538461538461 0.04567307692307692 0.052884615384615384
1 0.08413461538461539 0.09615384615384616 0.04567307692307692 0.057692307692307696
1 0.11538461538461539 0.11057692307692307 0.026442307692307692 0.055288461538461536
1 0.34375 0.09615384615384616 0.038461538461538464 0.04807692307692308
0 0.6658653846153846 0.14423076923076922 0.13221153846153846 0.10817307692307693
0 0.6742788461538461 0.23798076923076922 0.2860576923076923 0.11538461538461539
0 0.5721153846153846 0.18269230769230768 0.06009615384615385 0.07932692307692307
0 0.6658653846153846 0.046875 0.1346153846153846 0.09375
0 0.5721153846153846 0.020432692307692308 0.0625 0.040865384615384616
0 0.3485576923076923 0.4495192307692308 0.13701923076923078 0.15865384615384615
0 0.16346153846153846 0.4254807692307692 0.14903846153846154 0.17307692307692307
0 0.02403846153846154 0.44591346153846156 0.04807692307692308 0.18990384615384615
1 0.6418269230769231 0.40384615384615385 0.06009615384615385 0.07932692307692307
1 0.7692307692307693 0.40384615384615385 0.06490384615384616 0.06971153846153846
1 0.5240384615384616 0.4387019230769231 0.04807692307692308 0.06490384615384616
1 0.8846153846153846 0.41346153846153844 0.057692307692307696 0.07211538461538461