0 0.6418269230769231 0.14903846153846154 0.07451923076923077 0.07932692307692307
0 0.8100961538461539 0.11538461538461539 0.08173076923076923 0.08653846153846154
0 0.4326923076923077 0.9447115384615384 0.08173076923076923 0.10576923076923077
0 0.009615384615384616 0.921875 0.019230769230769232 0.08413461538461539
0 0.37259615384615385 0.9423076923076923 0.06490384615384616 0.08653846153846154
0 0.0625 0.9399038461538461 0.057692307692307696 0.06971153846153846
0 0.16346153846153846 0.9158653846153846 0.052884615384615384 0.07932692307692307
0 0.21394230769230768 0.9375 0.057692307692307696 0.08653846153846154
0 0.7067307692307693 0.8245192307692307 0.06971153846153846 0.08173076923076923
0 0.6346153846153846 0.7836538461538461 0.08653846153846154 0.11298076923076923
0 0.8233173076923077 0.5733173076923077 0.06009615384615385 0.03125