0 0.2283653846153846 0.30288461538461536 0.08413461538461539 0.0985576923076923
0 0.33653846153846156 0.040865384615384616 0.07211538461538461 0.08173076923076923
0 0.35336538461538464 0.25961538461538464 0.10336538461538461 0.11057692307692307
0 0.19951923076923078 0.06490384615384616 0.055288461538461536 0.0673076923076923
0 0.007211538461538462 0.23197115384615385 0.014423076923076924 0.055288461538461536
0 0.15384615384615385 0.040865384615384616 0.052884615384615384 0.06490384615384616
0 0.014423076923076924 0.07091346153846154 0.028846153846153848 0.06009615384615385
0 0.11057692307692307 0.0889423076923077 0.04567307692307692 0.055288461538461536
0 0.20432692307692307 0.25961538461538464 0.057692307692307696 0.057692307692307696
0 0.008413461538461538 0.20192307692307693 0.016826923076923076 0.052884615384615384
0 0.8665865384615384 0.18870192307692307 0.2620192307692308 0.31971153846153844
0 0.8653846153846154 0.016826923076923076 0.2644230769230769 0.03365384615384615
0 0.051682692307692304 0.9795673076923077 0.06971153846153846 0.036057692307692304
0 0.38822115384615385 0.984375 0.06009615384615385 0.026442307692307692
0 0.25961538461538464 0.9735576923076923 0.0625 0.04807692307692308
0 0.10336538461538461 0.9831730769230769 0.052884615384615384 0.028846153846153848