0 0.0625 0.18990384615384615 0.0985576923076923 0.11778846153846154
1 0.4831730769230769 0.18629807692307693 0.04807692307692308 0.09375
1 0.6995192307692307 0.18509615384615385 0.08413461538461539 0.08413461538461539
0 0.046875 0.6262019230769231 0.09375 0.07451923076923077
1 0.1778846153846154 0.6141826923076923 0.16826923076923078 0.05048076923076923
0 0.8629807692307693 0.9206730769230769 0.13942307692307693 0.1346153846153846
0 0.6706730769230769 0.8798076923076923 0.08173076923076923 0.11057692307692307
0 0.6129807692307693 0.8990384615384616 0.12259615384615384 0.13701923076923078
0 0.7740384615384616 0.8149038461538461 0.11538461538461539 0.14182692307692307
0 0.5576923076923077 0.8822115384615384 0.06490384615384616 0.09615384615384616
0 0.7764423076923077 0.9302884615384616 0.07692307692307693 0.11298076923076923
0 0.4963942307692308 0.9591346153846154 0.07451923076923077 0.07692307692307693