0 0.3798076923076923 0.20432692307692307 0.17548076923076922 0.20432692307692307
0 0.0733173076923077 0.33533653846153844 0.1466346153846154 0.19951923076923078
0 0.0625 0.11538461538461539 0.125 0.21634615384615385
0 0.2692307692307692 0.19230769230769232 0.15144230769230768 0.19471153846153846
0 0.014423076923076924 0.125 0.028846153846153848 0.24519230769230768
0 0.19951923076923078 0.07932692307692307 0.12980769230769232 0.11778846153846154
0 0.7884615384615384 0.22115384615384615 0.27884615384615385 0.34375
0 0.9795673076923077 0.22235576923076922 0.036057692307692304 0.3485576923076923
0 0.025240384615384616 0.8798076923076923 0.05048076923076923 0.1201923076923077
0 0.15865384615384615 0.8701923076923077 0.0889423076923077 0.1201923076923077
1 0.057692307692307696 0.8870192307692307 0.057692307692307696 0.08413461538461539
1 0.25721153846153844 0.8918269230769231 0.06490384615384616 0.08173076923076923
1 0.3245192307692308 0.8870192307692307 0.04567307692307692 0.06971153846153846
1 0.37740384615384615 0.8725961538461539 0.08173076923076923 0.10576923076923077