0 0.5721153846153846 0.09975961538461539 0.0673076923076923 0.13701923076923078
0 0.5865384615384616 0.04447115384615385 0.07692307692307693 0.0889423076923077
0 0.9038461538461539 0.06129807692307692 0.10576923076923077 0.12259615384615384
0 0.84375 0.0889423076923077 0.08173076923076923 0.0985576923076923
1 0.6754807692307693 0.0733173076923077 0.1201923076923077 0.1466346153846154
0 0.9807692307692307 0.052884615384615384 0.03365384615384615 0.09615384615384616
0 0.20673076923076922 0.5865384615384616 0.25721153846153844 0.28365384615384615
0 0.7331730769230769 0.7379807692307693 0.03365384615384615 0.052884615384615384
0 0.5649038461538461 0.7307692307692307 0.04567307692307692 0.057692307692307696
0 0.5985576923076923 0.7331730769230769 0.03365384615384615 0.055288461538461536
0 0.6418269230769231 0.7331730769230769 0.038461538461538464 0.057692307692307696
1 0.6706730769230769 0.7475961538461539 0.036057692307692304 0.04567307692307692
0 0.7620192307692307 0.7355769230769231 0.026442307692307692 0.04807692307692308
1 0.7884615384615384 0.7355769230769231 0.026442307692307692 0.040865384615384616
1 0.9230769230769231 0.7283653846153846 0.03125 0.040865384615384616
1 0.9831730769230769 0.7355769230769231 0.028846153846153848 0.052884615384615384
1 0.9519230769230769 0.7235576923076923 0.03365384615384615 0.04567307692307692
1 0.9038461538461539 0.7283653846153846 0.02403846153846154 0.03365384615384615