1 0.0733173076923077 0.20552884615384615 0.1466346153846154 0.2091346153846154
1 0.21514423076923078 0.009615384615384616 0.06971153846153846 0.019230769230769232
1 0.34375 0.015625 0.0673076923076923 0.03125
0 0.9230769230769231 0.02403846153846154 0.04807692307692308 0.04807692307692308
1 0.21875 0.49759615384615385 0.1201923076923077 0.16346153846153846
1 0.40024038461538464 0.4411057692307692 0.040865384615384616 0.07932692307692307
1 0.9110576923076923 0.45913461538461536 0.12980769230769232 0.12980769230769232
1 0.625 0.47115384615384615 0.057692307692307696 0.06971153846153846
1 0.7451923076923077 0.4879807692307692 0.052884615384615384 0.05048076923076923
1 0.7019230769230769 0.4807692307692308 0.026442307692307692 0.04326923076923077
1 0.5072115384615384 0.45913461538461536 0.03365384615384615 0.04567307692307692
1 0.5480769230769231 0.47836538461538464 0.038461538461538464 0.052884615384615384