0 0.47836538461538464 0.055288461538461536 0.0625 0.05048076923076923
0 0.5709134615384616 0.27403846153846156 0.026442307692307692 0.11057692307692307
0 0.8245192307692307 0.055288461538461536 0.10096153846153846 0.11057692307692307
0 0.7019230769230769 0.15625 0.055288461538461536 0.07211538461538461
0 0.9819711538461539 0.20072115384615385 0.03125 0.04567307692307692
0 0.5408653846153846 0.6670673076923077 0.028846153846153848 0.06971153846153846
0 0.25 0.6466346153846154 0.052884615384615384 0.03365384615384615
0 0.3269230769230769 0.6502403846153846 0.04807692307692308 0.040865384615384616
0 0.35336538461538464 0.6538461538461539 0.04326923076923077 0.04807692307692308
0 0.4387019230769231 0.65625 0.055288461538461536 0.052884615384615384
0 0.8737980769230769 0.7944711538461539 0.24759615384615385 0.29086538461538464