0 0.8245192307692307 0.17067307692307693 0.057692307692307696 0.10096153846153846
0 0.7163461538461539 0.14423076923076922 0.10336538461538461 0.13942307692307693
0 0.4891826923076923 0.13341346153846154 0.0985576923076923 0.12259615384615384
0 0.9254807692307693 0.16826923076923078 0.04326923076923077 0.057692307692307696
0 0.054086538461538464 0.8064903846153846 0.10817307692307693 0.19471153846153846
0 0.3918269230769231 0.7860576923076923 0.07932692307692307 0.10336538461538461
0 0.25721153846153844 0.8004807692307693 0.10576923076923077 0.13221153846153846
0 0.33413461538461536 0.8028846153846154 0.04326923076923077 0.07692307692307693
0 0.9435096153846154 0.5949519230769231 0.10817307692307693 0.15144230769230768
0 0.7235576923076923 0.5913461538461539 0.11538461538461539 0.1346153846153846
0 0.5673076923076923 0.5192307692307693 0.24519230769230768 0.24278846153846154
0 0.47836538461538464 0.5877403846153846 0.07692307692307693 0.18028846153846154