0 0.3762019230769231 0.07572115384615384 0.13701923076923078 0.15144230769230768
0 0.6418269230769231 0.036057692307692304 0.12980769230769232 0.07211538461538461
0 0.8100961538461539 0.36658653846153844 0.057692307692307696 0.06009615384615385
0 0.9014423076923077 0.38461538461538464 0.052884615384615384 0.02403846153846154
0 0.7259615384615384 0.38341346153846156 0.03365384615384615 0.026442307692307692
0 0.20673076923076922 0.6875 0.11778846153846154 0.10576923076923077
0 0.12740384615384615 0.5721153846153846 0.08173076923076923 0.07932692307692307
0 0.5673076923076923 0.6394230769230769 0.06009615384615385 0.07932692307692307
0 0.3605769230769231 0.7668269230769231 0.14182692307692307 0.125
0 0.4735576923076923 0.6682692307692307 0.06971153846153846 0.07451923076923077
0 0.21875 0.6418269230769231 0.09375 0.055288461538461536
0 0.016826923076923076 0.5925480769230769 0.03365384615384615 0.06490384615384616