0 0.028846153846153848 0.036057692307692304 0.057692307692307696 0.07211538461538461
1 0.0985576923076923 0.06971153846153846 0.06490384615384616 0.06971153846153846
0 0.7932692307692307 0.04567307692307692 0.057692307692307696 0.0673076923076923
0 0.47596153846153844 0.13701923076923078 0.052884615384615384 0.07211538461538461
0 0.5432692307692307 0.11778846153846154 0.057692307692307696 0.0625
1 0.7548076923076923 0.057692307692307696 0.05048076923076923 0.06971153846153846
1 0.7788461538461539 0.14423076923076922 0.08173076923076923 0.0889423076923077
0 0.37740384615384615 0.7932692307692307 0.12980769230769232 0.11057692307692307
0 0.84375 0.4831730769230769 0.06009615384615385 0.06971153846153846
0 0.6995192307692307 0.5384615384615384 0.05048076923076923 0.04567307692307692
0 0.7644230769230769 0.5096153846153846 0.057692307692307696 0.057692307692307696