0 0.3713942307692308 0.38461538461538464 0.01201923076923077 0.04807692307692308
0 0.40625 0.2764423076923077 0.05048076923076923 0.04326923076923077
0 0.49038461538461536 0.22355769230769232 0.04807692307692308 0.036057692307692304
0 0.9206730769230769 0.2860576923076923 0.04567307692307692 0.04567307692307692
1 0.9326923076923077 0.038461538461538464 0.038461538461538464 0.03365384615384615
0 0.014423076923076924 0.6274038461538461 0.028846153846153848 0.019230769230769232
0 0.0889423076923077 0.6466346153846154 0.04567307692307692 0.04326923076923077
1 0.006009615384615385 0.6802884615384616 0.01201923076923077 0.04807692307692308
1 0.057692307692307696 0.7019230769230769 0.055288461538461536 0.04567307692307692
1 0.16346153846153846 0.6778846153846154 0.055288461538461536 0.055288461538461536
1 0.28365384615384615 0.6322115384615384 0.057692307692307696 0.028846153846153848
0 0.8461538461538461 0.8605769230769231 0.08653846153846154 0.09615384615384616