0 0.2283653846153846 0.34615384615384615 0.21394230769230768 0.23798076923076922
0 0.23076923076923078 0.06129807692307692 0.22115384615384615 0.12259615384615384
0 0.5096153846153846 0.09134615384615384 0.07211538461538461 0.07692307692307693
0 0.6105769230769231 0.1201923076923077 0.055288461538461536 0.06490384615384616
0 0.6899038461538461 0.15144230769230768 0.04807692307692308 0.05048076923076923
0 0.7740384615384616 0.12259615384615384 0.04567307692307692 0.057692307692307696
0 0.8125 0.15144230769230768 0.038461538461538464 0.04567307692307692
0 0.8918269230769231 0.17067307692307693 0.040865384615384616 0.052884615384615384
0 0.9447115384615384 0.18028846153846154 0.03365384615384615 0.04807692307692308
0 0.9879807692307693 0.17548076923076922 0.019230769230769232 0.04807692307692308
0 0.31971153846153844 0.8677884615384616 0.04567307692307692 0.057692307692307696
0 0.2932692307692308 0.6538461538461539 0.03125 0.038461538461538464
0 0.2932692307692308 0.5096153846153846 0.03125 0.038461538461538464
0 0.6682692307692307 0.7956730769230769 0.04807692307692308 0.038461538461538464
0 0.9375 0.7115384615384616 0.026442307692307692 0.028846153846153848