1 0.21394230769230768 0.06971153846153846 0.08413461538461539 0.09375
1 0.0985576923076923 0.0985576923076923 0.057692307692307696 0.07451923076923077
1 0.015625 0.140625 0.03125 0.06009615384615385
1 0.0673076923076923 0.15384615384615385 0.026442307692307692 0.04567307692307692
1 0.021634615384615384 0.1875 0.02403846153846154 0.038461538461538464
0 0.5600961538461539 0.15384615384615385 0.11778846153846154 0.1346153846153846
0 0.5600961538461539 0.04447115384615385 0.1201923076923077 0.0889423076923077
1 0.09735576923076923 0.47836538461538464 0.06490384615384616 0.019230769230769232
1 0.14903846153846154 0.47596153846153844 0.057692307692307696 0.014423076923076924
0 0.43509615384615385 0.5012019230769231 0.07211538461538461 0.06490384615384616
0 0.5168269230769231 0.5144230769230769 0.052884615384615384 0.0673076923076923
0 0.78125 0.5072115384615384 0.038461538461538464 0.04807692307692308
0 0.9663461538461539 0.5072115384615384 0.03125 0.04567307692307692
0 0.5985576923076923 0.5144230769230769 0.028846153846153848 0.04567307692307692
0 0.9158653846153846 0.5192307692307693 0.038461538461538464 0.04567307692307692
0 0.7355769230769231 0.5528846153846154 0.03365384615384615 0.03365384615384615
0 0.5504807692307693 0.53125 0.036057692307692304 0.04567307692307692