0 0.021634615384615384 0.22716346153846154 0.04326923076923077 0.08413461538461539
0 0.14783653846153846 0.5 0.06009615384615385 0.03365384615384615
0 0.02283653846153846 0.018028846153846152 0.04567307692307692 0.036057692307692304
0 0.5408653846153846 0.17067307692307693 0.0889423076923077 0.12980769230769232
0 0.6754807692307693 0.09375 0.07451923076923077 0.10096153846153846
0 0.9951923076923077 0.09375 0.004807692307692308 0.10576923076923077
0 0.1346153846153846 0.7572115384615384 0.17067307692307693 0.17067307692307693
0 0.34975961538461536 0.9819711538461539 0.10817307692307693 0.03125
0 0.21875 0.9254807692307693 0.11778846153846154 0.09134615384615384
0 0.13701923076923078 0.5889423076923077 0.1778846153846154 0.13942307692307693
0 0.7259615384615384 0.5408653846153846 0.17307692307692307 0.04326923076923077
0 0.9627403846153846 0.5408653846153846 0.06971153846153846 0.04326923076923077