1 0.004807692307692308 0.26802884615384615 0.009615384615384616 0.055288461538461536
1 0.03365384615384615 0.25721153846153844 0.03125 0.038461538461538464
1 0.016826923076923076 0.27163461538461536 0.021634615384615384 0.03365384615384615
1 0.07451923076923077 0.2620192307692308 0.03365384615384615 0.03365384615384615
1 0.13701923076923078 0.2668269230769231 0.03365384615384615 0.04567307692307692
1 0.18269230769230768 0.2548076923076923 0.052884615384615384 0.06490384615384616
1 0.5456730769230769 0.22355769230769232 0.036057692307692304 0.04326923076923077
1 0.3389423076923077 0.23557692307692307 0.04567307692307692 0.055288461538461536
1 0.5576923076923077 0.7115384615384616 0.055288461538461536 0.06490384615384616
1 0.41346153846153844 0.7235576923076923 0.040865384615384616 0.06009615384615385
1 0.07451923076923077 0.7307692307692307 0.038461538461538464 0.04326923076923077
1 0.12980769230769232 0.71875 0.036057692307692304 0.04567307692307692
1 0.17548076923076922 0.7331730769230769 0.040865384615384616 0.05048076923076923
1 0.21153846153846154 0.7259615384615384 0.040865384615384616 0.055288461538461536
1 0.24278846153846154 0.7235576923076923 0.036057692307692304 0.04567307692307692
1 0.2860576923076923 0.7307692307692307 0.040865384615384616 0.057692307692307696