0 0.4206730769230769 0.16105769230769232 0.06971153846153846 0.0985576923076923
0 0.06490384615384616 0.18509615384615385 0.07451923076923077 0.10576923076923077
0 0.35336538461538464 0.17307692307692307 0.0673076923076923 0.08653846153846154
0 0.24278846153846154 0.18269230769230768 0.0673076923076923 0.07932692307692307
0 0.16346153846153846 0.19230769230769232 0.07692307692307693 0.09615384615384616
0 0.5384615384615384 0.16706730769230768 0.057692307692307696 0.08413461538461539
0 0.125 0.18028846153846154 0.07451923076923077 0.10576923076923077
0 0.4951923076923077 0.17548076923076922 0.04326923076923077 0.06971153846153846
0 0.5973557692307693 0.08533653846153846 0.055288461538461536 0.06009615384615385
0 0.0625 0.6442307692307693 0.04567307692307692 0.0625
0 0.24278846153846154 0.984375 0.04326923076923077 0.026442307692307692
0 0.6298076923076923 0.9038461538461539 0.036057692307692304 0.04567307692307692
0 0.8221153846153846 0.7956730769230769 0.016826923076923076 0.016826923076923076