1 0.5288461538461539 0.2668269230769231 0.09134615384615384 0.10336538461538461
1 0.6826923076923077 0.27884615384615385 0.038461538461538464 0.052884615384615384
0 0.5576923076923077 0.9471153846153846 0.04807692307692308 0.05048076923076923
0 0.5168269230769231 0.9519230769230769 0.040865384615384616 0.05048076923076923
0 0.4182692307692308 0.96875 0.04567307692307692 0.04567307692307692
0 0.4495192307692308 0.9495192307692307 0.02403846153846154 0.03365384615384615
0 0.21875 0.9399038461538461 0.04567307692307692 0.03365384615384615
0 0.11298076923076923 0.9519230769230769 0.028846153846153848 0.038461538461538464
0 0.09254807692307693 0.9927884615384616 0.040865384615384616 0.009615384615384616
0 0.06971153846153846 0.9567307692307693 0.021634615384615384 0.028846153846153848
0 0.016826923076923076 0.9795673076923077 0.03365384615384615 0.036057692307692304
1 0.8798076923076923 0.6586538461538461 0.04807692307692308 0.07692307692307693
1 0.8004807692307693 0.7019230769230769 0.04807692307692308 0.06971153846153846
1 0.9519230769230769 0.6610576923076923 0.055288461538461536 0.06971153846153846