0 0.9350961538461539 0.41346153846153844 0.057692307692307696 0.06490384615384616
0 0.8269230769230769 0.38461538461538464 0.04567307692307692 0.055288461538461536
0 0.41466346153846156 0.4375 0.03125 0.038461538461538464
0 0.5036057692307693 0.4411057692307692 0.04567307692307692 0.03125
0 0.5697115384615384 0.1346153846153846 0.03365384615384615 0.03365384615384615
0 0.7043269230769231 0.3918269230769231 0.040865384615384616 0.040865384615384616
0 0.7115384615384616 0.44350961538461536 0.04807692307692308 0.026442307692307692
0 0.6322115384615384 0.43990384615384615 0.038461538461538464 0.03365384615384615
0 0.7884615384615384 0.3125 0.040865384615384616 0.03365384615384615
0 0.75 0.2860576923076923 0.028846153846153848 0.036057692307692304
0 0.6730769230769231 0.2980769230769231 0.038461538461538464 0.04326923076923077
0 0.7211538461538461 0.22355769230769232 0.028846153846153848 0.04326923076923077
0 0.6778846153846154 0.2403846153846154 0.026442307692307692 0.03365384615384615
1 0.013221153846153846 0.6334134615384616 0.026442307692307692 0.04567307692307692
1 0.040865384615384616 0.6322115384615384 0.028846153846153848 0.038461538461538464
1 0.12740384615384615 0.6033653846153846 0.04326923076923077 0.04807692307692308
0 0.16105769230769232 0.6153846153846154 0.03365384615384615 0.04807692307692308
1 0.22355769230769232 0.6201923076923077 0.03125 0.05048076923076923
1 0.25 0.6177884615384616 0.03365384615384615 0.036057692307692304
1 0.33413461538461536 0.6105769230769231 0.028846153846153848 0.036057692307692304
1 0.3629807692307692 0.6225961538461539 0.028846153846153848 0.03365384615384615
0 0.6634615384615384 0.8605769230769231 0.028846153846153848 0.038461538461538464
0 0.6442307692307693 0.7644230769230769 0.026442307692307692 0.03365384615384615
0 0.6538461538461539 0.7067307692307693 0.028846153846153848 0.03125
1 0.6418269230769231 0.8701923076923077 0.026442307692307692 0.03125