0 0.22956730769230768 0.016826923076923076 0.0889423076923077 0.03365384615384615
0 0.0889423076923077 0.019230769230769232 0.07211538461538461 0.038461538461538464
0 0.3269230769230769 0.026442307692307692 0.03125 0.038461538461538464
0 0.2956730769230769 0.038461538461538464 0.02403846153846154 0.03365384615384615
0 0.5793269230769231 0.026442307692307692 0.03125 0.04567307692307692
1 0.6129807692307693 0.028846153846153848 0.028846153846153848 0.038461538461538464
0 0.5240384615384616 0.5360576923076923 0.08653846153846154 0.11298076923076923
0 0.23317307692307693 0.5504807692307693 0.07932692307692307 0.08173076923076923
0 0.13942307692307693 0.5745192307692307 0.07211538461538461 0.07451923076923077
0 0.3004807692307692 0.6009615384615384 0.06971153846153846 0.07211538461538461
0 0.5240384615384616 0.38822115384615385 0.09134615384615384 0.040865384615384616
0 0.234375 0.3737980769230769 0.08413461538461539 0.01201923076923077
0 0.8064903846153846 0.5625 0.35336538461538464 0.23557692307692307
0 0.8076923076923077 0.4098557692307692 0.3557692307692308 0.08413461538461539