0 0.1778846153846154 0.6826923076923077 0.04326923076923077 0.06009615384615385
1 0.2764423076923077 0.6850961538461539 0.06490384615384616 0.07692307692307693
1 0.06971153846153846 0.7067307692307693 0.05048076923076923 0.06971153846153846
1 0.03365384615384615 0.7283653846153846 0.04567307692307692 0.06009615384615385
1 0.10817307692307693 0.6754807692307693 0.03365384615384615 0.04567307692307692
1 0.1346153846153846 0.7139423076923077 0.04326923076923077 0.05048076923076923
1 0.21153846153846154 0.7139423076923077 0.038461538461538464 0.05048076923076923
0 0.9338942307692307 0.5564903846153846 0.12740384615384615 0.23317307692307693
0 0.6009615384615384 0.6947115384615384 0.06971153846153846 0.07932692307692307
0 0.4110576923076923 0.6754807692307693 0.0985576923076923 0.125
0 0.4879807692307692 0.6947115384615384 0.08653846153846154 0.11298076923076923
0 0.7331730769230769 0.6826923076923077 0.05048076923076923 0.055288461538461536
0 0.3545673076923077 0.6286057692307693 0.05048076923076923 0.08413461538461539
0 0.6706730769230769 0.6971153846153846 0.06490384615384616 0.06971153846153846
0 0.8918269230769231 0.6105769230769231 0.07932692307692307 0.09134615384615384
0 0.5721153846153846 0.65625 0.036057692307692304 0.036057692307692304