0 0.35096153846153844 0.042067307692307696 0.16826923076923078 0.08413461538461539
0 0.7091346153846154 0.3245192307692308 0.057692307692307696 0.07932692307692307
1 0.9663461538461539 0.3293269230769231 0.0625 0.10096153846153846
1 0.7884615384615384 0.34134615384615385 0.057692307692307696 0.09615384615384616
1 0.8846153846153846 0.3245192307692308 0.04567307692307692 0.06971153846153846
0 0.7091346153846154 0.018028846153846152 0.0625 0.036057692307692304
1 0.9663461538461539 0.020432692307692308 0.0625 0.040865384615384616
1 0.7896634615384616 0.014423076923076924 0.06490384615384616 0.028846153846153848
1 0.8858173076923077 0.015625 0.05048076923076923 0.03125
0 0.36538461538461536 0.9483173076923077 0.09134615384615384 0.0985576923076923
0 0.6225961538461539 0.875 0.06490384615384616 0.06971153846153846