0 0.4387019230769231 0.09375 0.19951923076923078 0.1875
0 0.16346153846153846 0.1346153846153846 0.17548076923076922 0.18269230769230768
0 0.8125 0.3918269230769231 0.07692307692307693 0.10096153846153846
0 0.9519230769230769 0.4254807692307692 0.038461538461538464 0.04326923076923077
0 0.15625 0.8269230769230769 0.06490384615384616 0.08413461538461539
0 0.036057692307692304 0.7980769230769231 0.07211538461538461 0.0673076923076923
0 0.07692307692307693 0.8076923076923077 0.04326923076923077 0.0673076923076923
0 0.21634615384615385 0.8149038461538461 0.055288461538461536 0.06971153846153846
0 0.28846153846153844 0.8245192307692307 0.07692307692307693 0.06971153846153846
0 0.34615384615384615 0.8100961538461539 0.057692307692307696 0.06009615384615385
0 0.4110576923076923 0.8197115384615384 0.052884615384615384 0.07451923076923077
0 0.46634615384615385 0.8365384615384616 0.057692307692307696 0.0625
0 0.5120192307692307 0.8389423076923077 0.04567307692307692 0.055288461538461536
0 0.5673076923076923 0.8293269230769231 0.05048076923076923 0.057692307692307696
0 0.9326923076923077 0.7548076923076923 0.07692307692307693 0.09375
0 0.8557692307692307 0.7788461538461539 0.07451923076923077 0.0889423076923077