0 0.2403846153846154 0.23798076923076922 0.07692307692307693 0.0889423076923077
0 0.12740384615384615 0.21153846153846154 0.09134615384615384 0.11778846153846154
0 0.056490384615384616 0.24759615384615385 0.11298076923076923 0.1201923076923077
0 0.4855769230769231 0.43028846153846156 0.11538461538461539 0.09134615384615384
0 0.7644230769230769 0.4014423076923077 0.09615384615384616 0.11778846153846154
0 0.7067307692307693 0.40625 0.07211538461538461 0.10096153846153846
0 0.5264423076923077 0.41466346153846156 0.14423076923076922 0.12259615384615384
0 0.9350961538461539 0.20673076923076922 0.028846153846153848 0.03365384615384615
0 0.6490384615384616 0.4651442307692308 0.028846153846153848 0.021634615384615384
0 0.4182692307692308 0.9122596153846154 0.014423076923076924 0.06009615384615385
0 0.8629807692307693 0.7524038461538461 0.24278846153846154 0.27884615384615385
0 0.4387019230769231 0.6875 0.021634615384615384 0.09134615384615384
0 0.6971153846153846 0.6923076923076923 0.07211538461538461 0.07932692307692307
0 0.9723557692307693 0.6610576923076923 0.05048076923076923 0.10576923076923077
0 0.49759615384615385 0.6875 0.04807692307692308 0.06971153846153846
0 0.5384615384615384 0.6875 0.03365384615384615 0.05048076923076923
0 0.6586538461538461 0.6875 0.036057692307692304 0.055288461538461536