1 0.22115384615384615 0.14423076923076922 0.0625 0.08173076923076923
1 0.7403846153846154 0.13701923076923078 0.06971153846153846 0.08173076923076923
1 0.5432692307692307 0.11778846153846154 0.055288461538461536 0.07211538461538461
1 0.3629807692307692 0.14182692307692307 0.052884615384615384 0.06009615384615385
1 0.01201923076923077 0.16826923076923078 0.02403846153846154 0.07211538461538461
1 0.5024038461538461 0.15384615384615385 0.036057692307692304 0.057692307692307696
1 0.7115384615384616 0.11538461538461539 0.04567307692307692 0.052884615384615384
1 0.15865384615384615 0.12740384615384615 0.028846153846153848 0.03365384615384615
1 0.11538461538461539 0.12740384615384615 0.02403846153846154 0.028846153846153848
0 0.31009615384615385 0.6177884615384616 0.20192307692307693 0.057692307692307696
0 0.9194711538461539 0.7608173076923077 0.16105769230769232 0.19951923076923078