0 0.16346153846153846 0.03485576923076923 0.07211538461538461 0.06971153846153846
0 0.30528846153846156 0.040865384615384616 0.057692307692307696 0.06971153846153846
0 0.20673076923076922 0.04807692307692308 0.04567307692307692 0.057692307692307696
1 0.43990384615384615 0.04807692307692308 0.052884615384615384 0.06009615384615385
0 0.9483173076923077 0.4519230769230769 0.0985576923076923 0.09134615384615384
0 0.9507211538461539 0.14423076923076922 0.09375 0.20192307692307693
1 0.36538461538461536 0.5096153846153846 0.057692307692307696 0.019230769230769232
1 0.234375 0.5120192307692307 0.055288461538461536 0.02403846153846154
1 0.45913461538461536 0.515625 0.038461538461538464 0.03125
1 0.5721153846153846 0.71875 0.036057692307692304 0.036057692307692304
1 0.6274038461538461 0.7211538461538461 0.028846153846153848 0.040865384615384616
1 0.65625 0.7091346153846154 0.038461538461538464 0.04326923076923077
1 0.7019230769230769 0.7259615384615384 0.03125 0.038461538461538464
1 0.7740384615384616 0.7283653846153846 0.03365384615384615 0.038461538461538464
1 0.8725961538461539 0.7115384615384616 0.03125 0.03365384615384615
1 0.9447115384615384 0.7019230769230769 0.040865384615384616 0.04567307692307692