1 0.09615384615384616 0.3485576923076923 0.07692307692307693 0.08413461538461539
1 0.015625 0.3137019230769231 0.03125 0.06490384615384616
1 0.6141826923076923 0.28966346153846156 0.026442307692307692 0.07932692307692307
1 0.15384615384615385 0.3004807692307692 0.06009615384615385 0.07692307692307693
1 0.026442307692307692 0.36778846153846156 0.052884615384615384 0.1201923076923077
1 0.40865384615384615 0.28365384615384615 0.052884615384615384 0.057692307692307696
1 0.09735576923076923 0.037259615384615384 0.07932692307692307 0.07451923076923077
1 0.015625 0.06850961538461539 0.03125 0.06490384615384616
1 0.6141826923076923 0.09254807692307693 0.026442307692307692 0.07932692307692307
1 0.15384615384615385 0.07932692307692307 0.06009615384615385 0.07692307692307693
1 0.026442307692307692 0.037259615384615384 0.052884615384615384 0.07451923076923077
1 0.40865384615384615 0.09615384615384616 0.052884615384615384 0.057692307692307696
0 0.6838942307692307 0.09495192307692307 0.10817307692307693 0.13221153846153846
0 0.8966346153846154 0.07211538461538461 0.13942307692307693 0.1346153846153846
1 0.15144230769230768 0.9134615384615384 0.04567307692307692 0.055288461538461536
1 0.6153846153846154 0.9242788461538461 0.02403846153846154 0.04567307692307692
1 0.03365384615384615 0.9326923076923077 0.03125 0.036057692307692304
1 0.057692307692307696 0.9278846153846154 0.021634615384615384 0.036057692307692304
1 0.11538461538461539 0.9254807692307693 0.03365384615384615 0.04326923076923077
1 0.24278846153846154 0.9375 0.040865384615384616 0.04567307692307692
1 0.4639423076923077 0.9302884615384616 0.038461538461538464 0.04567307692307692
1 0.5817307692307693 0.9302884615384616 0.036057692307692304 0.036057692307692304
1 0.5096153846153846 0.9326923076923077 0.036057692307692304 0.038461538461538464
1 0.40625 0.9158653846153846 0.03365384615384615 0.040865384615384616
1 0.3004807692307692 0.9423076923076923 0.03125 0.040865384615384616
1 0.3245192307692308 0.9375 0.026442307692307692 0.04326923076923077