1 0.03125 0.19951923076923078 0.057692307692307696 0.0673076923076923
1 0.25240384615384615 0.21634615384615385 0.04807692307692308 0.06009615384615385
1 0.15144230769230768 0.19230769230769232 0.052884615384615384 0.06490384615384616
1 0.3389423076923077 0.21153846153846154 0.040865384615384616 0.0625
1 0.4423076923076923 0.21153846153846154 0.04326923076923077 0.06009615384615385
0 0.8509615384615384 0.04447115384615385 0.11538461538461539 0.0889423076923077
0 0.9254807692307693 0.0673076923076923 0.14423076923076922 0.1346153846153846
1 0.7235576923076923 0.03125 0.05048076923076923 0.06009615384615385
0 0.14182692307692307 0.7524038461538461 0.036057692307692304 0.04807692307692308
1 0.040865384615384616 0.9495192307692307 0.040865384615384616 0.04567307692307692
1 0.07211538461538461 0.8004807692307693 0.05048076923076923 0.04326923076923077
1 0.038461538461538464 0.5913461538461539 0.06009615384615385 0.057692307692307696