1 0.5348557692307693 0.2824519230769231 0.021634615384615384 0.07932692307692307
1 0.18509615384615385 0.28125 0.052884615384615384 0.06490384615384616
1 0.004807692307692308 0.29927884615384615 0.009615384615384616 0.055288461538461536
1 0.021634615384615384 0.2932692307692308 0.036057692307692304 0.04326923076923077
1 0.09375 0.2932692307692308 0.038461538461538464 0.052884615384615384
1 0.12259615384615384 0.3004807692307692 0.03125 0.040865384615384616
1 0.27884615384615385 0.3004807692307692 0.05048076923076923 0.06009615384615385
1 0.25240384615384615 0.2860576923076923 0.03365384615384615 0.055288461538461536
1 0.3293269230769231 0.2980769230769231 0.03365384615384615 0.04567307692307692
1 0.4110576923076923 0.2764423076923077 0.05048076923076923 0.057692307692307696
0 0.5817307692307693 0.20192307692307693 0.04326923076923077 0.0625
0 0.8918269230769231 0.18990384615384615 0.04326923076923077 0.05048076923076923
0 0.6610576923076923 0.20192307692307693 0.052884615384615384 0.04807692307692308
0 0.7307692307692307 0.20192307692307693 0.040865384615384616 0.04567307692307692
0 0.8197115384615384 0.17548076923076922 0.036057692307692304 0.057692307692307696
0 0.8557692307692307 0.17307692307692307 0.03125 0.057692307692307696
0 0.9350961538461539 0.18509615384615385 0.04326923076923077 0.057692307692307696
0 0.21153846153846154 0.8942307692307693 0.0673076923076923 0.07932692307692307
0 0.0625 0.8677884615384616 0.08413461538461539 0.10576923076923077
0 0.31009615384615385 0.8846153846153846 0.057692307692307696 0.07692307692307693
0 0.3894230769230769 0.8894230769230769 0.05048076923076923 0.0673076923076923
0 0.4495192307692308 0.9110576923076923 0.038461538461538464 0.05048076923076923
0 0.49759615384615385 0.9038461538461539 0.038461538461538464 0.05048076923076923
0 0.5324519230769231 0.9134615384615384 0.026442307692307692 0.052884615384615384
0 0.7524038461538461 0.5961538461538461 0.04807692307692308 0.06009615384615385
0 0.6225961538461539 0.5504807692307693 0.04807692307692308 0.04567307692307692