0 0.6514423076923077 0.009615384615384616 0.04807692307692308 0.019230769230769232
0 0.5961538461538461 0.009615384615384616 0.04326923076923077 0.019230769230769232
0 0.5697115384615384 0.010817307692307692 0.04807692307692308 0.021634615384615384
0 0.48677884615384615 0.004807692307692308 0.036057692307692304 0.009615384615384616
0 0.5252403846153846 0.013221153846153846 0.036057692307692304 0.026442307692307692
0 0.7415865384615384 0.013221153846153846 0.036057692307692304 0.026442307692307692
0 0.7115384615384616 0.020432692307692308 0.04807692307692308 0.040865384615384616
0 0.2283653846153846 0.5552884615384616 0.18269230769230768 0.23317307692307693
0 0.027644230769230768 0.6394230769230769 0.055288461538461536 0.2932692307692308
0 0.22956730769230768 0.421875 0.18990384615384615 0.04567307692307692
0 0.9483173076923077 0.5324519230769231 0.0985576923076923 0.13221153846153846
0 0.5901442307692307 0.42908653846153844 0.20432692307692307 0.06009615384615385