1 0.29447115384615385 0.3233173076923077 0.06490384615384616 0.07451923076923077
1 0.9423076923076923 0.2620192307692308 0.055288461538461536 0.07451923076923077
1 0.39663461538461536 0.25961538461538464 0.1201923076923077 0.12259615384615384
1 0.6730769230769231 0.28365384615384615 0.057692307692307696 0.06490384615384616
1 0.5168269230769231 0.2860576923076923 0.052884615384615384 0.06490384615384616
1 0.9831730769230769 0.2860576923076923 0.028846153846153848 0.0673076923076923
1 0.3485576923076923 0.23076923076923078 0.038461538461538464 0.09615384615384616
1 0.5889423076923077 0.31009615384615385 0.03125 0.04567307692307692
1 0.7403846153846154 0.2980769230769231 0.040865384615384616 0.057692307692307696
1 0.8149038461538461 0.3125 0.07211538461538461 0.08173076923076923
1 0.7860576923076923 0.27163461538461536 0.057692307692307696 0.06971153846153846
1 0.8629807692307693 0.31009615384615385 0.03365384615384615 0.04326923076923077
0 0.8269230769230769 0.8221153846153846 0.036057692307692304 0.05048076923076923