0 0.10697115384615384 0.038461538461538464 0.06971153846153846 0.07692307692307693
1 0.4387019230769231 0.03365384615384615 0.07451923076923077 0.0673076923076923
1 0.23918269230769232 0.026442307692307692 0.06009615384615385 0.052884615384615384
1 0.49759615384615385 0.026442307692307692 0.057692307692307696 0.052884615384615384
1 0.015625 0.04927884615384615 0.03125 0.06009615384615385
1 0.5492788461538461 0.036057692307692304 0.01201923076923077 0.052884615384615384
1 0.9807692307692307 0.14423076923076922 0.03365384615384615 0.08653846153846154
1 0.8317307692307693 0.1658653846153846 0.07932692307692307 0.08653846153846154
1 0.7355769230769231 0.17548076923076922 0.06971153846153846 0.08173076923076923
1 0.6658653846153846 0.1658653846153846 0.052884615384615384 0.07451923076923077
1 0.09615384615384616 0.609375 0.08173076923076923 0.021634615384615384