1 0.09615384615384616 0.13822115384615385 0.0625 0.036057692307692304
1 0.13341346153846154 0.14903846153846154 0.036057692307692304 0.014423076923076924
1 0.19471153846153846 0.1502403846153846 0.04807692307692308 0.01201923076923077
1 0.6838942307692307 0.027644230769230768 0.15144230769230768 0.055288461538461536
0 0.042067307692307696 0.375 0.08413461538461539 0.1875
0 0.40384615384615385 0.33413461538461536 0.0625 0.10336538461538461
0 0.15865384615384615 0.3269230769230769 0.057692307692307696 0.07211538461538461
0 0.22355769230769232 0.3269230769230769 0.036057692307692304 0.06009615384615385
0 0.5072115384615384 0.35096153846153844 0.08173076923076923 0.12740384615384615
1 0.10336538461538461 0.39663461538461536 0.07692307692307693 0.125
1 0.18028846153846154 0.4206730769230769 0.0673076923076923 0.09615384615384616
1 0.27403846153846156 0.3293269230769231 0.03125 0.04326923076923077
1 0.33653846153846156 0.3389423076923077 0.04807692307692308 0.057692307692307696
1 0.5228365384615384 0.37259615384615385 0.06490384615384616 0.1971153846153846
0 0.04447115384615385 0.21394230769230768 0.0889423076923077 0.11057692307692307
0 0.40384615384615385 0.21394230769230768 0.0625 0.10336538461538461
0 0.15865384615384615 0.22115384615384615 0.057692307692307696 0.07211538461538461
0 0.22355769230769232 0.22115384615384615 0.036057692307692304 0.06009615384615385
0 0.5084134615384616 0.21033653846153846 0.08413461538461539 0.10336538461538461
1 0.10336538461538461 0.18870192307692307 0.08173076923076923 0.06009615384615385
1 0.18028846153846154 0.16947115384615385 0.07211538461538461 0.021634615384615384
1 0.27403846153846156 0.21875 0.03125 0.04326923076923077
1 0.33653846153846156 0.2091346153846154 0.04807692307692308 0.057692307692307696
1 0.5228365384615384 0.21754807692307693 0.06490384615384616 0.11778846153846154
0 0.8293269230769231 0.42788461538461536 0.2403846153846154 0.2692307692307692
0 0.8305288461538461 0.22355769230769232 0.24759615384615385 0.12980769230769232