1 0.34615384615384615 0.2403846153846154 0.055288461538461536 0.057692307692307696
1 0.125 0.23798076923076922 0.038461538461538464 0.052884615384615384
1 0.009615384615384616 0.24278846153846154 0.019230769230769232 0.057692307692307696
1 0.24278846153846154 0.23798076923076922 0.04567307692307692 0.052884615384615384
0 0.8269230769230769 0.3076923076923077 0.09375 0.11778846153846154
1 0.4050480769230769 0.8305288461538461 0.040865384615384616 0.06009615384615385
1 0.28125 0.8317307692307693 0.036057692307692304 0.04567307692307692
1 0.34615384615384615 0.8389423076923077 0.028846153846153848 0.038461538461538464
1 0.16105769230769232 0.8461538461538461 0.03365384615384615 0.038461538461538464
1 0.11298076923076923 0.8365384615384616 0.026442307692307692 0.03365384615384615
1 0.052884615384615384 0.8365384615384616 0.028846153846153848 0.03365384615384615
0 0.5288461538461539 0.8076923076923077 0.06490384615384616 0.06971153846153846
0 0.6586538461538461 0.8149038461538461 0.038461538461538464 0.04567307692307692
0 0.7956730769230769 0.8076923076923077 0.052884615384615384 0.052884615384615384