0 0.12620192307692307 0.007211538461538462 0.055288461538461536 0.014423076923076924
0 0.25600961538461536 0.015625 0.04567307692307692 0.03125
1 0.19951923076923078 0.018028846153846152 0.038461538461538464 0.036057692307692304
1 0.2848557692307692 0.006009615384615385 0.036057692307692304 0.01201923076923077
0 0.734375 0.028846153846153848 0.07932692307692307 0.057692307692307696
0 0.5360576923076923 0.03245192307692308 0.0673076923076923 0.06490384615384616
0 0.8413461538461539 0.07692307692307693 0.0673076923076923 0.07932692307692307
0 0.1814903846153846 0.6165865384615384 0.24759615384615385 0.23317307692307693
0 0.6778846153846154 0.6538461538461539 0.11538461538461539 0.16105769230769232
0 0.8317307692307693 0.8197115384615384 0.036057692307692304 0.04807692307692308
0 0.9375 0.8293269230769231 0.04807692307692308 0.04807692307692308