1 0.20192307692307693 0.2764423076923077 0.057692307692307696 0.06971153846153846
1 0.3112980769230769 0.2932692307692308 0.03125 0.052884615384615384
1 0.27884615384615385 0.2860576923076923 0.026442307692307692 0.04326923076923077
1 0.08413461538461539 0.2644230769230769 0.03365384615384615 0.04567307692307692
1 0.125 0.28365384615384615 0.038461538461538464 0.052884615384615384
0 0.34375 0.13942307692307693 0.028846153846153848 0.08173076923076923
0 0.375 0.125 0.052884615384615384 0.07211538461538461
0 0.4182692307692308 0.13942307692307693 0.038461538461538464 0.04567307692307692
0 0.5336538461538461 0.14423076923076922 0.04807692307692308 0.06971153846153846
0 0.6057692307692307 0.11057692307692307 0.05048076923076923 0.0625
0 0.7043269230769231 0.11778846153846154 0.052884615384615384 0.057692307692307696
0 0.7451923076923077 0.08173076923076923 0.04807692307692308 0.06009615384615385
0 0.8100961538461539 0.057692307692307696 0.04567307692307692 0.06490384615384616
0 0.7860576923076923 0.06009615384615385 0.038461538461538464 0.055288461538461536
0 0.90625 0.06009615384615385 0.055288461538461536 0.0673076923076923
0 0.9567307692307693 0.04807692307692308 0.04807692307692308 0.07451923076923077
0 0.29086538461538464 0.6802884615384616 0.07211538461538461 0.14423076923076922
0 0.042067307692307696 0.8822115384615384 0.08413461538461539 0.16346153846153846
1 0.5685096153846154 0.7211538461538461 0.2283653846153846 0.22596153846153846