0 0.3293269230769231 0.23798076923076922 0.17548076923076922 0.19951923076923078
0 0.42788461538461536 0.13221153846153846 0.13221153846153846 0.13942307692307693
1 0.026442307692307692 0.16706730769230768 0.052884615384615384 0.18028846153846154
1 0.11538461538461539 0.18990384615384615 0.13221153846153846 0.14182692307692307
1 0.49278846153846156 0.13822115384615385 0.08653846153846154 0.15144230769230768
0 0.43028846153846156 0.03125 0.13942307692307693 0.0625
0 0.8389423076923077 0.2548076923076923 0.20673076923076922 0.22596153846153846
0 0.4423076923076923 0.9447115384615384 0.052884615384615384 0.057692307692307696
0 0.5048076923076923 0.9375 0.04807692307692308 0.06009615384615385
0 0.42788461538461536 0.90625 0.057692307692307696 0.06009615384615385
0 0.6682692307692307 0.7620192307692307 0.21394230769230768 0.2692307692307692
0 0.5949519230769231 0.6742788461538461 0.11298076923076923 0.28125
0 0.9086538461538461 0.6899038461538461 0.1778846153846154 0.25961538461538464