0 0.028846153846153848 0.1658653846153846 0.04567307692307692 0.057692307692307696
0 0.2860576923076923 0.18269230769230768 0.06490384615384616 0.057692307692307696
0 0.07932692307692307 0.1875 0.03125 0.040865384615384616
0 0.1658653846153846 0.18509615384615385 0.038461538461538464 0.04326923076923077
0 0.23557692307692307 0.19951923076923078 0.040865384615384616 0.04567307692307692
0 0.47596153846153844 0.24759615384615385 0.11778846153846154 0.11778846153846154
0 0.6658653846153846 0.12980769230769232 0.09134615384615384 0.12259615384615384
1 0.28365384615384615 0.47115384615384615 0.06009615384615385 0.06971153846153846
1 0.11538461538461539 0.4639423076923077 0.052884615384615384 0.07451923076923077
1 0.01201923076923077 0.5264423076923077 0.02403846153846154 0.07211538461538461
1 0.18269230769230768 0.49278846153846156 0.03365384615384615 0.03365384615384615
0 0.37259615384615385 0.5769230769230769 0.06971153846153846 0.09615384615384616
0 0.5649038461538461 0.5721153846153846 0.09134615384615384 0.11538461538461539
1 0.33774038461538464 0.5985576923076923 0.016826923076923076 0.10096153846153846
1 0.49038461538461536 0.5673076923076923 0.04567307692307692 0.0673076923076923
1 0.4230769230769231 0.6105769230769231 0.052884615384615384 0.0625