0 0.14182692307692307 0.07211538461538461 0.09615384615384616 0.09375
0 0.3557692307692308 0.07932692307692307 0.08173076923076923 0.08413461538461539
0 0.7259615384615384 0.125 0.057692307692307696 0.08173076923076923
0 0.6586538461538461 0.12980769230769232 0.055288461538461536 0.06971153846153846
1 0.9783653846153846 0.13942307692307693 0.038461538461538464 0.07211538461538461
0 0.8125 0.14903846153846154 0.055288461538461536 0.07451923076923077
0 0.9350961538461539 0.13942307692307693 0.040865384615384616 0.06971153846153846
1 0.8557692307692307 0.14423076923076922 0.04326923076923077 0.057692307692307696
0 0.21875 0.7788461538461539 0.057692307692307696 0.08173076923076923
0 0.15144230769230768 0.7836538461538461 0.055288461538461536 0.06971153846153846
1 0.009615384615384616 0.7764423076923077 0.019230769230769232 0.08173076923076923
1 0.47596153846153844 0.7932692307692307 0.04807692307692308 0.06971153846153846
0 0.30528846153846156 0.8028846153846154 0.055288461538461536 0.07451923076923077
0 0.42788461538461536 0.7932692307692307 0.040865384615384616 0.06971153846153846
1 0.3485576923076923 0.7980769230769231 0.04326923076923077 0.057692307692307696
0 0.8629807692307693 0.5408653846153846 0.04567307692307692 0.055288461538461536