0 0.23798076923076922 0.15384615384615385 0.15865384615384615 0.13942307692307693
0 0.9411057692307693 0.5132211538461539 0.09375 0.08413461538461539
0 0.7043269230769231 0.2860576923076923 0.2764423076923077 0.2620192307692308
0 0.5 0.25961538461538464 0.07692307692307693 0.12259615384615384
0 0.7067307692307693 0.07091346153846154 0.28365384615384615 0.14182692307692307
0 0.5012019230769231 0.04927884615384615 0.08413461538461539 0.0985576923076923
0 0.23557692307692307 0.7836538461538461 0.25240384615384615 0.1971153846153846
0 0.23677884615384615 0.6213942307692307 0.25721153846153844 0.12740384615384615
0 0.6634615384615384 0.8557692307692307 0.028846153846153848 0.03365384615384615
0 0.7908653846153846 0.8461538461538461 0.026442307692307692 0.036057692307692304
0 0.6634615384615384 0.5817307692307693 0.028846153846153848 0.03365384615384615
0 0.7908653846153846 0.5913461538461539 0.026442307692307692 0.036057692307692304