0 0.3605769230769231 0.15144230769230768 0.07211538461538461 0.08413461538461539
0 0.09134615384615384 0.16346153846153846 0.05048076923076923 0.06490384615384616
0 0.21875 0.12980769230769232 0.04567307692307692 0.06009615384615385
0 0.009615384615384616 0.15144230769230768 0.019230769230769232 0.0625
0 0.019230769230769232 0.125 0.03125 0.04807692307692308
0 0.06009615384615385 0.125 0.036057692307692304 0.04567307692307692
0 0.10576923076923077 0.13701923076923078 0.03125 0.04567307692307692
0 0.32211538461538464 0.1466346153846154 0.038461538461538464 0.04326923076923077
0 0.6634615384615384 0.014423076923076924 0.028846153846153848 0.028846153846153848
0 0.7451923076923077 0.01201923076923077 0.02403846153846154 0.02403846153846154
0 0.30649038461538464 0.5637019230769231 0.2956730769230769 0.29086538461538464
0 0.8341346153846154 0.5793269230769231 0.07211538461538461 0.0985576923076923
0 0.7403846153846154 0.5697115384615384 0.0625 0.09375