1 0.15865384615384615 0.3485576923076923 0.14903846153846154 0.16105769230769232
0 0.9855769230769231 0.12379807692307693 0.02403846153846154 0.06971153846153846
0 0.47716346153846156 0.018028846153846152 0.05048076923076923 0.036057692307692304
0 0.7163461538461539 0.18990384615384615 0.055288461538461536 0.06009615384615385
0 0.8269230769230769 0.15144230769230768 0.057692307692307696 0.057692307692307696
0 0.9110576923076923 0.0673076923076923 0.06971153846153846 0.06490384615384616
0 0.16346153846153846 0.8269230769230769 0.026442307692307692 0.038461538461538464
0 0.3016826923076923 0.7896634615384616 0.007211538461538462 0.04567307692307692
0 0.20673076923076922 0.8100961538461539 0.038461538461538464 0.03365384615384615
0 0.15865384615384615 0.7956730769230769 0.036057692307692304 0.028846153846153848
0 0.5793269230769231 0.8293269230769231 0.12980769230769232 0.16346153846153846