0 0.23317307692307693 0.11538461538461539 0.07211538461538461 0.10336538461538461
0 0.019230769230769232 0.11057692307692307 0.038461538461538464 0.10096153846153846
0 0.38461538461538464 0.6850961538461539 0.15384615384615385 0.18509615384615385
0 0.16105769230769232 0.7524038461538461 0.07211538461538461 0.08413461538461539
0 0.21394230769230768 0.7475961538461539 0.055288461538461536 0.06490384615384616
0 0.5252403846153846 0.8798076923076923 0.021634615384615384 0.0625
0 0.0889423076923077 0.7524038461538461 0.07211538461538461 0.08413461538461539
0 0.036057692307692304 0.7475961538461539 0.055288461538461536 0.06490384615384616
0 0.9807692307692307 0.5384615384615384 0.03365384615384615 0.057692307692307696
0 0.7560096153846154 0.5252403846153846 0.04567307692307692 0.03125
0 0.8004807692307693 0.5408653846153846 0.036057692307692304 0.05048076923076923