0 0.19230769230769232 0.43509615384615385 0.055288461538461536 0.06009615384615385
1 0.9891826923076923 0.10216346153846154 0.016826923076923076 0.08413461538461539
1 0.6706730769230769 0.15384615384615385 0.13221153846153846 0.14182692307692307
1 0.9423076923076923 0.13701923076923078 0.07451923076923077 0.07211538461538461
1 0.7716346153846154 0.10576923076923077 0.055288461538461536 0.06490384615384616
1 0.8798076923076923 0.12740384615384615 0.0889423076923077 0.0985576923076923
1 0.59375 0.05048076923076923 0.04807692307692308 0.0673076923076923
1 0.40384615384615385 0.06490384615384616 0.028846153846153848 0.038461538461538464
1 0.49759615384615385 0.06009615384615385 0.04567307692307692 0.04807692307692308
1 0.6850961538461539 0.07932692307692307 0.057692307692307696 0.05048076923076923
1 0.29086538461538464 0.7043269230769231 0.04567307692307692 0.05048076923076923
0 0.21634615384615385 0.7019230769230769 0.055288461538461536 0.057692307692307696
1 0.29086538461538464 0.5697115384615384 0.04567307692307692 0.05048076923076923
0 0.21634615384615385 0.5721153846153846 0.055288461538461536 0.057692307692307696
0 0.47475961538461536 0.5745192307692307 0.14182692307692307 0.07211538461538461
0 0.953125 0.5853365384615384 0.0889423076923077 0.09375
0 0.6574519230769231 0.5637019230769231 0.10336538461538461 0.05048076923076923