1 0.11298076923076923 0.2403846153846154 0.16346153846153846 0.1971153846153846
1 0.3954326923076923 0.2692307692307692 0.06009615384615385 0.14423076923076922
1 0.4110576923076923 0.18509615384615385 0.028846153846153848 0.23076923076923078
0 0.5384615384615384 0.15625 0.028846153846153848 0.038461538461538464
0 0.6610576923076923 0.1778846153846154 0.03125 0.03365384615384615
0 0.7139423076923077 0.17067307692307693 0.03365384615384615 0.038461538461538464
0 0.4387019230769231 0.15625 0.021634615384615384 0.03365384615384615
1 0.8725961538461539 0.16346153846153846 0.03365384615384615 0.036057692307692304
1 0.9771634615384616 0.15144230769230768 0.040865384615384616 0.057692307692307696
0 0.17548076923076922 0.7355769230769231 0.06490384615384616 0.06971153846153846
0 0.30528846153846156 0.7427884615384616 0.038461538461538464 0.04567307692307692
0 0.9350961538461539 0.8413461538461539 0.03365384615384615 0.03365384615384615
0 0.9831730769230769 0.8461538461538461 0.028846153846153848 0.036057692307692304
0 0.9615384615384616 0.8365384615384616 0.028846153846153848 0.038461538461538464