0 0.7716346153846154 0.12740384615384615 0.12740384615384615 0.17067307692307693
0 0.27524038461538464 0.4098557692307692 0.1658653846153846 0.06009615384615385
0 0.35096153846153844 0.5288461538461539 0.08173076923076923 0.09375
0 0.036057692307692304 0.5228365384615384 0.07211538461538461 0.11298076923076923
0 0.4230769230769231 0.5360576923076923 0.057692307692307696 0.0625
0 0.3581730769230769 0.4423076923076923 0.03125 0.038461538461538464
0 0.4567307692307692 0.5120192307692307 0.04326923076923077 0.038461538461538464
0 0.5865384615384616 0.5 0.03125 0.036057692307692304
0 0.5432692307692307 0.4831730769230769 0.03125 0.03365384615384615
0 0.5961538461538461 0.46153846153846156 0.02403846153846154 0.03365384615384615
0 0.4543269230769231 0.4423076923076923 0.03365384615384615 0.036057692307692304
0 0.5697115384615384 0.44471153846153844 0.021634615384615384 0.036057692307692304
0 0.84375 0.5865384615384616 0.1201923076923077 0.10576923076923077