0 0.8798076923076923 0.17548076923076922 0.12980769230769232 0.13942307692307693
0 0.4423076923076923 0.15625 0.09134615384615384 0.10336538461538461
1 0.6057692307692307 0.125 0.0625 0.09375
1 0.6802884615384616 0.1346153846153846 0.040865384615384616 0.0625
1 0.7211538461538461 0.15865384615384615 0.07451923076923077 0.07932692307692307
1 0.9579326923076923 0.14182692307692307 0.07932692307692307 0.11057692307692307
0 0.30288461538461536 0.53125 0.11778846153846154 0.1778846153846154
1 0.18509615384615385 0.5576923076923077 0.1658653846153846 0.21153846153846154
0 0.30408653846153844 0.3858173076923077 0.12259615384615384 0.11298076923076923
1 0.18629807692307693 0.38100961538461536 0.17067307692307693 0.10336538461538461
0 0.5480769230769231 0.8028846153846154 0.19471153846153846 0.22355769230769232
0 0.4014423076923077 0.8052884615384616 0.02403846153846154 0.23076923076923078