0 0.125 0.12259615384615384 0.15384615384615385 0.19951923076923078
0 0.6370192307692307 0.24759615384615385 0.038461538461538464 0.125
0 0.8341346153846154 0.20192307692307693 0.0889423076923077 0.09615384615384616
0 0.6971153846153846 0.27163461538461536 0.04567307692307692 0.052884615384615384
0 0.018028846153846152 0.5012019230769231 0.036057692307692304 0.07932692307692307
0 0.46875 0.4807692307692308 0.06009615384615385 0.07932692307692307
0 0.33653846153846156 0.5144230769230769 0.057692307692307696 0.08653846153846154
0 0.6081730769230769 0.4855769230769231 0.09615384615384616 0.10336538461538461
0 0.2091346153846154 0.4879807692307692 0.06009615384615385 0.07692307692307693
0 0.052884615384615384 0.5 0.05048076923076923 0.0625
0 0.8317307692307693 0.4543269230769231 0.07692307692307693 0.10817307692307693
0 0.9182692307692307 0.4423076923076923 0.05048076923076923 0.07211538461538461
0 0.9663461538461539 0.46153846153846156 0.04567307692307692 0.0625