0 0.2403846153846154 0.22596153846153846 0.057692307692307696 0.057692307692307696
0 0.02283653846153846 0.016826923076923076 0.04567307692307692 0.03365384615384615
0 0.1778846153846154 0.5240384615384616 0.036057692307692304 0.052884615384615384
0 0.21153846153846154 0.5048076923076923 0.03365384615384615 0.04807692307692308
0 0.25961538461538464 0.5264423076923077 0.04567307692307692 0.04807692307692308
0 0.3125 0.5168269230769231 0.04326923076923077 0.055288461538461536
0 0.3701923076923077 0.5144230769230769 0.038461538461538464 0.05048076923076923
0 0.4723557692307692 0.5961538461538461 0.0889423076923077 0.24519230769230768
0 0.5600961538461539 0.6322115384615384 0.06490384615384616 0.0889423076923077
0 0.7355769230769231 0.7163461538461539 0.0625 0.07932692307692307
0 0.47475961538461536 0.3737980769230769 0.09375 0.05048076923076923