1 0.04326923076923077 0.055288461538461536 0.08653846153846154 0.11057692307692307
1 0.15144230769230768 0.06009615384615385 0.11538461538461539 0.11778846153846154
1 0.34375 0.05048076923076923 0.12980769230769232 0.10096153846153846
1 0.25841346153846156 0.039663461538461536 0.06009615384615385 0.07932692307692307
1 0.2932692307692308 0.0985576923076923 0.07451923076923077 0.07692307692307693
0 0.8028846153846154 0.07692307692307693 0.0673076923076923 0.0625
0 0.4230769230769231 0.65625 0.04567307692307692 0.0673076923076923
0 0.31490384615384615 0.5805288461538461 0.0625 0.06490384615384616
0 0.9302884615384616 0.6971153846153846 0.06009615384615385 0.04807692307692308
0 0.9663461538461539 0.8413461538461539 0.052884615384615384 0.057692307692307696
0 0.6995192307692307 0.6490384615384616 0.057692307692307696 0.052884615384615384