0 0.43509615384615385 0.23076923076923078 0.06971153846153846 0.057692307692307696
0 0.7091346153846154 0.3293269230769231 0.016826923076923076 0.03125
0 0.8317307692307693 0.35336538461538464 0.016826923076923076 0.02403846153846154
0 0.7475961538461539 0.35096153846153844 0.019230769230769232 0.02403846153846154
0 0.8028846153846154 0.3485576923076923 0.016826923076923076 0.02403846153846154
0 0.7091346153846154 0.6322115384615384 0.019230769230769232 0.026442307692307692
0 0.8317307692307693 0.6129807692307693 0.016826923076923076 0.02403846153846154
0 0.7475961538461539 0.6153846153846154 0.019230769230769232 0.02403846153846154
0 0.8028846153846154 0.6177884615384616 0.016826923076923076 0.02403846153846154
0 0.4639423076923077 0.8197115384615384 0.09375 0.09375
0 0.8509615384615384 0.7427884615384616 0.057692307692307696 0.06490384615384616
0 0.5889423076923077 0.7716346153846154 0.03365384615384615 0.04807692307692308
0 0.7956730769230769 0.7572115384615384 0.04567307692307692 0.057692307692307696