0 0.5492788461538461 0.19230769230769232 0.15625 0.20673076923076922
0 0.6899038461538461 0.14302884615384615 0.1201923076923077 0.2860576923076923
0 0.9771634615384616 0.17668269230769232 0.040865384615384616 0.12259615384615384
0 0.5673076923076923 0.8100961538461539 0.08413461538461539 0.0985576923076923
0 0.5384615384615384 0.5721153846153846 0.055288461538461536 0.0673076923076923
0 0.3245192307692308 0.7379807692307693 0.052884615384615384 0.052884615384615384
0 0.49278846153846156 0.5480769230769231 0.052884615384615384 0.06490384615384616
0 0.27163461538461536 0.59375 0.05048076923076923 0.052884615384615384
0 0.34375 0.5769230769230769 0.04326923076923077 0.057692307692307696
0 0.4495192307692308 0.5961538461538461 0.04567307692307692 0.055288461538461536
0 0.5432692307692307 0.7668269230769231 0.057692307692307696 0.057692307692307696
0 0.3245192307692308 0.7091346153846154 0.06009615384615385 0.05048076923076923
0 0.7860576923076923 0.6514423076923077 0.0625 0.057692307692307696