0 0.17067307692307693 0.2860576923076923 0.04326923076923077 0.04567307692307692
0 0.3485576923076923 0.27884615384615385 0.036057692307692304 0.03365384615384615
0 0.31009615384615385 0.25721153846153844 0.038461538461538464 0.04326923076923077
0 0.20673076923076922 0.12980769230769232 0.040865384615384616 0.04567307692307692
0 0.3557692307692308 0.06971153846153846 0.03125 0.03365384615384615
0 0.16826923076923078 0.20192307692307693 0.038461538461538464 0.038461538461538464
0 0.11778846153846154 0.21634615384615385 0.028846153846153848 0.038461538461538464
0 0.18028846153846154 0.10336538461538461 0.028846153846153848 0.03125
0 0.14423076923076922 0.21634615384615385 0.03125 0.040865384615384616
0 0.9819711538461539 0.25600961538461536 0.03125 0.06490384615384616
0 0.49038461538461536 0.29086538461538464 0.036057692307692304 0.052884615384615384
0 0.5649038461538461 0.28125 0.040865384615384616 0.0625
0 0.11298076923076923 0.6610576923076923 0.1778846153846154 0.19230769230769232
0 0.3233173076923077 0.5372596153846154 0.1466346153846154 0.25240384615384615
0 0.9278846153846154 0.47716346153846156 0.13942307692307693 0.17067307692307693