0 0.0673076923076923 0.27884615384615385 0.08173076923076923 0.10336538461538461
0 0.71875 0.11538461538461539 0.10336538461538461 0.11298076923076923
0 0.8653846153846154 0.1466346153846154 0.06971153846153846 0.09375
0 0.7668269230769231 0.1201923076923077 0.057692307692307696 0.10576923076923077
0 0.2692307692307692 0.7884615384615384 0.17548076923076922 0.14903846153846154
0 0.4495192307692308 0.9879807692307693 0.02403846153846154 0.019230769230769232
0 0.9699519230769231 0.7067307692307693 0.055288461538461536 0.14423076923076922
0 0.8725961538461539 0.6826923076923077 0.07451923076923077 0.09615384615384616
0 0.7307692307692307 0.6995192307692307 0.04807692307692308 0.06971153846153846
0 0.8004807692307693 0.7163461538461539 0.057692307692307696 0.07451923076923077
0 0.6778846153846154 0.7067307692307693 0.04567307692307692 0.057692307692307696