1 0.016826923076923076 0.036057692307692304 0.03125 0.038461538461538464
1 0.006009615384615385 0.051682692307692304 0.01201923076923077 0.036057692307692304
1 0.057692307692307696 0.040865384615384616 0.03365384615384615 0.03365384615384615
1 0.1201923076923077 0.04567307692307692 0.03365384615384615 0.04567307692307692
1 0.1658653846153846 0.03365384615384615 0.052884615384615384 0.06490384615384616
1 0.5288461538461539 0.013221153846153846 0.038461538461538464 0.026442307692307692
1 0.32211538461538464 0.021634615384615384 0.04807692307692308 0.04326923076923077
0 0.8076923076923077 0.1466346153846154 0.10096153846153846 0.10336538461538461
0 0.6117788461538461 0.08413461538461539 0.04567307692307692 0.10576923076923077
1 0.8245192307692307 0.7235576923076923 0.09134615384615384 0.10096153846153846
1 0.7355769230769231 0.75 0.0625 0.07932692307692307
1 0.6370192307692307 0.7355769230769231 0.057692307692307696 0.07451923076923077