1 0.007211538461538462 0.35216346153846156 0.014423076923076924 0.026442307692307692
1 0.025240384615384616 0.3545673076923077 0.036057692307692304 0.021634615384615384
1 0.109375 0.35096153846153844 0.03125 0.028846153846153848
1 0.13822115384615385 0.3581730769230769 0.03125 0.014423076923076924
1 0.19951923076923078 0.3557692307692308 0.038461538461538464 0.019230769230769232
1 0.36899038461538464 0.36177884615384615 0.026442307692307692 0.007211538461538462
1 0.007211538461538462 0.025240384615384616 0.014423076923076924 0.05048076923076923
1 0.02403846153846154 0.026442307692307692 0.03365384615384615 0.036057692307692304
1 0.10817307692307693 0.03365384615384615 0.028846153846153848 0.036057692307692304
1 0.13701923076923078 0.021634615384615384 0.028846153846153848 0.03365384615384615
1 0.19951923076923078 0.02403846153846154 0.036057692307692304 0.036057692307692304
1 0.23076923076923078 0.014423076923076924 0.028846153846153848 0.028846153846153848
1 0.2668269230769231 0.013221153846153846 0.028846153846153848 0.026442307692307692
1 0.36899038461538464 0.015625 0.026442307692307692 0.03125
0 0.9302884615384616 0.07451923076923077 0.057692307692307696 0.07932692307692307
0 0.055288461538461536 0.45072115384615385 0.11057692307692307 0.1658653846153846
0 0.5985576923076923 0.6706730769230769 0.1346153846153846 0.14903846153846154