0 0.36778846153846156 0.25240384615384615 0.06490384615384616 0.11057692307692307
0 0.6634615384615384 0.27884615384615385 0.12259615384615384 0.16826923076923078
0 0.4326923076923077 0.28365384615384615 0.0673076923076923 0.08653846153846154
0 0.17668269230769232 0.296875 0.12740384615384615 0.13701923076923078
0 0.06009615384615385 0.2692307692307692 0.08413461538461539 0.11538461538461539
0 0.2980769230769231 0.28125 0.0889423076923077 0.11538461538461539
0 0.5480769230769231 0.30528846153846156 0.04807692307692308 0.07211538461538461
0 0.4735576923076923 0.2980769230769231 0.02403846153846154 0.08173076923076923
0 0.23798076923076922 0.2932692307692308 0.052884615384615384 0.09134615384615384
0 0.5024038461538461 0.31971153846153844 0.03125 0.06009615384615385
0 0.7764423076923077 0.3112980769230769 0.038461538461538464 0.06009615384615385
0 0.3701923076923077 0.04567307692307692 0.07211538461538461 0.09134615384615384
0 0.6646634615384616 0.046875 0.12740384615384615 0.09375
0 0.4338942307692308 0.02403846153846154 0.07451923076923077 0.04807692307692308
0 0.17548076923076922 0.030048076923076924 0.12980769230769232 0.06009615384615385
0 0.0625 0.038461538461538464 0.09134615384615384 0.07692307692307693
0 0.29927884615384615 0.03245192307692308 0.09375 0.06490384615384616
0 0.5492788461538461 0.009615384615384616 0.055288461538461536 0.019230769230769232
0 0.4735576923076923 0.015625 0.028846153846153848 0.03125
0 0.23798076923076922 0.020432692307692308 0.057692307692307696 0.040865384615384616
0 0.7764423076923077 0.003605769230769231 0.038461538461538464 0.007211538461538462
0 0.5925480769230769 0.4699519230769231 0.16105769230769232 0.20432692307692307
0 0.2091346153846154 0.41346153846153844 0.10096153846153846 0.09134615384615384
0 0.3858173076923077 0.46033653846153844 0.16105769230769232 0.18509615384615385
0 0.7463942307692307 0.5108173076923077 0.0985576923076923 0.2860576923076923
0 0.6826923076923077 0.4387019230769231 0.09615384615384616 0.14182692307692307
0 0.09014423076923077 0.44350961538461536 0.18028846153846154 0.15144230769230768
0 0.8161057692307693 0.6177884615384616 0.036057692307692304 0.16826923076923078
0 0.9819711538461539 0.6189903846153846 0.03125 0.17067307692307693