1 0.30528846153846156 0.026442307692307692 0.038461538461538464 0.040865384615384616
0 0.8677884615384616 0.14423076923076922 0.0673076923076923 0.09134615384615384
0 0.5528846153846154 0.125 0.0625 0.08653846153846154
0 0.43509615384615385 0.1346153846153846 0.052884615384615384 0.07932692307692307
0 0.9254807692307693 0.16346153846153846 0.055288461538461536 0.06490384615384616
0 0.7451923076923077 0.1658653846153846 0.04807692307692308 0.06971153846153846
0 0.6490384615384616 0.125 0.052884615384615384 0.06971153846153846
0 0.3798076923076923 0.16826923076923078 0.05048076923076923 0.0673076923076923
0 0.5985576923076923 0.14182692307692307 0.036057692307692304 0.06009615384615385
0 0.7860576923076923 0.15384615384615385 0.036057692307692304 0.06490384615384616
0 0.9903846153846154 0.15504807692307693 0.014423076923076924 0.06490384615384616
0 0.05048076923076923 0.578125 0.10096153846153846 0.2283653846153846
0 0.5288461538461539 0.75 0.052884615384615384 0.057692307692307696
0 0.5913461538461539 0.7427884615384616 0.04807692307692308 0.06009615384615385
0 0.5144230769230769 0.7115384615384616 0.057692307692307696 0.06009615384615385
0 0.7668269230769231 0.7716346153846154 0.052884615384615384 0.055288461538461536
0 0.6658653846153846 0.5865384615384616 0.057692307692307696 0.0673076923076923
0 0.8221153846153846 0.5504807692307693 0.04807692307692308 0.057692307692307696