1 0.13822115384615385 0.009615384615384616 0.05048076923076923 0.019230769230769232
0 0.4495192307692308 0.25240384615384615 0.057692307692307696 0.06490384615384616
1 0.7740384615384616 0.2403846153846154 0.04567307692307692 0.055288461538461536
1 0.6177884615384616 0.2548076923076923 0.04326923076923077 0.0625
1 0.8701923076923077 0.23798076923076922 0.03125 0.04326923076923077
1 0.8942307692307693 0.23317307692307693 0.028846153846153848 0.04567307692307692
1 0.9495192307692307 0.2403846153846154 0.04326923076923077 0.05048076923076923
1 0.6610576923076923 0.2644230769230769 0.040865384615384616 0.04567307692307692
1 0.5769230769230769 0.2668269230769231 0.03125 0.036057692307692304
1 0.7115384615384616 0.27163461538461536 0.03125 0.036057692307692304
0 0.5504807692307693 0.5528846153846154 0.07932692307692307 0.0985576923076923
0 0.9675480769230769 0.5444711538461539 0.06009615384615385 0.10817307692307693
0 0.6105769230769231 0.5817307692307693 0.05048076923076923 0.0625
1 0.8004807692307693 0.5841346153846154 0.05048076923076923 0.06009615384615385
0 0.8822115384615384 0.5649038461538461 0.04326923076923077 0.057692307692307696