0 0.5384615384615384 0.25240384615384615 0.07692307692307693 0.1346153846153846
0 0.4543269230769231 0.28125 0.07692307692307693 0.0889423076923077
0 0.27163461538461536 0.30528846153846156 0.10576923076923077 0.1346153846153846
0 0.38461538461538464 0.27163461538461536 0.055288461538461536 0.08653846153846154
0 0.18509615384615385 0.28365384615384615 0.04326923076923077 0.06009615384615385
0 0.23798076923076922 0.25 0.04807692307692308 0.07451923076923077
0 0.35096153846153844 0.27884615384615385 0.040865384615384616 0.07932692307692307
0 0.7716346153846154 0.12740384615384615 0.038461538461538464 0.04567307692307692
0 0.14302884615384615 0.5024038461538461 0.1658653846153846 0.16826923076923078
0 0.7427884615384616 0.6129807692307693 0.1778846153846154 0.1466346153846154
0 0.9759615384615384 0.7079326923076923 0.04326923076923077 0.06490384615384616
0 0.7439903846153846 0.47836538461538464 0.18028846153846154 0.1201923076923077