0 0.3557692307692308 0.21634615384615385 0.07932692307692307 0.06009615384615385
0 0.6730769230769231 0.016826923076923076 0.12980769230769232 0.03365384615384615
0 0.84375 0.2932692307692308 0.15625 0.17307692307692307
0 0.8701923076923077 0.025240384615384616 0.11057692307692307 0.05048076923076923
0 0.8701923076923077 0.15865384615384615 0.10576923076923077 0.10817307692307693
0 0.01201923076923077 0.6165865384615384 0.02403846153846154 0.016826923076923076
0 0.12259615384615384 0.6634615384615384 0.026442307692307692 0.021634615384615384
0 0.8197115384615384 0.8125 0.08413461538461539 0.0985576923076923
0 0.9447115384615384 0.7692307692307693 0.10336538461538461 0.11057692307692307
0 0.5769230769230769 0.7403846153846154 0.052884615384615384 0.052884615384615384
0 0.5240384615384616 0.6165865384615384 0.052884615384615384 0.016826923076923076
0 0.7019230769230769 0.6177884615384616 0.04807692307692308 0.019230769230769232
0 0.7956730769230769 0.7692307692307693 0.057692307692307696 0.057692307692307696
0 0.5769230769230769 0.7115384615384616 0.06009615384615385 0.05048076923076923