0 0.38221153846153844 0.11778846153846154 0.11298076923076923 0.12980769230769232
0 0.38221153846153844 0.025240384615384616 0.11538461538461539 0.05048076923076923
0 0.9098557692307693 0.23317307692307693 0.17548076923076922 0.1778846153846154
0 0.7548076923076923 0.22956730769230768 0.07211538461538461 0.15625
0 0.6586538461538461 0.5228365384615384 0.07211538461538461 0.06971153846153846
0 0.49158653846153844 0.5252403846153846 0.06971153846153846 0.07451923076923077
0 0.140625 0.5288461538461539 0.07932692307692307 0.08173076923076923
0 0.26802884615384615 0.5204326923076923 0.06490384615384616 0.06490384615384616
0 0.203125 0.5216346153846154 0.055288461538461536 0.0673076923076923
1 0.38461538461538464 0.5408653846153846 0.057692307692307696 0.07451923076923077
1 0.6165865384615384 0.5180288461538461 0.036057692307692304 0.06009615384615385
1 0.5913461538461539 0.5168269230769231 0.03365384615384615 0.055288461538461536
0 0.8341346153846154 0.6310096153846154 0.23076923076923078 0.25240384615384615