1 0.17307692307692307 0.19230769230769232 0.04567307692307692 0.057692307692307696
0 0.5841346153846154 0.3317307692307692 0.06009615384615385 0.08173076923076923
0 0.9447115384615384 0.33413461538461536 0.052884615384615384 0.06009615384615385
1 0.6514423076923077 0.34615384615384615 0.036057692307692304 0.052884615384615384
1 0.8701923076923077 0.33413461538461536 0.036057692307692304 0.04807692307692308
0 0.19471153846153846 0.6346153846153846 0.04567307692307692 0.0673076923076923
0 0.24519230769230768 0.6153846153846154 0.04567307692307692 0.06009615384615385
0 0.33413461538461536 0.625 0.04326923076923077 0.06490384615384616
0 0.40384615384615385 0.6201923076923077 0.04567307692307692 0.06009615384615385
0 0.47836538461538464 0.6177884615384616 0.04567307692307692 0.057692307692307696
0 0.31009615384615385 0.6201923076923077 0.04326923076923077 0.06971153846153846
0 0.5877403846153846 0.4543269230769231 0.09375 0.07211538461538461