0 0.35096153846153844 0.38221153846153844 0.0625 0.07932692307692307
0 0.14903846153846154 0.35336538461538464 0.08653846153846154 0.0889423076923077
1 0.030048076923076924 0.11057692307692307 0.06009615384615385 0.08173076923076923
0 0.8305288461538461 0.038461538461538464 0.11778846153846154 0.07692307692307693
0 0.5600961538461539 0.0889423076923077 0.10096153846153846 0.10576923076923077
0 0.19230769230769232 0.6225961538461539 0.03365384615384615 0.04807692307692308
0 0.16105769230769232 0.6177884615384616 0.03365384615384615 0.04567307692307692
0 0.2548076923076923 0.625 0.038461538461538464 0.04567307692307692
0 0.2932692307692308 0.6129807692307693 0.03365384615384615 0.04326923076923077
0 0.34375 0.6177884615384616 0.04326923076923077 0.057692307692307696
0 0.40625 0.5817307692307693 0.09134615384615384 0.10336538461538461
0 0.4495192307692308 0.6081730769230769 0.036057692307692304 0.052884615384615384
0 0.6947115384615384 0.5168269230769231 0.10096153846153846 0.14182692307692307