0 0.390625 0.1346153846153846 0.06971153846153846 0.10096153846153846
1 0.08413461538461539 0.14182692307692307 0.08173076923076923 0.08413461538461539
1 0.20192307692307693 0.21634615384615385 0.04326923076923077 0.055288461538461536
1 0.23798076923076922 0.19230769230769232 0.04326923076923077 0.052884615384615384
1 0.2956730769230769 0.23317307692307693 0.03365384615384615 0.04326923076923077
0 0.390625 0.03485576923076923 0.06971153846153846 0.06971153846153846
1 0.08533653846153846 0.027644230769230768 0.08413461538461539 0.055288461538461536
0 0.6971153846153846 0.25721153846153844 0.15865384615384615 0.19230769230769232
0 0.6971153846153846 0.051682692307692304 0.16346153846153846 0.10336538461538461
0 0.5793269230769231 0.7908653846153846 0.038461538461538464 0.04326923076923077
0 0.7163461538461539 0.8052884615384616 0.04567307692307692 0.040865384615384616
0 0.8365384615384616 0.8413461538461539 0.04326923076923077 0.055288461538461536