1 0.15384615384615385 0.2091346153846154 0.11057692307692307 0.11298076923076923
0 0.3293269230769231 0.07211538461538461 0.06490384615384616 0.08173076923076923
0 0.25240384615384615 0.9735576923076923 0.036057692307692304 0.04326923076923077
1 0.9903846153846154 0.8533653846153846 0.014423076923076924 0.04807692307692308
1 0.296875 0.8112980769230769 0.036057692307692304 0.04567307692307692
1 0.375 0.8149038461538461 0.03365384615384615 0.03125
1 0.4326923076923077 0.8317307692307693 0.03365384615384615 0.04326923076923077
1 0.5240384615384616 0.8413461538461539 0.04567307692307692 0.04567307692307692
1 0.5552884615384616 0.8245192307692307 0.026442307692307692 0.03365384615384615
1 0.5817307692307693 0.8197115384615384 0.03365384615384615 0.04567307692307692
1 0.625 0.8365384615384616 0.03125 0.03125
1 0.65625 0.8461538461538461 0.04326923076923077 0.04807692307692308
1 0.7115384615384616 0.8509615384615384 0.036057692307692304 0.040865384615384616
1 0.7980769230769231 0.8389423076923077 0.04326923076923077 0.04807692307692308
1 0.875 0.8461538461538461 0.038461538461538464 0.04567307692307692
1 0.9399038461538461 0.8629807692307693 0.040865384615384616 0.038461538461538464