0 0.3401442307692308 0.06009615384615385 0.05048076923076923 0.09134615384615384
1 0.15384615384615385 0.08413461538461539 0.06971153846153846 0.0889423076923077
1 0.2403846153846154 0.0673076923076923 0.057692307692307696 0.08173076923076923
1 0.025240384615384616 0.09495192307692307 0.05048076923076923 0.07451923076923077
1 0.0625 0.1201923076923077 0.04567307692307692 0.05048076923076923
0 0.7151442307692307 0.11057692307692307 0.24278846153846154 0.22115384615384615
0 0.22115384615384615 0.7836538461538461 0.07451923076923077 0.09134615384615384
1 0.9375 0.8461538461538461 0.06009615384615385 0.06971153846153846
1 0.46634615384615385 0.8557692307692307 0.05048076923076923 0.057692307692307696
1 0.5072115384615384 0.8149038461538461 0.04326923076923077 0.052884615384615384
1 0.5456730769230769 0.8365384615384616 0.04567307692307692 0.06009615384615385
1 0.5913461538461539 0.8485576923076923 0.03125 0.04326923076923077
1 0.6875 0.8581730769230769 0.052884615384615384 0.06009615384615385
1 0.7548076923076923 0.8485576923076923 0.04326923076923077 0.055288461538461536