0 0.31971153846153844 0.3894230769230769 0.0625 0.07211538461538461
0 0.1310096153846154 0.3954326923076923 0.07932692307692307 0.06009615384615385
0 0.4050480769230769 0.4014423076923077 0.04567307692307692 0.04807692307692308
0 0.24519230769230768 0.4050480769230769 0.04326923076923077 0.040865384615384616
0 0.015625 0.4026442307692308 0.03125 0.04567307692307692
0 0.0733173076923077 0.4050480769230769 0.040865384615384616 0.040865384615384616
0 0.16947115384615385 0.4050480769230769 0.036057692307692304 0.040865384615384616
0 0.5588942307692307 0.4050480769230769 0.06009615384615385 0.040865384615384616
0 0.45913461538461536 0.7668269230769231 0.06971153846153846 0.0625
0 0.004807692307692308 0.7980769230769231 0.009615384615384616 0.04326923076923077
0 0.9423076923076923 0.7764423076923077 0.07692307692307693 0.07932692307692307
0 0.7836538461538461 0.7283653846153846 0.07932692307692307 0.08413461538461539