0 0.4423076923076923 0.06370192307692307 0.028846153846153848 0.06009615384615385
0 0.23557692307692307 0.0889423076923077 0.05048076923076923 0.040865384615384616
0 0.22596153846153846 0.026442307692307692 0.04807692307692308 0.04567307692307692
0 0.27884615384615385 0.03365384615384615 0.038461538461538464 0.040865384615384616
0 0.38221153846153844 0.09615384615384616 0.038461538461538464 0.038461538461538464
0 0.5168269230769231 0.0985576923076923 0.06971153846153846 0.07451923076923077
0 0.6634615384615384 0.1201923076923077 0.06009615384615385 0.06971153846153846
0 0.06610576923076923 0.5048076923076923 0.0889423076923077 0.052884615384615384
0 0.5432692307692307 0.8052884615384616 0.05048076923076923 0.057692307692307696
0 0.46634615384615385 0.8040865384615384 0.014423076923076924 0.04567307692307692
0 0.9230769230769231 0.8125 0.03365384615384615 0.03365384615384615
0 0.7644230769230769 0.8028846153846154 0.03125 0.03365384615384615
0 0.8004807692307693 0.8197115384615384 0.03365384615384615 0.03365384615384615