0 0.27163461538461536 0.04807692307692308 0.0673076923076923 0.08173076923076923
0 0.38100961538461536 0.036057692307692304 0.06009615384615385 0.07211538461538461
0 0.027644230769230768 0.04927884615384615 0.055288461538461536 0.07932692307692307
0 0.11778846153846154 0.052884615384615384 0.03125 0.040865384615384616
0 0.20673076923076922 0.04326923076923077 0.038461538461538464 0.04807692307692308
0 0.43990384615384615 0.07451923076923077 0.055288461538461536 0.07692307692307693
0 0.16346153846153846 0.040865384615384616 0.03125 0.036057692307692304
0 0.5625 0.18028846153846154 0.038461538461538464 0.04567307692307692
0 0.6177884615384616 0.23798076923076922 0.04567307692307692 0.04326923076923077
0 0.6201923076923077 0.18990384615384615 0.052884615384615384 0.040865384615384616
0 0.6370192307692307 0.08413461538461539 0.038461538461538464 0.04567307692307692
0 0.08173076923076923 0.5168269230769231 0.11057692307692307 0.09615384615384616
1 0.5348557692307693 0.7536057692307693 0.05048076923076923 0.0985576923076923
1 0.9519230769230769 0.7427884615384616 0.08413461538461539 0.11057692307692307
1 0.7331730769230769 0.7692307692307693 0.08173076923076923 0.10096153846153846
1 0.5913461538461539 0.7524038461538461 0.04326923076923077 0.052884615384615384
1 0.6826923076923077 0.7548076923076923 0.028846153846153848 0.04567307692307692
1 0.8245192307692307 0.75 0.036057692307692304 0.04807692307692308
1 0.7836538461538461 0.75 0.036057692307692304 0.055288461538461536