0 0.14182692307692307 0.19951923076923078 0.18028846153846154 0.21394230769230768
0 0.3629807692307692 0.24519230769230768 0.04807692307692308 0.1778846153846154
0 0.6298076923076923 0.3798076923076923 0.06971153846153846 0.07451923076923077
0 0.8677884615384616 0.43028846153846156 0.052884615384615384 0.0673076923076923
0 0.9639423076923077 0.4423076923076923 0.040865384615384616 0.04807692307692308
0 0.328125 0.8365384615384616 0.11778846153846154 0.1875
0 0.3269230769230769 0.7067307692307693 0.1201923076923077 0.057692307692307696
1 0.41586538461538464 0.8665865384615384 0.052884615384615384 0.11778846153846154
1 0.5865384615384616 0.9423076923076923 0.055288461538461536 0.0673076923076923
1 0.7307692307692307 0.9495192307692307 0.04326923076923077 0.0625
1 0.46875 0.9375 0.06971153846153846 0.09615384615384616
1 0.5192307692307693 0.9591346153846154 0.03365384615384615 0.04567307692307692
1 0.6418269230769231 0.9615384615384616 0.036057692307692304 0.04567307692307692
1 0.5552884615384616 0.9567307692307693 0.04326923076923077 0.04567307692307692
1 0.7668269230769231 0.9591346153846154 0.028846153846153848 0.04567307692307692
1 0.7884615384615384 0.9759615384615384 0.019230769230769232 0.03365384615384615