0 0.015625 0.12379807692307693 0.03125 0.055288461538461536
0 0.2668269230769231 0.2860576923076923 0.04567307692307692 0.04807692307692308
0 0.3293269230769231 0.31971153846153844 0.03365384615384615 0.03365384615384615
0 0.3389423076923077 0.25240384615384615 0.03365384615384615 0.03365384615384615
0 0.46274038461538464 0.24519230769230768 0.06971153846153846 0.1201923076923077
0 0.9110576923076923 0.2283653846153846 0.08413461538461539 0.10576923076923077
0 0.8293269230769231 0.24759615384615385 0.06971153846153846 0.0889423076923077
0 0.5865384615384616 0.22596153846153846 0.08413461538461539 0.10817307692307693
0 0.7067307692307693 0.24519230769230768 0.057692307692307696 0.10576923076923077
0 0.23557692307692307 0.6153846153846154 0.08413461538461539 0.10817307692307693
0 0.31971153846153844 0.9435096153846154 0.1201923076923077 0.10817307692307693
0 0.15144230769230768 0.6322115384615384 0.0985576923076923 0.1466346153846154
0 0.9350961538461539 0.5528846153846154 0.06490384615384616 0.0625
0 0.6346153846153846 0.5985576923076923 0.04807692307692308 0.052884615384615384