0 0.06971153846153846 0.3389423076923077 0.04807692307692308 0.04807692307692308
0 0.11538461538461539 0.3485576923076923 0.03125 0.040865384615384616
0 0.21634615384615385 0.3269230769230769 0.026442307692307692 0.03365384615384615
0 0.375 0.15144230769230768 0.04567307692307692 0.038461538461538464
0 0.31490384615384615 0.3485576923076923 0.021634615384615384 0.03365384615384615
0 0.59375 0.3004807692307692 0.07932692307692307 0.10576923076923077
0 0.7307692307692307 0.2764423076923077 0.21153846153846154 0.25961538461538464
0 0.47836538461538464 0.33413461538461536 0.052884615384615384 0.06971153846153846
0 0.7307692307692307 0.04927884615384615 0.21634615384615385 0.0985576923076923
0 0.703125 0.9771634615384616 0.06490384615384616 0.040865384615384616
0 0.8870192307692307 0.9447115384615384 0.0673076923076923 0.0889423076923077