0 0.28365384615384615 0.4519230769230769 0.040865384615384616 0.040865384615384616
0 0.23557692307692307 0.3701923076923077 0.04567307692307692 0.052884615384615384
0 0.6850961538461539 0.23317307692307693 0.06009615384615385 0.07932692307692307
0 0.53125 0.25961538461538464 0.05048076923076923 0.06971153846153846
0 0.4338942307692308 0.25961538461538464 0.01201923076923077 0.07211538461538461
0 0.9278846153846154 0.2548076923076923 0.05048076923076923 0.07451923076923077
0 0.5889423076923077 0.25240384615384615 0.052884615384615384 0.0673076923076923
0 0.8149038461538461 0.2692307692307692 0.055288461538461536 0.07932692307692307
0 0.9747596153846154 0.2548076923076923 0.04567307692307692 0.12980769230769232
0 0.7740384615384616 0.27163461538461536 0.038461538461538464 0.06009615384615385
0 0.8774038461538461 0.2692307692307692 0.03365384615384615 0.04807692307692308
0 0.44711538461538464 0.27403846153846156 0.03365384615384615 0.052884615384615384
0 0.7283653846153846 0.2620192307692308 0.036057692307692304 0.052884615384615384
0 0.49759615384615385 0.2644230769230769 0.03365384615384615 0.05048076923076923
0 0.4579326923076923 0.7283653846153846 0.06009615384615385 0.14423076923076922
0 0.625 0.71875 0.04326923076923077 0.04807692307692308
0 0.7644230769230769 0.7548076923076923 0.0985576923076923 0.11538461538461539
0 0.4579326923076923 0.5516826923076923 0.06009615384615385 0.08413461538461539
0 0.6262019230769231 0.5336538461538461 0.04567307692307692 0.04807692307692308
0 0.7644230769230769 0.5324519230769231 0.10096153846153846 0.04567307692307692