0 0.24759615384615385 0.14903846153846154 0.055288461538461536 0.038461538461538464
0 0.27884615384615385 0.0625 0.04567307692307692 0.040865384615384616
0 0.35336538461538464 0.013221153846153846 0.04807692307692308 0.026442307692307692
1 0.15625 0.16105769230769232 0.04326923076923077 0.040865384615384616
1 0.24158653846153846 0.004807692307692308 0.06009615384615385 0.009615384615384616
0 0.9350961538461539 0.11538461538461539 0.040865384615384616 0.06490384615384616
0 0.9915865384615384 0.1346153846153846 0.01201923076923077 0.052884615384615384
0 0.7908653846153846 0.13221153846153846 0.040865384615384616 0.05048076923076923
0 0.6274038461538461 0.13942307692307693 0.040865384615384616 0.052884615384615384
0 0.7307692307692307 0.13221153846153846 0.040865384615384616 0.05048076923076923
0 0.046875 0.5588942307692307 0.09375 0.1658653846153846
0 0.4795673076923077 0.5420673076923077 0.06009615384615385 0.18028846153846154