0 0.38221153846153844 0.07211538461538461 0.06009615384615385 0.055288461538461536
0 0.38221153846153844 0.43149038461538464 0.0625 0.03125
0 0.7283653846153846 0.09134615384615384 0.04326923076923077 0.057692307692307696
0 0.90625 0.07932692307692307 0.04326923076923077 0.05048076923076923
0 0.9771634615384616 0.057692307692307696 0.040865384615384616 0.10576923076923077
0 0.9447115384615384 0.0673076923076923 0.04807692307692308 0.07211538461538461
1 0.7860576923076923 0.07932692307692307 0.057692307692307696 0.07692307692307693
0 0.1466346153846154 0.6394230769230769 0.057692307692307696 0.0673076923076923
0 0.3894230769230769 0.6394230769230769 0.03125 0.04326923076923077
0 0.5072115384615384 0.5673076923076923 0.04807692307692308 0.0625
0 0.6105769230769231 0.5793269230769231 0.057692307692307696 0.055288461538461536
0 0.7043269230769231 0.5769230769230769 0.04567307692307692 0.057692307692307696
0 0.7716346153846154 0.5769230769230769 0.03365384615384615 0.05048076923076923
0 0.8076923076923077 0.5769230769230769 0.040865384615384616 0.0625
0 0.8389423076923077 0.5889423076923077 0.03125 0.040865384615384616
0 0.8942307692307693 0.5889423076923077 0.038461538461538464 0.052884615384615384
0 0.875 0.5721153846153846 0.036057692307692304 0.06009615384615385
0 0.9230769230769231 0.5793269230769231 0.036057692307692304 0.05048076923076923
0 0.9915865384615384 0.5877403846153846 0.01201923076923077 0.06009615384615385