1 0.03245192307692308 0.19951923076923078 0.06490384615384616 0.11057692307692307
1 0.2644230769230769 0.1971153846153846 0.055288461538461536 0.0625
1 0.15144230769230768 0.21153846153846154 0.040865384615384616 0.052884615384615384
1 0.34375 0.21153846153846154 0.028846153846153848 0.03365384615384615
0 0.42788461538461536 0.11778846153846154 0.04807692307692308 0.05048076923076923
0 0.39903846153846156 0.16947115384615385 0.019230769230769232 0.040865384615384616
0 0.5024038461538461 0.10336538461538461 0.04807692307692308 0.04567307692307692
0 0.625 0.125 0.040865384615384616 0.055288461538461536
0 0.7019230769230769 0.0889423076923077 0.040865384615384616 0.04807692307692308
0 0.8173076923076923 0.07932692307692307 0.04326923076923077 0.05048076923076923
0 0.9663461538461539 0.055288461538461536 0.04567307692307692 0.055288461538461536
0 0.2620192307692308 0.84375 0.10576923076923077 0.11298076923076923
0 0.03485576923076923 0.7295673076923077 0.06971153846153846 0.10817307692307693