0 0.7355769230769231 0.016826923076923076 0.026442307692307692 0.03365384615384615
0 0.7632211538461539 0.014423076923076924 0.036057692307692304 0.028846153846153848
0 0.8581730769230769 0.016826923076923076 0.04807692307692308 0.03365384615384615
0 0.8882211538461539 0.010817307692307692 0.036057692307692304 0.021634615384615384
0 0.036057692307692304 0.4831730769230769 0.06971153846153846 0.08413461538461539
0 0.23197115384615385 0.4639423076923077 0.08413461538461539 0.09134615384615384
0 0.13942307692307693 0.5144230769230769 0.06490384615384616 0.08173076923076923
0 0.4074519230769231 0.4699519230769231 0.0985576923076923 0.10336538461538461
0 0.5144230769230769 0.46153846153846156 0.07211538461538461 0.08653846153846154
1 0.9711538461538461 0.4879807692307692 0.052884615384615384 0.10096153846153846
1 0.6838942307692307 0.47115384615384615 0.07932692307692307 0.10576923076923077
1 0.8389423076923077 0.47836538461538464 0.057692307692307696 0.07451923076923077
0 0.7980769230769231 0.49759615384615385 0.04807692307692308 0.08173076923076923