1 0.19951923076923078 0.4230769230769231 0.09134615384615384 0.10336538461538461
1 0.43509615384615385 0.4326923076923077 0.040865384615384616 0.06009615384615385
1 0.35336538461538464 0.43509615384615385 0.038461538461538464 0.052884615384615384
0 0.5745192307692307 0.28365384615384615 0.17307692307692307 0.18509615384615385
0 0.9603365384615384 0.11177884615384616 0.07451923076923077 0.15625
0 0.6850961538461539 0.31971153846153844 0.12980769230769232 0.16105769230769232
0 0.08653846153846154 0.8317307692307693 0.057692307692307696 0.06009615384615385
0 0.37740384615384615 0.8149038461538461 0.04807692307692308 0.057692307692307696
0 0.16826923076923078 0.8052884615384616 0.052884615384615384 0.06009615384615385
0 0.20192307692307693 0.8221153846153846 0.03365384615384615 0.04326923076923077
0 0.3786057692307692 0.5264423076923077 0.05048076923076923 0.014423076923076924
0 0.16947115384615385 0.53125 0.055288461538461536 0.02403846153846154
0 0.8052884615384616 0.7908653846153846 0.04567307692307692 0.05048076923076923
0 0.8461538461538461 0.5552884615384616 0.04326923076923077 0.04326923076923077