0 0.22596153846153846 0.2644230769230769 0.1201923076923077 0.12740384615384615
0 0.30288461538461536 0.14182692307692307 0.09615384615384616 0.10576923076923077
0 0.30408653846153844 0.016826923076923076 0.0985576923076923 0.03365384615384615
0 0.7427884615384616 0.057692307692307696 0.09134615384615384 0.10576923076923077
0 0.04927884615384615 0.5456730769230769 0.0985576923076923 0.12980769230769232
0 0.3269230769230769 0.5240384615384616 0.09375 0.12740384615384615
0 0.8365384615384616 0.7283653846153846 0.06009615384615385 0.07692307692307693
0 0.7163461538461539 0.7355769230769231 0.057692307692307696 0.06971153846153846
0 0.7644230769230769 0.7403846153846154 0.036057692307692304 0.057692307692307696
0 0.5961538461538461 0.7427884615384616 0.021634615384615384 0.03365384615384615
0 0.6442307692307693 0.7475961538461539 0.03365384615384615 0.03365384615384615