0 0.34134615384615385 0.25961538461538464 0.026442307692307692 0.03125
0 0.4230769230769231 0.2620192307692308 0.021634615384615384 0.026442307692307692
0 0.5036057692307693 0.10336538461538461 0.03125 0.07211538461538461
1 0.7139423076923077 0.12259615384615384 0.07692307692307693 0.09134615384615384
1 0.8990384615384616 0.08173076923076923 0.057692307692307696 0.06971153846153846
1 0.84375 0.06490384615384616 0.0673076923076923 0.07451923076923077
1 0.9326923076923077 0.052884615384615384 0.055288461538461536 0.05048076923076923
0 0.0985576923076923 0.5889423076923077 0.1971153846153846 0.2403846153846154
0 0.7884615384615384 0.5024038461538461 0.08173076923076923 0.0673076923076923
0 0.5216346153846154 0.5084134615384616 0.0673076923076923 0.07932692307692307
0 0.6225961538461539 0.5480769230769231 0.057692307692307696 0.0673076923076923
0 0.6826923076923077 0.6033653846153846 0.06009615384615385 0.052884615384615384
0 0.8533653846153846 0.5360576923076923 0.052884615384615384 0.057692307692307696
0 0.9302884615384616 0.6322115384615384 0.06009615384615385 0.04807692307692308