0 0.21153846153846154 0.22355769230769232 0.15625 0.13701923076923078
0 0.21153846153846154 0.06490384615384616 0.15865384615384615 0.12980769230769232
0 0.6274038461538461 0.025240384615384616 0.2403846153846154 0.05048076923076923
0 0.0889423076923077 0.8822115384615384 0.07451923076923077 0.09375
0 0.4423076923076923 0.9038461538461539 0.06490384615384616 0.08173076923076923
0 0.2620192307692308 0.8918269230769231 0.052884615384615384 0.0625
0 0.3918269230769231 0.9350961538461539 0.040865384615384616 0.052884615384615384
0 0.1658653846153846 0.9350961538461539 0.03125 0.040865384615384616
0 0.35096153846153844 0.9254807692307693 0.026442307692307692 0.03365384615384615
0 0.040865384615384616 0.9182692307692307 0.019230769230769232 0.02403846153846154
0 0.8341346153846154 0.7355769230769231 0.1201923076923077 0.10336538461538461
0 0.5108173076923077 0.7836538461538461 0.021634615384615384 0.08653846153846154
0 0.7427884615384616 0.7427884615384616 0.08173076923076923 0.07211538461538461