1 0.030048076923076924 0.15745192307692307 0.06009615384615385 0.08413461538461539
1 0.07211538461538461 0.10096153846153846 0.052884615384615384 0.07932692307692307
1 0.15144230769230768 0.16346153846153846 0.0625 0.08173076923076923
1 0.2091346153846154 0.14182692307692307 0.057692307692307696 0.08173076923076923
1 0.27163461538461536 0.09375 0.05048076923076923 0.057692307692307696
1 0.31971153846153844 0.16826923076923078 0.0625 0.06971153846153846
1 0.34615384615384615 0.11538461538461539 0.04807692307692308 0.06971153846153846
1 0.4543269230769231 0.11778846153846154 0.057692307692307696 0.06971153846153846
1 0.6490384615384616 0.22355769230769232 0.055288461538461536 0.0625
1 0.5072115384615384 0.12259615384615384 0.05048076923076923 0.06971153846153846
1 0.6706730769230769 0.15625 0.03365384615384615 0.07211538461538461
1 0.6105769230769231 0.125 0.06490384615384616 0.07692307692307693
1 0.6033653846153846 0.06490384615384616 0.04567307692307692 0.057692307692307696
1 0.6694711538461539 0.09014423076923077 0.036057692307692304 0.06490384615384616
1 0.9591346153846154 0.21153846153846154 0.0673076923076923 0.08413461538461539
1 0.7980769230769231 0.2091346153846154 0.07211538461538461 0.09134615384615384
1 0.6995192307692307 0.19951923076923078 0.019230769230769232 0.09615384615384616
1 0.8701923076923077 0.24519230769230768 0.04567307692307692 0.07451923076923077
1 0.7163461538461539 0.25 0.036057692307692304 0.040865384615384616
1 0.9254807692307693 0.2403846153846154 0.03365384615384615 0.057692307692307696
1 0.671875 0.8173076923076923 0.03125 0.09134615384615384
1 0.5264423076923077 0.8269230769230769 0.06971153846153846 0.09134615384615384
1 0.3629807692307692 0.8221153846153846 0.055288461538461536 0.0673076923076923
1 0.09615384615384616 0.7860576923076923 0.057692307692307696 0.0673076923076923
1 0.25721153846153844 0.7980769230769231 0.057692307692307696 0.07451923076923077
1 0.010817307692307692 0.8016826923076923 0.021634615384615384 0.06009615384615385
1 0.18269230769230768 0.78125 0.04567307692307692 0.055288461538461536
0 0.7139423076923077 0.6971153846153846 0.04807692307692308 0.07692307692307693