0 0.328125 0.037259615384615384 0.10817307692307693 0.07451923076923077
0 0.07091346153846154 0.028846153846153848 0.14182692307692307 0.057692307692307696
0 0.5625 0.16105769230769232 0.04326923076923077 0.057692307692307696
0 0.7403846153846154 0.14903846153846154 0.04326923076923077 0.05048076923076923
0 0.8317307692307693 0.12740384615384615 0.07932692307692307 0.10336538461538461
0 0.7788461538461539 0.13701923076923078 0.04807692307692308 0.07211538461538461
0 0.9326923076923077 0.1658653846153846 0.07932692307692307 0.07692307692307693
1 0.6201923076923077 0.14903846153846154 0.057692307692307696 0.07692307692307693
0 0.3701923076923077 0.7355769230769231 0.06009615384615385 0.07932692307692307
0 0.20192307692307693 0.7019230769230769 0.08413461538461539 0.11778846153846154
0 0.4423076923076923 0.7019230769230769 0.08653846153846154 0.12980769230769232
0 0.1466346153846154 0.7427884615384616 0.057692307692307696 0.08173076923076923
0 0.025240384615384616 0.7487980769230769 0.05048076923076923 0.08413461538461539
0 0.08413461538461539 0.7596153846153846 0.04567307692307692 0.06009615384615385
0 0.5288461538461539 0.8557692307692307 0.08173076923076923 0.16346153846153846