0 0.8894230769230769 0.27884615384615385 0.08173076923076923 0.09375
0 0.9771634615384616 0.26322115384615385 0.040865384615384616 0.11778846153846154
1 0.6634615384615384 0.2932692307692308 0.07211538461538461 0.08173076923076923
1 0.3557692307692308 0.29927884615384615 0.03365384615384615 0.08413461538461539
1 0.4639423076923077 0.27884615384615385 0.052884615384615384 0.06971153846153846
0 0.7403846153846154 0.2860576923076923 0.05048076923076923 0.07932692307692307
0 0.25 0.6730769230769231 0.04567307692307692 0.04807692307692308
0 0.4326923076923077 0.7788461538461539 0.040865384615384616 0.040865384615384616
0 0.5288461538461539 0.7980769230769231 0.055288461538461536 0.0625
0 0.6201923076923077 0.8004807692307693 0.03365384615384615 0.03365384615384615
0 0.6586538461538461 0.7884615384615384 0.036057692307692304 0.04567307692307692
0 0.7980769230769231 0.8004807692307693 0.038461538461538464 0.04567307692307692
0 0.8774038461538461 0.8052884615384616 0.04326923076923077 0.057692307692307696
0 0.9819711538461539 0.8197115384615384 0.03125 0.04326923076923077
0 0.9206730769230769 0.8125 0.03365384615384615 0.038461538461538464
0 0.4951923076923077 0.7980769230769231 0.03365384615384615 0.04326923076923077
0 0.8461538461538461 0.8076923076923077 0.036057692307692304 0.038461538461538464
1 0.7211538461538461 0.8100961538461539 0.055288461538461536 0.057692307692307696
0 0.71875 0.7764423076923077 0.038461538461538464 0.03365384615384615