0 0.2644230769230769 0.25240384615384615 0.06490384615384616 0.06971153846153846
0 0.2644230769230769 0.055288461538461536 0.06490384615384616 0.06971153846153846
0 0.6658653846153846 0.036057692307692304 0.12980769230769232 0.07211538461538461
0 0.46153846153846156 0.10096153846153846 0.09134615384615384 0.13221153846153846
0 0.11057692307692307 0.6442307692307693 0.07932692307692307 0.10096153846153846
0 0.3161057692307692 0.625 0.18028846153846154 0.2403846153846154
0 0.31490384615384615 0.39903846153846156 0.18269230769230768 0.08173076923076923
0 0.7235576923076923 0.7379807692307693 0.06490384615384616 0.08173076923076923
0 0.5288461538461539 0.7451923076923077 0.0673076923076923 0.09134615384615384
0 0.5961538461538461 0.7524038461538461 0.055288461538461536 0.07451923076923077
0 0.4375 0.7548076923076923 0.05048076923076923 0.06971153846153846