0 0.6730769230769231 0.03125 0.0673076923076923 0.0625
0 0.8125 0.13942307692307693 0.057692307692307696 0.057692307692307696
0 0.6105769230769231 0.026442307692307692 0.06490384615384616 0.04807692307692308
1 0.3125 0.8173076923076923 0.0673076923076923 0.07692307692307693
1 0.39663461538461536 0.8701923076923077 0.055288461538461536 0.09375
1 0.24759615384615385 0.8173076923076923 0.052884615384615384 0.07451923076923077
1 0.27884615384615385 0.7019230769230769 0.052884615384615384 0.06971153846153846
1 0.12259615384615384 0.7572115384615384 0.036057692307692304 0.052884615384615384
1 0.22115384615384615 0.7716346153846154 0.04326923076923077 0.057692307692307696
0 0.6418269230769231 0.38221153846153844 0.06971153846153846 0.10336538461538461
0 0.71875 0.39903846153846156 0.0673076923076923 0.0985576923076923