0 0.9723557692307693 0.03485576923076923 0.05048076923076923 0.06971153846153846
1 0.6995192307692307 0.06490384615384616 0.12980769230769232 0.10576923076923077
1 0.9038461538461539 0.09375 0.10096153846153846 0.09375
0 0.046875 0.5420673076923077 0.09375 0.08413461538461539
0 0.08653846153846154 0.6730769230769231 0.08173076923076923 0.09375
0 0.15865384615384615 0.6802884615384616 0.057692307692307696 0.0625
0 0.09375 0.5865384615384616 0.03125 0.038461538461538464
0 0.19230769230769232 0.65625 0.04326923076923077 0.038461538461538464
0 0.32211538461538464 0.6442307692307693 0.03125 0.036057692307692304
0 0.43509615384615385 0.5985576923076923 0.02403846153846154 0.03365384615384615
0 0.27884615384615385 0.6274038461538461 0.03125 0.03365384615384615
0 0.3317307692307692 0.6057692307692307 0.02403846153846154 0.03365384615384615
0 0.18990384615384615 0.5865384615384616 0.03365384615384615 0.036057692307692304
0 0.30528846153846156 0.5889423076923077 0.021634615384615384 0.036057692307692304
0 0.8894230769230769 0.5769230769230769 0.08173076923076923 0.10336538461538461
0 0.7788461538461539 0.5841346153846154 0.08173076923076923 0.10817307692307693