0 0.21875 0.22355769230769232 0.040865384615384616 0.055288461538461536
0 0.25240384615384615 0.10336538461538461 0.03125 0.038461538461538464
0 0.8990384615384616 0.11899038461538461 0.18269230769230768 0.23798076923076922
0 0.8269230769230769 0.9699519230769231 0.10096153846153846 0.055288461538461536
0 0.9699519230769231 0.7427884615384616 0.055288461538461536 0.1201923076923077
0 0.7235576923076923 0.9086538461538461 0.08173076923076923 0.08413461538461539
0 0.8581730769230769 0.6947115384615384 0.052884615384615384 0.06971153846153846
0 0.703125 0.9555288461538461 0.0985576923076923 0.08413461538461539
1 0.6165865384615384 0.7824519230769231 0.016826923076923076 0.0889423076923077
1 0.8918269230769231 0.7572115384615384 0.06490384615384616 0.07932692307692307
1 0.9182692307692307 0.7067307692307693 0.04807692307692308 0.05048076923076923
0 0.9699519230769231 0.4951923076923077 0.055288461538461536 0.052884615384615384
0 0.8581730769230769 0.5072115384615384 0.052884615384615384 0.06971153846153846
1 0.8930288461538461 0.47836538461538464 0.06971153846153846 0.019230769230769232
1 0.9182692307692307 0.4951923076923077 0.04807692307692308 0.05048076923076923