0 0.3942307692307692 0.20673076923076922 0.06009615384615385 0.06971153846153846
0 0.18028846153846154 0.2620192307692308 0.03365384615384615 0.040865384615384616
0 0.23557692307692307 0.25240384615384615 0.028846153846153848 0.026442307692307692
0 0.8798076923076923 0.40865384615384615 0.07451923076923077 0.09375
0 0.7572115384615384 0.36538461538461536 0.07451923076923077 0.09134615384615384
0 0.49038461538461536 0.13942307692307693 0.08173076923076923 0.08653846153846154
0 0.6923076923076923 0.21153846153846154 0.10576923076923077 0.09375
0 0.008413461538461538 0.9254807692307693 0.016826923076923076 0.052884615384615384
0 0.03125 0.9350961538461539 0.021634615384615384 0.04567307692307692
0 0.19230769230769232 0.9230769230769231 0.03125 0.052884615384615384
0 0.1658653846153846 0.9302884615384616 0.026442307692307692 0.040865384615384616
0 0.6057692307692307 0.6165865384615384 0.0673076923076923 0.036057692307692304