0 0.028846153846153848 0.026442307692307692 0.057692307692307696 0.052884615384615384
0 0.3918269230769231 0.04807692307692308 0.04807692307692308 0.06971153846153846
0 0.2764423076923077 0.036057692307692304 0.057692307692307696 0.06971153846153846
0 0.6394230769230769 0.13942307692307693 0.11778846153846154 0.10576923076923077
0 0.5612980769230769 0.03245192307692308 0.08413461538461539 0.06490384615384616
0 0.9831730769230769 0.09134615384615384 0.028846153846153848 0.08173076923076923
0 0.7932692307692307 0.21875 0.14182692307692307 0.125
0 0.90625 0.1201923076923077 0.06971153846153846 0.07451923076923077
0 0.6514423076923077 0.09375 0.09375 0.055288461538461536
1 0.6514423076923077 0.8966346153846154 0.06971153846153846 0.09134615384615384
1 0.8293269230769231 0.8846153846153846 0.08173076923076923 0.09375