1 0.08173076923076923 0.056490384615384616 0.09615384615384616 0.11298076923076923
1 0.17067307692307693 0.052884615384615384 0.06009615384615385 0.08173076923076923
1 0.22956730769230768 0.03125 0.06009615384615385 0.0625
1 0.3786057692307692 0.020432692307692308 0.036057692307692304 0.040865384615384616
0 0.6478365384615384 0.10336538461538461 0.25240384615384615 0.20673076923076922
1 0.019230769230769232 0.7391826923076923 0.038461538461538464 0.0985576923076923
1 0.27163461538461536 0.7043269230769231 0.06009615384615385 0.08173076923076923
1 0.1971153846153846 0.6730769230769231 0.10817307692307693 0.12740384615384615
1 0.5817307692307693 0.8341346153846154 0.038461538461538464 0.040865384615384616
1 0.7596153846153846 0.8629807692307693 0.03125 0.038461538461538464
1 0.7860576923076923 0.8509615384615384 0.028846153846153848 0.03365384615384615
1 0.8677884615384616 0.8461538461538461 0.026442307692307692 0.036057692307692304
1 0.9254807692307693 0.8533653846153846 0.04567307692307692 0.04807692307692308
1 0.984375 0.8617788461538461 0.026442307692307692 0.036057692307692304
1 0.9639423076923077 0.8629807692307693 0.02403846153846154 0.038461538461538464