1 0.45072115384615385 0.026442307692307692 0.07932692307692307 0.052884615384615384
0 0.7644230769230769 0.3125 0.15865384615384615 0.028846153846153848
1 0.47115384615384615 0.5913461538461539 0.13221153846153846 0.14182692307692307
1 0.5649038461538461 0.5432692307692307 0.04326923076923077 0.0673076923076923
1 0.13701923076923078 0.5889423076923077 0.13221153846153846 0.14182692307692307
1 0.3942307692307692 0.4879807692307692 0.04807692307692308 0.0673076923076923
1 0.05048076923076923 0.5408653846153846 0.08413461538461539 0.08413461538461539
1 0.040865384615384616 0.46875 0.04326923076923077 0.040865384615384616
1 0.20432692307692307 0.5024038461538461 0.028846153846153848 0.038461538461538464
1 0.2980769230769231 0.49759615384615385 0.04567307692307692 0.04807692307692308
1 0.4855769230769231 0.5168269230769231 0.057692307692307696 0.05048076923076923
0 0.6995192307692307 0.5120192307692307 0.18990384615384615 0.2091346153846154