0 0.6322115384615384 0.20072115384615385 0.028846153846153848 0.11298076923076923
1 0.13942307692307693 0.22596153846153846 0.08173076923076923 0.10817307692307693
1 0.3942307692307692 0.21875 0.08653846153846154 0.10096153846153846
1 0.027644230769230768 0.3870192307692308 0.055288461538461536 0.18269230769230768
1 0.5901442307692307 0.3713942307692308 0.11298076923076923 0.17067307692307693
0 0.7043269230769231 0.39302884615384615 0.11057692307692307 0.27163461538461536
0 0.8942307692307693 0.31971153846153844 0.18269230769230768 0.25721153846153844
0 0.8942307692307693 0.007211538461538462 0.1875 0.014423076923076924
0 0.4326923076923077 0.8341346153846154 0.33653846153846156 0.2932692307692308
0 0.07692307692307693 0.8942307692307693 0.15384615384615385 0.20673076923076922
0 0.8221153846153846 0.7596153846153846 0.1971153846153846 0.20192307692307693