1 0.3269230769230769 0.21875 0.057692307692307696 0.08173076923076923
1 0.13701923076923078 0.23317307692307693 0.0625 0.07932692307692307
1 0.038461538461538464 0.20673076923076922 0.05048076923076923 0.06971153846153846
0 0.9567307692307693 0.25 0.06490384615384616 0.08173076923076923
1 0.7115384615384616 0.2620192307692308 0.06490384615384616 0.07932692307692307
1 0.5528846153846154 0.24759615384615385 0.06490384615384616 0.08653846153846154
1 0.8677884615384616 0.2764423076923077 0.057692307692307696 0.0673076923076923
1 0.3894230769230769 0.23677884615384615 0.0625 0.08413461538461539
1 0.6009615384615384 0.25 0.057692307692307696 0.08413461538461539
1 0.46875 0.2692307692307692 0.04326923076923077 0.055288461538461536
1 0.3894230769230769 0.010817307692307692 0.0625 0.021634615384615384
0 0.14423076923076922 0.6346153846153846 0.10576923076923077 0.12259615384615384
0 0.23076923076923078 0.5925480769230769 0.08653846153846154 0.12740384615384615
0 0.06009615384615385 0.5805288461538461 0.09615384615384616 0.10336538461538461
0 0.32211538461538464 0.6057692307692307 0.0673076923076923 0.125
1 0.47596153846153844 0.5396634615384616 0.0673076923076923 0.021634615384615384
1 0.7692307692307693 0.5480769230769231 0.057692307692307696 0.038461538461538464
1 0.4266826923076923 0.5408653846153846 0.040865384615384616 0.02403846153846154