0 0.5408653846153846 0.27283653846153844 0.09134615384615384 0.15144230769230768
0 0.3293269230769231 0.2692307692307692 0.11538461538461539 0.1346153846153846
0 0.17307692307692307 0.1971153846153846 0.24519230769230768 0.24278846153846154
0 0.06129807692307692 0.265625 0.12259615384615384 0.18028846153846154
0 0.17307692307692307 0.03365384615384615 0.25 0.0673076923076923
0 0.7764423076923077 0.14903846153846154 0.14423076923076922 0.16826923076923078
0 0.35336538461538464 0.7307692307692307 0.16346153846153846 0.16346153846153846
0 0.43028846153846156 0.9038461538461539 0.08173076923076923 0.09375
0 0.11057692307692307 0.8966346153846154 0.07692307692307693 0.11057692307692307
0 0.5024038461538461 0.9110576923076923 0.057692307692307696 0.0625
0 0.4375 0.8173076923076923 0.03125 0.038461538461538464
0 0.5360576923076923 0.8870192307692307 0.04326923076923077 0.038461538461538464
0 0.5336538461538461 0.8173076923076923 0.03365384615384615 0.036057692307692304
0 0.7716346153846154 0.9423076923076923 0.11538461538461539 0.11057692307692307
0 0.6971153846153846 0.9471153846153846 0.08173076923076923 0.10336538461538461