0 0.38221153846153844 0.23317307692307693 0.06971153846153846 0.10576923076923077
0 0.03365384615384615 0.6346153846153846 0.055288461538461536 0.06971153846153846
0 0.4110576923076923 0.6418269230769231 0.055288461538461536 0.0673076923076923
0 0.2620192307692308 0.6370192307692307 0.04807692307692308 0.07211538461538461
0 0.3557692307692308 0.6442307692307693 0.038461538461538464 0.057692307692307696
0 0.5961538461538461 0.6706730769230769 0.04807692307692308 0.06009615384615385
0 0.19951923076923078 0.6466346153846154 0.03365384615384615 0.057692307692307696
0 0.009615384615384616 0.6610576923076923 0.019230769230769232 0.057692307692307696
0 0.09615384615384616 0.6634615384615384 0.04567307692307692 0.055288461538461536
0 0.16826923076923078 0.6634615384615384 0.04326923076923077 0.0625
0 0.4855769230769231 0.6514423076923077 0.040865384615384616 0.0625
0 0.8870192307692307 0.4254807692307692 0.22115384615384615 0.21153846153846154
0 0.7163461538461539 0.6298076923076923 0.09615384615384616 0.24519230769230768