0 0.4963942307692308 0.15504807692307693 0.021634615384615384 0.06971153846153846
0 0.13701923076923078 0.17307692307692307 0.0889423076923077 0.08173076923076923
0 0.45913461538461536 0.21033653846153846 0.09615384615384616 0.11778846153846154
0 0.45913461538461536 0.453125 0.09615384615384616 0.04567307692307692
0 0.27884615384615385 0.7067307692307693 0.04807692307692308 0.07451923076923077
0 0.2283653846153846 0.7235576923076923 0.04567307692307692 0.06971153846153846
0 0.09134615384615384 0.7211538461538461 0.055288461538461536 0.0673076923076923
0 0.3870192307692308 0.7115384615384616 0.04567307692307692 0.06971153846153846
0 0.4963942307692308 0.7199519230769231 0.021634615384615384 0.06971153846153846
0 0.13701923076923078 0.7091346153846154 0.04807692307692308 0.06971153846153846
0 0.5673076923076923 0.5865384615384616 0.038461538461538464 0.052884615384615384
0 0.625 0.59375 0.026442307692307692 0.038461538461538464
0 0.5889423076923077 0.6057692307692307 0.03125 0.040865384615384616
0 0.6706730769230769 0.5913461538461539 0.019230769230769232 0.02403846153846154
0 0.6899038461538461 0.5769230769230769 0.016826923076923076 0.021634615384615384
0 0.7115384615384616 0.5769230769230769 0.014423076923076924 0.021634615384615384