0 0.7427884615384616 0.08173076923076923 0.03365384615384615 0.036057692307692304
0 0.3629807692307692 0.5432692307692307 0.09615384615384616 0.13701923076923078
1 0.65625 0.8677884615384616 0.03365384615384615 0.04326923076923077
1 0.625 0.8413461538461539 0.036057692307692304 0.040865384615384616
1 0.5925480769230769 0.8461538461538461 0.026442307692307692 0.038461538461538464
0 0.6778846153846154 0.8389423076923077 0.03365384615384615 0.04567307692307692
0 0.8028846153846154 0.8533653846153846 0.04326923076923077 0.05048076923076923
0 0.875 0.8485576923076923 0.038461538461538464 0.04567307692307692
1 0.75 0.8653846153846154 0.04567307692307692 0.04567307692307692
1 0.8557692307692307 0.8942307692307693 0.052884615384615384 0.055288461538461536
1 0.9711538461538461 0.8629807692307693 0.03125 0.036057692307692304