1 0.21153846153846154 0.13221153846153846 0.0625 0.08173076923076923
1 0.35336538461538464 0.12980769230769232 0.052884615384615384 0.06009615384615385
1 0.007211538461538462 0.15625 0.014423076923076924 0.07211538461538461
1 0.14903846153846154 0.11538461538461539 0.028846153846153848 0.03365384615384615
1 0.10576923076923077 0.11538461538461539 0.02403846153846154 0.028846153846153848
0 0.9651442307692307 0.3233173076923077 0.06490384615384616 0.23798076923076922
1 0.984375 0.625 0.026442307692307692 0.07211538461538461
1 0.7403846153846154 0.5841346153846154 0.05048076923076923 0.07692307692307693
1 0.6778846153846154 0.5889423076923077 0.04807692307692308 0.0625
1 0.8485576923076923 0.5841346153846154 0.05048076923076923 0.0673076923076923
1 0.9495192307692307 0.5889423076923077 0.05048076923076923 0.0673076923076923
1 0.8822115384615384 0.6586538461538461 0.052884615384615384 0.07692307692307693
1 0.5456730769230769 0.6538461538461539 0.05048076923076923 0.06971153846153846
1 0.4110576923076923 0.6262019230769231 0.02403846153846154 0.06490384615384616
1 0.9014423076923077 0.5889423076923077 0.04326923076923077 0.06009615384615385
1 0.44471153846153844 0.6466346153846154 0.05048076923076923 0.055288461538461536
1 0.9855769230769231 0.578125 0.02403846153846154 0.06490384615384616
1 0.46875 0.6177884615384616 0.036057692307692304 0.05048076923076923
1 0.5144230769230769 0.6201923076923077 0.036057692307692304 0.052884615384615384
1 0.5 0.5793269230769231 0.038461538461538464 0.052884615384615384
1 0.5889423076923077 0.5913461538461539 0.04567307692307692 0.06490384615384616
1 0.6298076923076923 0.5985576923076923 0.036057692307692304 0.05048076923076923
1 0.6105769230769231 0.6514423076923077 0.04807692307692308 0.06490384615384616
1 0.6850961538461539 0.6610576923076923 0.052884615384615384 0.06971153846153846
1 0.7932692307692307 0.5841346153846154 0.04567307692307692 0.052884615384615384
1 0.7908653846153846 0.6394230769230769 0.04807692307692308 0.07211538461538461