1 0.020432692307692308 0.12139423076923077 0.040865384615384616 0.07451923076923077
1 0.3245192307692308 0.1346153846153846 0.052884615384615384 0.057692307692307696
1 0.18269230769230768 0.12980769230769232 0.04807692307692308 0.0625
0 0.7043269230769231 0.04567307692307692 0.038461538461538464 0.04807692307692308
1 0.9555288461538461 0.025240384615384616 0.07932692307692307 0.05048076923076923
0 0.21875 0.5300480769230769 0.10576923076923077 0.12259615384615384
0 0.2860576923076923 0.5132211538461539 0.0673076923076923 0.0889423076923077
0 0.7788461538461539 0.5288461538461539 0.05048076923076923 0.07211538461538461
0 0.5528846153846154 0.5456730769230769 0.06009615384615385 0.07692307692307693
0 0.9771634615384616 0.5288461538461539 0.040865384615384616 0.0673076923076923
0 0.6778846153846154 0.5432692307692307 0.05048076923076923 0.0625
0 0.8725961538461539 0.5240384615384616 0.04567307692307692 0.06009615384615385
0 0.5913461538461539 0.5384615384615384 0.03365384615384615 0.05048076923076923