0 0.27884615384615385 0.19471153846153846 0.04807692307692308 0.057692307692307696
0 0.2800480769230769 0.028846153846153848 0.05048076923076923 0.057692307692307696
0 0.6995192307692307 0.22355769230769232 0.08173076923076923 0.10576923076923077
0 0.6995192307692307 0.02283653846153846 0.08653846153846154 0.04567307692307692
0 0.03245192307692308 0.6995192307692307 0.06490384615384616 0.1875
0 0.4230769230769231 0.7163461538461539 0.11538461538461539 0.14182692307692307
0 0.13221153846153846 0.7163461538461539 0.12980769230769232 0.14182692307692307
1 0.53125 0.43149038461538464 0.0625 0.04567307692307692
1 0.9567307692307693 0.4266826923076923 0.0673076923076923 0.036057692307692304
1 0.8064903846153846 0.4387019230769231 0.06971153846153846 0.06009615384615385
1 0.7451923076923077 0.44471153846153844 0.04807692307692308 0.057692307692307696
1 0.6538461538461539 0.4362980769230769 0.052884615384615384 0.055288461538461536
1 0.4987980769230769 0.4362980769230769 0.021634615384615384 0.055288461538461536