0 0.09615384615384616 0.3173076923076923 0.06971153846153846 0.08173076923076923
0 0.42427884615384615 0.3329326923076923 0.026442307692307692 0.06009615384615385
0 0.1875 0.3173076923076923 0.04326923076923077 0.06009615384615385
0 0.31971153846153844 0.35096153846153844 0.038461538461538464 0.040865384615384616
0 0.9603365384615384 0.36177884615384615 0.07451923076923077 0.11778846153846154
0 0.7644230769230769 0.35336538461538464 0.13221153846153846 0.14182692307692307
0 0.9074519230769231 0.008413461538461538 0.04567307692307692 0.016826923076923076
0 0.8665865384615384 0.018028846153846152 0.04567307692307692 0.036057692307692304
0 0.4495192307692308 0.3557692307692308 0.019230769230769232 0.14903846153846154
0 0.17307692307692307 0.6850961538461539 0.10336538461538461 0.10096153846153846
0 0.6009615384615384 0.6658653846153846 0.07692307692307693 0.10576923076923077
0 0.5072115384615384 0.6538461538461539 0.11538461538461539 0.09134615384615384
0 0.8269230769230769 0.6514423076923077 0.07211538461538461 0.08173076923076923
0 0.9447115384615384 0.6706730769230769 0.057692307692307696 0.07451923076923077