0 0.19831730769230768 0.04927884615384615 0.036057692307692304 0.0889423076923077
0 0.10336538461538461 0.21634615384615385 0.026442307692307692 0.03365384615384615
0 0.06009615384615385 0.21634615384615385 0.03125 0.03365384615384615
0 0.46153846153846156 0.2536057692307692 0.17307692307692307 0.18509615384615385
0 0.6334134615384616 0.3016826923076923 0.10817307692307693 0.0889423076923077
0 0.5516826923076923 0.31009615384615385 0.08413461538461539 0.07211538461538461
0 0.8966346153846154 0.25240384615384615 0.20192307692307693 0.1875
0 0.14903846153846154 0.5132211538461539 0.1346153846153846 0.21394230769230768
0 0.3389423076923077 0.4639423076923077 0.04567307692307692 0.0625
0 0.41586538461538464 0.4543269230769231 0.057692307692307696 0.09134615384615384
0 0.5264423076923077 0.5048076923076923 0.07692307692307693 0.09615384615384616
0 0.6346153846153846 0.46153846153846156 0.10576923076923077 0.12740384615384615
0 0.7403846153846154 0.5216346153846154 0.09615384615384616 0.11778846153846154
0 0.8028846153846154 0.5048076923076923 0.04567307692307692 0.06490384615384616
0 0.9206730769230769 0.5360576923076923 0.14182692307692307 0.1658653846153846
0 0.3798076923076923 0.4567307692307692 0.026442307692307692 0.07211538461538461