0 0.06009615384615385 0.18870192307692307 0.1201923076923077 0.17548076923076922
0 0.3485576923076923 0.16826923076923078 0.17307692307692307 0.1875
0 0.6995192307692307 0.17548076923076922 0.055288461538461536 0.08173076923076923
0 0.7932692307692307 0.15865384615384615 0.07932692307692307 0.0889423076923077
0 0.8966346153846154 0.0889423076923077 0.125 0.17067307692307693
0 0.5649038461538461 0.1875 0.057692307692307696 0.07451923076923077
0 0.3918269230769231 0.875 0.04807692307692308 0.052884615384615384
0 0.15865384615384615 0.8028846153846154 0.05048076923076923 0.05048076923076923
0 0.3076923076923077 0.7956730769230769 0.040865384615384616 0.040865384615384616
0 0.4807692307692308 0.8088942307692307 0.009615384615384616 0.03125
0 0.40625 0.75 0.026442307692307692 0.03125
0 0.3485576923076923 0.7379807692307693 0.028846153846153848 0.021634615384615384
0 0.2980769230769231 0.7331730769230769 0.028846153846153848 0.021634615384615384
0 0.2932692307692308 0.7163461538461539 0.028846153846153848 0.021634615384615384
0 0.90625 0.671875 0.18269230769230768 0.2620192307692308