0 0.47836538461538464 0.11057692307692307 0.07451923076923077 0.09375
0 0.3557692307692308 0.0673076923076923 0.07451923076923077 0.09134615384615384
0 0.9014423076923077 0.10817307692307693 0.17067307692307693 0.2091346153846154
0 0.3870192307692308 0.8870192307692307 0.03365384615384615 0.03365384615384615
0 0.3485576923076923 0.7427884615384616 0.021634615384615384 0.019230769230769232
1 0.5913461538461539 0.8197115384615384 0.009615384615384616 0.028846153846153848
1 0.4326923076923077 0.8149038461538461 0.026442307692307692 0.03125
1 0.6394230769230769 0.6778846153846154 0.036057692307692304 0.052884615384615384
1 0.6129807692307693 0.6802884615384616 0.028846153846153848 0.055288461538461536
1 0.7067307692307693 0.6754807692307693 0.038461538461538464 0.057692307692307696
0 0.8413461538461539 0.6706730769230769 0.04567307692307692 0.055288461538461536
0 0.8846153846153846 0.6706730769230769 0.026442307692307692 0.04567307692307692
1 0.9591346153846154 0.6754807692307693 0.036057692307692304 0.052884615384615384
1 0.9014423076923077 0.6754807692307693 0.03365384615384615 0.04326923076923077
1 0.7716346153846154 0.6658653846153846 0.03365384615384615 0.04807692307692308
1 0.9807692307692307 0.6634615384615384 0.03125 0.04807692307692308