1 0.25 0.23076923076923078 0.08653846153846154 0.10576923076923077
1 0.21153846153846154 0.2932692307692308 0.07211538461538461 0.09375
0 0.8052884615384616 0.32211538461538464 0.04326923076923077 0.06490384615384616
0 0.9759615384615384 0.33413461538461536 0.04326923076923077 0.057692307692307696
0 0.7259615384615384 0.18028846153846154 0.040865384615384616 0.036057692307692304
0 0.7548076923076923 0.20432692307692307 0.04326923076923077 0.036057692307692304
0 0.31971153846153844 0.6730769230769231 0.13942307692307693 0.11778846153846154
0 0.6682692307692307 0.6466346153846154 0.057692307692307696 0.0673076923076923
1 0.7391826923076923 0.6213942307692307 0.06490384615384616 0.06490384615384616
1 0.9759615384615384 0.6153846153846154 0.04326923076923077 0.052884615384615384
1 0.8870192307692307 0.6514423076923077 0.057692307692307696 0.07692307692307693
0 0.8485576923076923 0.6538461538461539 0.028846153846153848 0.04567307692307692
1 0.9471153846153846 0.6394230769230769 0.04326923076923077 0.057692307692307696