0 0.3076923076923077 0.21634615384615385 0.10576923076923077 0.125
0 0.4230769230769231 0.23076923076923078 0.09375 0.11778846153846154
0 0.5697115384615384 0.19230769230769232 0.09134615384615384 0.1201923076923077
0 0.4951923076923077 0.21394230769230768 0.08413461538461539 0.125
1 0.1346153846153846 0.16346153846153846 0.09375 0.09615384615384616
0 0.9807692307692307 0.08653846153846154 0.03365384615384615 0.11538461538461539
0 0.7163461538461539 0.10096153846153846 0.07932692307692307 0.08173076923076923
0 0.6394230769230769 0.125 0.04326923076923077 0.07692307692307693
0 0.7836538461538461 0.15144230769230768 0.06971153846153846 0.07211538461538461
0 0.5 0.4519230769230769 0.07211538461538461 0.0673076923076923
0 0.5480769230769231 0.6826923076923077 0.10576923076923077 0.10817307692307693
0 0.6742788461538461 0.7271634615384616 0.11298076923076923 0.13221153846153846
0 0.8629807692307693 0.8413461538461539 0.09375 0.11538461538461539
0 0.9735576923076923 0.6730769230769231 0.04807692307692308 0.13942307692307693
0 0.6766826923076923 0.4483173076923077 0.11778846153846154 0.06009615384615385
0 0.9723557692307693 0.47596153846153844 0.05048076923076923 0.11538461538461539