0 0.2692307692307692 0.16826923076923078 0.057692307692307696 0.10096153846153846
0 0.16105769230769232 0.14182692307692307 0.10336538461538461 0.13942307692307693
0 0.5264423076923077 0.19230769230769232 0.04807692307692308 0.07451923076923077
0 0.3701923076923077 0.1658653846153846 0.04326923076923077 0.057692307692307696
0 0.45913461538461536 0.17067307692307693 0.038461538461538464 0.07211538461538461
0 0.7908653846153846 0.17307692307692307 0.11538461538461539 0.1658653846153846
0 0.3629807692307692 0.7451923076923077 0.06971153846153846 0.06971153846153846
0 0.19951923076923078 0.7836538461538461 0.0625 0.06971153846153846
0 0.984375 0.8762019230769231 0.026442307692307692 0.08413461538461539
0 0.8221153846153846 0.8629807692307693 0.05048076923076923 0.07451923076923077
0 0.7692307692307693 0.8822115384615384 0.04567307692307692 0.07211538461538461
1 0.6899038461538461 0.8774038461538461 0.04807692307692308 0.06971153846153846
0 0.6418269230769231 0.8774038461538461 0.040865384615384616 0.06971153846153846