0 0.04927884615384615 0.020432692307692308 0.0985576923076923 0.040865384615384616
0 0.5 0.016826923076923076 0.07211538461538461 0.03365384615384615
0 0.9459134615384616 0.026442307692307692 0.10336538461538461 0.052884615384615384
0 0.7524038461538461 0.0625 0.10576923076923077 0.11778846153846154
0 0.5841346153846154 0.125 0.057692307692307696 0.057692307692307696
0 0.6875 0.10336538461538461 0.06009615384615385 0.07692307692307693
0 0.038461538461538464 0.5564903846153846 0.07692307692307693 0.13701923076923078
0 0.45913461538461536 0.5661057692307693 0.15384615384615385 0.15625
0 0.1658653846153846 0.5408653846153846 0.10817307692307693 0.08653846153846154
0 0.19951923076923078 0.6177884615384616 0.13942307692307693 0.13221153846153846
0 0.7764423076923077 0.6177884615384616 0.13942307692307693 0.12259615384615384