0 0.14903846153846154 0.11298076923076923 0.06971153846153846 0.09134615384615384
0 0.3605769230769231 0.11298076923076923 0.17548076923076922 0.1778846153846154
0 0.4879807692307692 0.19230769230769232 0.03125 0.04326923076923077
0 0.5336538461538461 0.1971153846153846 0.03365384615384615 0.04326923076923077
0 0.5889423076923077 0.18509615384615385 0.02403846153846154 0.03365384615384615
0 0.6129807692307693 0.18509615384615385 0.026442307692307692 0.04567307692307692
0 0.6538461538461539 0.1778846153846154 0.038461538461538464 0.055288461538461536
0 0.7524038461538461 0.17548076923076922 0.03365384615384615 0.04567307692307692
0 0.7932692307692307 0.16826923076923078 0.040865384615384616 0.06009615384615385
0 0.42427884615384615 0.5661057692307693 0.08413461538461539 0.11778846153846154
0 0.7908653846153846 0.4543269230769231 0.1201923076923077 0.052884615384615384