1 0.4014423076923077 0.10576923076923077 0.055288461538461536 0.09134615384615384
1 0.052884615384615384 0.08653846153846154 0.052884615384615384 0.08413461538461539
1 0.21634615384615385 0.08653846153846154 0.04807692307692308 0.07692307692307693
1 0.13701923076923078 0.12980769230769232 0.04807692307692308 0.06971153846153846
1 0.49399038461538464 0.04807692307692308 0.04567307692307692 0.07692307692307693
1 0.37259615384615385 0.05048076923076923 0.052884615384615384 0.08413461538461539
1 0.28846153846153844 0.0889423076923077 0.055288461538461536 0.06971153846153846
0 0.9350961538461539 0.3269230769230769 0.07211538461538461 0.07692307692307693
0 0.5697115384615384 0.47115384615384615 0.08413461538461539 0.07932692307692307
1 0.07692307692307693 0.9567307692307693 0.0673076923076923 0.08173076923076923
1 0.421875 0.96875 0.06971153846153846 0.057692307692307696
1 0.5060096153846154 0.9627403846153846 0.021634615384615384 0.06971153846153846
1 0.23076923076923078 0.9423076923076923 0.0625 0.08173076923076923
1 0.3137019230769231 0.9639423076923077 0.06009615384615385 0.0673076923076923
1 0.4891826923076923 0.9663461538461539 0.05048076923076923 0.0625
0 0.7043269230769231 0.7620192307692307 0.10817307692307693 0.1466346153846154