0 0.11298076923076923 0.3870192307692308 0.04567307692307692 0.057692307692307696
0 0.020432692307692308 0.38822115384615385 0.040865384615384616 0.05048076923076923
0 0.20432692307692307 0.3798076923076923 0.057692307692307696 0.0625
0 0.16346153846153846 0.375 0.04326923076923077 0.057692307692307696
0 0.36778846153846156 0.40625 0.03365384615384615 0.04567307692307692
0 0.41586538461538464 0.3870192307692308 0.04326923076923077 0.04326923076923077
0 0.46634615384615385 0.3942307692307692 0.03365384615384615 0.036057692307692304
0 0.5264423076923077 0.3942307692307692 0.04326923076923077 0.055288461538461536
0 0.8100961538461539 0.27884615384615385 0.040865384615384616 0.04567307692307692
0 0.14302884615384615 0.6995192307692307 0.18028846153846154 0.13942307692307693
0 0.6442307692307693 0.9242788461538461 0.11057692307692307 0.1466346153846154