0 0.23076923076923078 0.11298076923076923 0.06490384615384616 0.11057692307692307
0 0.4951923076923077 0.140625 0.0625 0.17067307692307693
0 0.2956730769230769 0.14423076923076922 0.0673076923076923 0.08653846153846154
0 0.051682692307692304 0.16947115384615385 0.10336538461538461 0.16105769230769232
0 0.16105769230769232 0.14182692307692307 0.0889423076923077 0.11538461538461539
0 0.4110576923076923 0.1658653846153846 0.04807692307692308 0.07211538461538461
0 0.33653846153846156 0.15865384615384615 0.02403846153846154 0.08173076923076923
0 0.10096153846153846 0.15384615384615385 0.052884615384615384 0.09134615384615384
0 0.36538461538461536 0.18028846153846154 0.03125 0.06009615384615385
0 0.7764423076923077 0.18509615384615385 0.10576923076923077 0.09134615384615384
0 0.4182692307692308 0.7427884615384616 0.07211538461538461 0.08413461538461539
0 0.14903846153846154 0.7548076923076923 0.05048076923076923 0.06490384615384616
0 0.2764423076923077 0.7211538461538461 0.04567307692307692 0.06009615384615385
0 0.052884615384615384 0.7427884615384616 0.04567307692307692 0.06009615384615385
0 0.020432692307692308 0.7295673076923077 0.040865384615384616 0.06009615384615385
0 0.07692307692307693 0.7163461538461539 0.03125 0.04807692307692308
0 0.11778846153846154 0.7163461538461539 0.036057692307692304 0.04567307692307692
0 0.16346153846153846 0.7283653846153846 0.03125 0.04567307692307692
0 0.3798076923076923 0.7379807692307693 0.038461538461538464 0.04326923076923077
0 0.8365384615384616 0.7403846153846154 0.1466346153846154 0.1971153846153846
0 0.578125 0.8245192307692307 0.0985576923076923 0.20673076923076922