0 0.11538461538461539 0.3894230769230769 0.0673076923076923 0.0889423076923077
0 0.40384615384615385 0.3173076923076923 0.06490384615384616 0.09134615384615384
0 0.5024038461538461 0.38461538461538464 0.04567307692307692 0.04807692307692308
0 0.5264423076923077 0.36778846153846156 0.028846153846153848 0.04567307692307692
0 0.5600961538461539 0.38461538461538464 0.028846153846153848 0.04567307692307692
0 0.6033653846153846 0.37259615384615385 0.036057692307692304 0.04807692307692308
0 0.6538461538461539 0.37740384615384615 0.03125 0.04326923076923077
0 0.7043269230769231 0.36778846153846156 0.04326923076923077 0.05048076923076923
0 0.8028846153846154 0.3629807692307692 0.04567307692307692 0.05048076923076923
0 0.8581730769230769 0.35096153846153844 0.04326923076923077 0.057692307692307696
0 0.17307692307692307 0.6971153846153846 0.06971153846153846 0.0889423076923077
0 0.0673076923076923 0.7451923076923077 0.05048076923076923 0.07211538461538461
1 0.875 0.6850961538461539 0.15865384615384615 0.11778846153846154