0 0.10096153846153846 0.014423076923076924 0.0625 0.028846153846153848
0 0.9951923076923077 0.2920673076923077 0.004807692307692308 0.03125
0 0.9326923076923077 0.28125 0.02403846153846154 0.028846153846153848
0 0.8341346153846154 0.28365384615384615 0.02403846153846154 0.02403846153846154
0 0.8149038461538461 0.2860576923076923 0.016826923076923076 0.02403846153846154
0 0.6995192307692307 0.28125 0.02403846153846154 0.028846153846153848
0 0.6490384615384616 0.29927884615384615 0.019230769230769232 0.055288461538461536
0 0.23798076923076922 0.7451923076923077 0.06490384615384616 0.06971153846153846
0 0.4326923076923077 0.7716346153846154 0.08173076923076923 0.0889423076923077
0 0.23798076923076922 0.5528846153846154 0.06490384615384616 0.06971153846153846
0 0.4326923076923077 0.5420673076923077 0.08653846153846154 0.06490384615384616