0 0.10576923076923077 0.16346153846153846 0.08173076923076923 0.10576923076923077
0 0.9423076923076923 0.3918269230769231 0.057692307692307696 0.07211538461538461
0 0.0985576923076923 0.6850961538461539 0.055288461538461536 0.055288461538461536
0 0.19471153846153846 0.6995192307692307 0.038461538461538464 0.040865384615384616
0 0.3389423076923077 0.6899038461538461 0.036057692307692304 0.040865384615384616
0 0.5120192307692307 0.6586538461538461 0.0625 0.06490384615384616
0 0.5048076923076923 0.6225961538461539 0.05048076923076923 0.04567307692307692
0 0.59375 0.6201923076923077 0.052884615384615384 0.0625
0 0.7740384615384616 0.65625 0.04567307692307692 0.057692307692307696
0 0.9230769230769231 0.6009615384615384 0.06490384615384616 0.08413461538461539
0 0.8942307692307693 0.6129807692307693 0.036057692307692304 0.07211538461538461