0 0.020432692307692308 0.4699519230769231 0.040865384615384616 0.12740384615384615
0 0.3293269230769231 0.4326923076923077 0.09615384615384616 0.10576923076923077
0 0.0985576923076923 0.1778846153846154 0.040865384615384616 0.038461538461538464
0 0.31971153846153844 0.31971153846153844 0.04807692307692308 0.04326923076923077
0 0.42788461538461536 0.21394230769230768 0.04567307692307692 0.04567307692307692
0 0.35096153846153844 0.20673076923076922 0.038461538461538464 0.03365384615384615
0 0.052884615384615384 0.14903846153846154 0.038461538461538464 0.03125
0 0.08413461538461539 0.12740384615384615 0.026442307692307692 0.03365384615384615
0 0.4639423076923077 0.20673076923076922 0.03125 0.03365384615384615
0 0.06971153846153846 0.040865384615384616 0.028846153846153848 0.02403846153846154
0 0.4254807692307692 0.1466346153846154 0.026442307692307692 0.02403846153846154
0 0.5168269230769231 0.22115384615384615 0.038461538461538464 0.040865384615384616
0 0.7259615384615384 0.3317307692307692 0.17067307692307693 0.14903846153846154
0 0.28365384615384615 0.6262019230769231 0.0673076923076923 0.016826923076923076
0 0.5 0.7283653846153846 0.06009615384615385 0.07692307692307693
0 0.3954326923076923 0.6346153846153846 0.06490384615384616 0.03365384615384615
0 0.9350961538461539 0.7211538461538461 0.0625 0.06490384615384616
0 0.75 0.6730769230769231 0.06490384615384616 0.06971153846153846