1 0.3389423076923077 0.14423076923076922 0.06971153846153846 0.0889423076923077
1 0.46153846153846156 0.15625 0.07211538461538461 0.08173076923076923
1 0.18269230769230768 0.17548076923076922 0.05048076923076923 0.06009615384615385
1 0.036057692307692304 0.7427884615384616 0.038461538461538464 0.05048076923076923
1 0.18269230769230768 0.7355769230769231 0.04567307692307692 0.04807692307692308
1 0.5961538461538461 0.6610576923076923 0.06971153846153846 0.09615384615384616
1 0.7115384615384616 0.6875 0.055288461538461536 0.0673076923076923
1 0.6442307692307693 0.6754807692307693 0.05048076923076923 0.06009615384615385
1 0.7932692307692307 0.6778846153846154 0.038461538461538464 0.052884615384615384
1 0.9723557692307693 0.6742788461538461 0.05048076923076923 0.06971153846153846
1 0.8413461538461539 0.6826923076923077 0.04567307692307692 0.052884615384615384