0 0.05048076923076923 0.36778846153846156 0.05048076923076923 0.0625
0 0.16105769230769232 0.3918269230769231 0.04807692307692308 0.057692307692307696
0 0.6346153846153846 0.30528846153846156 0.057692307692307696 0.06490384615384616
1 0.7524038461538461 0.31490384615384615 0.057692307692307696 0.07211538461538461
1 0.5264423076923077 0.31009615384615385 0.06490384615384616 0.07932692307692307
1 0.9014423076923077 0.29086538461538464 0.055288461538461536 0.06971153846153846
1 0.84375 0.3076923076923077 0.040865384615384616 0.052884615384615384
1 0.7091346153846154 0.2980769230769231 0.040865384615384616 0.05048076923076923
1 0.9831730769230769 0.29927884615384615 0.028846153846153848 0.04567307692307692
0 0.009615384615384616 0.9435096153846154 0.019230769230769232 0.10336538461538461
0 0.055288461538461536 0.9639423076923077 0.07211538461538461 0.0673076923076923
0 0.2548076923076923 0.9182692307692307 0.03365384615384615 0.036057692307692304
0 0.18509615384615385 0.9158653846153846 0.036057692307692304 0.04326923076923077
0 0.1346153846153846 0.9158653846153846 0.03365384615384615 0.04326923076923077
0 0.057692307692307696 0.9230769230769231 0.026442307692307692 0.03365384615384615
0 0.38221153846153844 0.9254807692307693 0.08173076923076923 0.11298076923076923
0 0.25600961538461536 0.6334134615384616 0.040865384615384616 0.007211538461538462
0 0.18629807692307693 0.6370192307692307 0.040865384615384616 0.014423076923076924
0 0.1346153846153846 0.6370192307692307 0.038461538461538464 0.014423076923076924
0 0.38221153846153844 0.6490384615384616 0.08653846153846154 0.038461538461538464
0 0.6947115384615384 0.8305288461538461 0.34134615384615385 0.33413461538461536