0 0.007211538461538462 0.3798076923076923 0.014423076923076924 0.04807692307692308
0 0.09375 0.37740384615384615 0.04326923076923077 0.038461538461538464
0 0.16105769230769232 0.33653846153846156 0.07211538461538461 0.0625
0 0.23557692307692307 0.3629807692307692 0.03365384615384615 0.03365384615384615
0 0.29086538461538464 0.37259615384615385 0.026442307692307692 0.026442307692307692
0 0.47716346153846156 0.2403846153846154 0.06009615384615385 0.12980769230769232
0 0.9819711538461539 0.2548076923076923 0.03125 0.0625
0 0.1346153846153846 0.5552884615384616 0.055288461538461536 0.07211538461538461
0 0.4855769230769231 0.5612980769230769 0.04326923076923077 0.06971153846153846
0 0.2644230769230769 0.5697115384615384 0.052884615384615384 0.0673076923076923
0 0.06490384615384616 0.5625 0.04567307692307692 0.06009615384615385
0 0.23076923076923078 0.5721153846153846 0.03125 0.055288461538461536
0 0.37259615384615385 0.5673076923076923 0.04326923076923077 0.0625
0 0.4110576923076923 0.5673076923076923 0.03125 0.04567307692307692
0 0.4519230769230769 0.5552884615384616 0.026442307692307692 0.04567307692307692