1 0.008413461538461538 0.23798076923076922 0.016826923076923076 0.08173076923076923
1 0.14182692307692307 0.25961538461538464 0.06009615384615385 0.07692307692307693
1 0.30288461538461536 0.27163461538461536 0.052884615384615384 0.06490384615384616
1 0.20192307692307693 0.2956730769230769 0.055288461538461536 0.06971153846153846
1 0.49278846153846156 0.18509615384615385 0.057692307692307696 0.07692307692307693
1 0.9735576923076923 0.20552884615384615 0.04807692307692308 0.13221153846153846
1 0.7283653846153846 0.21634615384615385 0.057692307692307696 0.06971153846153846
1 0.4338942307692308 0.22235576923076922 0.03125 0.04567307692307692
1 0.8485576923076923 0.23317307692307693 0.052884615384615384 0.05048076923076923
1 0.8052884615384616 0.22596153846153846 0.026442307692307692 0.04326923076923077
1 0.6105769230769231 0.20432692307692307 0.03365384615384615 0.04567307692307692
1 0.6514423076923077 0.22355769230769232 0.038461538461538464 0.052884615384615384
0 0.32091346153846156 0.7295673076923077 0.18990384615384615 0.28125
0 0.9591346153846154 0.8894230769230769 0.07692307692307693 0.21634615384615385