0 0.35216346153846156 0.02403846153846154 0.05048076923076923 0.04807692307692308
0 0.43149038461538464 0.046875 0.03125 0.06009615384615385
0 0.5264423076923077 0.23076923076923078 0.057692307692307696 0.07692307692307693
0 0.75 0.2091346153846154 0.09134615384615384 0.09375
0 0.8413461538461539 0.22355769230769232 0.09375 0.09615384615384616
0 0.8725961538461539 0.2692307692307692 0.04807692307692308 0.052884615384615384
0 0.9230769230769231 0.24519230769230768 0.052884615384615384 0.09134615384615384
0 0.9699519230769231 0.25721153846153844 0.055288461538461536 0.11057692307692307
1 0.04326923076923077 0.5745192307692307 0.052884615384615384 0.05048076923076923
1 0.14182692307692307 0.5841346153846154 0.04326923076923077 0.052884615384615384
1 0.25961538461538464 0.5673076923076923 0.04567307692307692 0.05048076923076923
1 0.3918269230769231 0.5552884615384616 0.04567307692307692 0.04807692307692308