1 0.17307692307692307 0.1346153846153846 0.04567307692307692 0.055288461538461536
1 0.004807692307692308 0.10336538461538461 0.009615384615384616 0.038461538461538464
1 0.052884615384615384 0.11057692307692307 0.04567307692307692 0.04807692307692308
1 0.11538461538461539 0.11778846153846154 0.03125 0.03365384615384615
1 0.09134615384615384 0.1201923076923077 0.02403846153846154 0.038461538461538464
0 0.7403846153846154 0.20192307692307693 0.07211538461538461 0.08653846153846154
0 0.5144230769230769 0.19230769230769232 0.06009615384615385 0.06490384615384616
0 0.3161057692307692 0.53125 0.06009615384615385 0.0625
0 0.019230769230769232 0.5204326923076923 0.038461538461538464 0.040865384615384616
0 0.1971153846153846 0.5360576923076923 0.04807692307692308 0.06971153846153846
0 0.10216346153846154 0.515625 0.055288461538461536 0.03125
0 0.05048076923076923 0.5216346153846154 0.038461538461538464 0.04326923076923077
0 0.23798076923076922 0.5288461538461539 0.038461538461538464 0.057692307692307696
1 0.5697115384615384 0.6706730769230769 0.10576923076923077 0.12980769230769232
1 0.8629807692307693 0.6923076923076923 0.06971153846153846 0.09615384615384616
1 0.43028846153846156 0.6538461538461539 0.07932692307692307 0.10576923076923077
1 0.7355769230769231 0.6995192307692307 0.0889423076923077 0.12980769230769232
1 0.65625 0.6754807692307693 0.06490384615384616 0.09615384615384616
1 0.49038461538461536 0.6826923076923077 0.052884615384615384 0.0889423076923077
1 0.9302884615384616 0.6466346153846154 0.055288461538461536 0.0673076923076923