1 0.23076923076923078 0.20432692307692307 0.057692307692307696 0.06971153846153846
1 0.0625 0.2620192307692308 0.1201923076923077 0.13701923076923078
1 0.37259615384615385 0.19471153846153846 0.04567307692307692 0.06009615384615385
1 0.4206730769230769 0.20673076923076922 0.04807692307692308 0.06971153846153846
1 0.19471153846153846 0.19471153846153846 0.038461538461538464 0.06490384615384616
1 0.010817307692307692 0.2091346153846154 0.021634615384615384 0.07211538461538461
0 0.6201923076923077 0.3317307692307692 0.16346153846153846 0.12980769230769232
0 0.5192307692307693 0.22115384615384615 0.052884615384615384 0.07932692307692307
0 0.9014423076923077 0.38100961538461536 0.038461538461538464 0.03125
0 0.59375 0.25 0.052884615384615384 0.038461538461538464
0 0.5204326923076923 0.013221153846153846 0.055288461538461536 0.026442307692307692
0 0.4543269230769231 0.8088942307692307 0.02403846153846154 0.09375
0 0.16105769230769232 0.7884615384615384 0.0625 0.08653846153846154
0 0.04326923076923077 0.7980769230769231 0.052884615384615384 0.07932692307692307
0 0.35336538461538464 0.8293269230769231 0.04807692307692308 0.06971153846153846
0 0.25721153846153844 0.7884615384615384 0.052884615384615384 0.06971153846153846
0 0.007211538461538462 0.8329326923076923 0.014423076923076924 0.06971153846153846
0 0.20673076923076922 0.8052884615384616 0.036057692307692304 0.06009615384615385
0 0.3942307692307692 0.8173076923076923 0.036057692307692304 0.06490384615384616
1 0.7572115384615384 0.5697115384615384 0.06971153846153846 0.07451923076923077
1 0.9134615384615384 0.6057692307692307 0.10576923076923077 0.11057692307692307
1 0.6875 0.5528846153846154 0.06009615384615385 0.06971153846153846
1 0.5048076923076923 0.5480769230769231 0.038461538461538464 0.04567307692307692