1 0.4519230769230769 0.0889423076923077 0.1346153846153846 0.1778846153846154
1 0.31850961538461536 0.06370192307692307 0.08413461538461539 0.12740384615384615
1 0.17908653846153846 0.055288461538461536 0.11778846153846154 0.11057692307692307
1 0.7067307692307693 0.02283653846153846 0.19230769230769232 0.04567307692307692
1 0.021634615384615384 0.5913461538461539 0.028846153846153848 0.036057692307692304
1 0.04807692307692308 0.6081730769230769 0.04567307692307692 0.04807692307692308
1 0.11778846153846154 0.6057692307692307 0.04567307692307692 0.055288461538461536
1 0.2283653846153846 0.6129807692307693 0.038461538461538464 0.04807692307692308
1 0.25961538461538464 0.5961538461538461 0.03365384615384615 0.05048076923076923
1 0.2932692307692308 0.6105769230769231 0.04567307692307692 0.05048076923076923
1 0.4423076923076923 0.6081730769230769 0.03365384615384615 0.04567307692307692
1 0.4230769230769231 0.5889423076923077 0.026442307692307692 0.04807692307692308
1 0.5661057692307693 0.59375 0.021634615384615384 0.04807692307692308
1 0.8052884615384616 0.5504807692307693 0.08173076923076923 0.0985576923076923
1 0.9423076923076923 0.5769230769230769 0.09615384615384616 0.09375
1 0.7379807692307693 0.53125 0.0625 0.0625
1 0.9399038461538461 0.5204326923076923 0.057692307692307696 0.040865384615384616