0 0.25240384615384615 0.10096153846153846 0.0625 0.07932692307692307
0 0.10216346153846154 0.04567307692307692 0.06490384615384616 0.09134615384615384
0 0.14182692307692307 0.06490384615384616 0.038461538461538464 0.06971153846153846
0 0.5420673076923077 0.0733173076923077 0.08413461538461539 0.11298076923076923
0 0.8028846153846154 0.06009615384615385 0.10817307692307693 0.11057692307692307
0 0.39302884615384615 0.7127403846153846 0.2091346153846154 0.2764423076923077
0 0.140625 0.9122596153846154 0.27163461538461536 0.17067307692307693
0 0.6778846153846154 0.7572115384615384 0.055288461538461536 0.07692307692307693
0 0.8317307692307693 0.7524038461538461 0.04807692307692308 0.07211538461538461
0 0.984375 0.7584134615384616 0.026442307692307692 0.07451923076923077
0 0.5288461538461539 0.7836538461538461 0.057692307692307696 0.0673076923076923
0 0.7692307692307693 0.7764423076923077 0.03365384615384615 0.06009615384615385
0 0.8870192307692307 0.7692307692307693 0.03365384615384615 0.052884615384615384
0 0.9158653846153846 0.7788461538461539 0.028846153846153848 0.04567307692307692
0 0.9471153846153846 0.7764423076923077 0.036057692307692304 0.055288461538461536
0 0.5673076923076923 0.7692307692307693 0.026442307692307692 0.057692307692307696
0 0.625 0.7716346153846154 0.028846153846153848 0.040865384615384616