1 0.1201923076923077 0.10817307692307693 0.0673076923076923 0.07692307692307693
1 0.3870192307692308 0.10096153846153846 0.0673076923076923 0.07932692307692307
1 0.6802884615384616 0.34134615384615385 0.06009615384615385 0.06971153846153846
1 0.9711538461538461 0.4254807692307692 0.04567307692307692 0.057692307692307696
1 0.8485576923076923 0.5697115384615384 0.04326923076923077 0.10576923076923077
1 0.7163461538461539 0.35336538461538464 0.03365384615384615 0.05048076923076923
1 0.4807692307692308 0.4206730769230769 0.02403846153846154 0.038461538461538464
1 0.7788461538461539 0.3581730769230769 0.04567307692307692 0.057692307692307696
1 0.8629807692307693 0.3701923076923077 0.04567307692307692 0.05048076923076923
0 0.5649038461538461 0.8245192307692307 0.11298076923076923 0.12259615384615384
0 0.4987980769230769 0.7836538461538461 0.06009615384615385 0.10096153846153846