0 0.19951923076923078 0.24519230769230768 0.16826923076923078 0.1658653846153846
0 0.7163461538461539 0.30528846153846156 0.1466346153846154 0.1875
0 0.9579326923076923 0.29086538461538464 0.07932692307692307 0.20673076923076922
0 0.5168269230769231 0.27524038461538464 0.1971153846153846 0.25240384615384615
0 0.6105769230769231 0.32211538461538464 0.06971153846153846 0.08173076923076923
0 0.9567307692307693 0.3581730769230769 0.08173076923076923 0.09615384615384616
0 0.71875 0.01201923076923077 0.15384615384615385 0.02403846153846154
0 0.9567307692307693 0.02283653846153846 0.08173076923076923 0.04567307692307692
0 0.5180288461538461 0.04326923076923077 0.19951923076923078 0.08653846153846154
0 0.0889423076923077 0.8942307692307693 0.09615384615384616 0.10576923076923077
0 0.3269230769230769 0.9278846153846154 0.07451923076923077 0.09134615384615384
0 0.016826923076923076 0.8581730769230769 0.03365384615384615 0.1201923076923077
0 0.8533653846153846 0.8870192307692307 0.03125 0.052884615384615384