0 0.3317307692307692 0.07692307692307693 0.11538461538461539 0.14182692307692307
0 0.4723557692307692 0.08533653846153846 0.05048076923076923 0.17067307692307693
0 0.054086538461538464 0.07692307692307693 0.10817307692307693 0.14423076923076922
0 0.4735576923076923 0.12740384615384615 0.04807692307692308 0.08173076923076923
0 0.6346153846153846 0.4326923076923077 0.0985576923076923 0.09615384615384616
0 0.8076923076923077 0.18509615384615385 0.11298076923076923 0.11778846153846154
0 0.8653846153846154 0.13701923076923078 0.06009615384615385 0.06971153846153846
0 0.5372596153846154 0.35096153846153844 0.07451923076923077 0.08653846153846154
0 0.6658653846153846 0.13701923076923078 0.052884615384615384 0.06971153846153846
0 0.5300480769230769 0.4014423076923077 0.06009615384615385 0.09134615384615384
1 0.6995192307692307 0.19951923076923078 0.06490384615384616 0.07932692307692307
1 0.9447115384615384 0.13221153846153846 0.06971153846153846 0.09375
1 0.7259615384615384 0.14903846153846154 0.04807692307692308 0.05048076923076923
0 0.5540865384615384 0.9146634615384616 0.10817307692307693 0.1658653846153846
0 0.5721153846153846 0.8076923076923077 0.07211538461538461 0.08173076923076923