1 0.6033653846153846 0.02283653846153846 0.07692307692307693 0.04567307692307692
1 0.6850961538461539 0.021634615384615384 0.07211538461538461 0.04326923076923077
1 0.5276442307692307 0.03125 0.07932692307692307 0.0625
1 0.9350961538461539 0.03125 0.07211538461538461 0.0625
1 0.7776442307692307 0.025240384615384616 0.07451923076923077 0.05048076923076923
0 0.38341346153846156 0.5925480769230769 0.10817307692307693 0.2091346153846154
0 0.7331730769230769 0.7403846153846154 0.09375 0.12980769230769232
0 0.9831730769230769 0.6274038461538461 0.028846153846153848 0.09615384615384616
0 0.7884615384615384 0.6370192307692307 0.0889423076923077 0.12259615384615384
0 0.8677884615384616 0.5817307692307693 0.09375 0.12259615384615384
0 0.6105769230769231 0.5913461538461539 0.09615384615384616 0.10336538461538461
0 0.6490384615384616 0.5408653846153846 0.08653846153846154 0.0985576923076923