0 0.45913461538461536 0.28365384615384615 0.0625 0.06971153846153846
0 0.7067307692307693 0.2668269230769231 0.0673076923076923 0.07932692307692307
0 0.5697115384615384 0.3125 0.05048076923076923 0.0625
0 0.3870192307692308 0.3004807692307692 0.055288461538461536 0.06009615384615385
0 0.026442307692307692 0.75 0.036057692307692304 0.04326923076923077
0 0.07211538461538461 0.7403846153846154 0.028846153846153848 0.040865384615384616
0 0.6370192307692307 0.6394230769230769 0.057692307692307696 0.06971153846153846
0 0.5048076923076923 0.6923076923076923 0.06009615384615385 0.06971153846153846
0 0.9326923076923077 0.6634615384615384 0.04807692307692308 0.06490384615384616
0 0.5 0.5096153846153846 0.03365384615384615 0.03365384615384615
0 0.5516826923076923 0.4987980769230769 0.036057692307692304 0.021634615384615384
0 0.8629807692307693 0.6442307692307693 0.055288461538461536 0.06490384615384616
0 0.8365384615384616 0.5697115384615384 0.028846153846153848 0.03365384615384615
0 0.71875 0.5048076923076923 0.028846153846153848 0.03365384615384615
0 0.9591346153846154 0.5673076923076923 0.028846153846153848 0.036057692307692304