1 0.34134615384615385 0.25240384615384615 0.05048076923076923 0.0673076923076923
1 0.23076923076923078 0.2283653846153846 0.05048076923076923 0.0625
1 0.12740384615384615 0.2283653846153846 0.040865384615384616 0.06490384615384616
1 0.29086538461538464 0.25240384615384615 0.04567307692307692 0.06490384615384616
0 0.6153846153846154 0.16346153846153846 0.055288461538461536 0.07932692307692307
0 0.8052884615384616 0.18028846153846154 0.040865384615384616 0.04807692307692308
1 0.6947115384615384 0.16346153846153846 0.0625 0.07451923076923077
1 0.8918269230769231 0.18028846153846154 0.04567307692307692 0.055288461538461536
1 0.9903846153846154 0.18269230769230768 0.014423076923076924 0.052884615384615384
0 0.7259615384615384 0.71875 0.03125 0.040865384615384616
0 0.7884615384615384 0.7115384615384616 0.038461538461538464 0.04326923076923077
0 0.8605769230769231 0.7524038461538461 0.04567307692307692 0.04326923076923077