0 0.25240384615384615 0.0985576923076923 0.0985576923076923 0.12259615384615384
0 0.6526442307692307 0.06971153846153846 0.0889423076923077 0.11538461538461539
0 0.5096153846153846 0.31009615384615385 0.08173076923076923 0.08173076923076923
0 0.3449519230769231 0.46274038461538464 0.13221153846153846 0.06971153846153846
0 0.9495192307692307 0.24278846153846154 0.055288461538461536 0.06971153846153846
0 0.6298076923076923 0.5564903846153846 0.1346153846153846 0.11298076923076923
0 0.9663461538461539 0.6274038461538461 0.055288461538461536 0.0673076923076923
0 0.8173076923076923 0.6225961538461539 0.04807692307692308 0.07211538461538461
0 0.9110576923076923 0.6298076923076923 0.038461538461538464 0.057692307692307696
0 0.7548076923076923 0.6322115384615384 0.03365384615384615 0.057692307692307696
0 0.7235576923076923 0.6490384615384616 0.04326923076923077 0.0625