0 0.6971153846153846 0.052884615384615384 0.06009615384615385 0.0625
0 0.4375 0.04567307692307692 0.06971153846153846 0.052884615384615384
0 0.5865384615384616 0.08653846153846154 0.057692307692307696 0.055288461538461536
0 0.9891826923076923 0.019230769230769232 0.016826923076923076 0.03365384615384615
0 0.21153846153846154 0.36899038461538464 0.22115384615384615 0.06009615384615385
1 0.5697115384615384 0.7427884615384616 0.09134615384615384 0.10336538461538461
1 0.8052884615384616 0.7524038461538461 0.040865384615384616 0.06009615384615385
1 0.7235576923076923 0.7548076923076923 0.038461538461538464 0.052884615384615384
1 0.875 0.7668269230769231 0.040865384615384616 0.04807692307692308
1 0.8461538461538461 0.7475961538461539 0.026442307692307692 0.036057692307692304
1 0.8942307692307693 0.7451923076923077 0.026442307692307692 0.03365384615384615