1 0.17548076923076922 0.4326923076923077 0.04326923076923077 0.052884615384615384
1 0.5576923076923077 0.4326923076923077 0.04326923076923077 0.04567307692307692
1 0.3942307692307692 0.44471153846153844 0.019230769230769232 0.026442307692307692
0 0.8846153846153846 0.1346153846153846 0.09615384615384616 0.0985576923076923
1 0.6586538461538461 0.7836538461538461 0.055288461538461536 0.06490384615384616
1 0.5144230769230769 0.7956730769230769 0.040865384615384616 0.06009615384615385
1 0.004807692307692308 0.7908653846153846 0.009615384615384616 0.04326923076923077
1 0.021634615384615384 0.78125 0.04326923076923077 0.057692307692307696
1 0.07932692307692307 0.7956730769230769 0.04326923076923077 0.0673076923076923
1 0.17548076923076922 0.8028846153846154 0.038461538461538464 0.04326923076923077
1 0.23076923076923078 0.7908653846153846 0.036057692307692304 0.04567307692307692
1 0.2764423076923077 0.8052884615384616 0.040865384615384616 0.05048076923076923
1 0.3125 0.7980769230769231 0.040865384615384616 0.055288461538461536
1 0.34375 0.7956730769230769 0.036057692307692304 0.04567307692307692
1 0.3870192307692308 0.8028846153846154 0.040865384615384616 0.057692307692307696