0 0.38461538461538464 0.19471153846153846 0.028846153846153848 0.03125
0 0.08173076923076923 0.1658653846153846 0.03365384615384615 0.04567307692307692
0 0.15865384615384615 0.11778846153846154 0.04567307692307692 0.055288461538461536
0 0.19951923076923078 0.1658653846153846 0.028846153846153848 0.04807692307692308
0 0.3473557692307692 0.4326923076923077 0.12259615384615384 0.0673076923076923
0 0.2668269230769231 0.5480769230769231 0.09134615384615384 0.09134615384615384
0 0.0985576923076923 0.5264423076923077 0.03365384615384615 0.03365384615384615
1 0.6971153846153846 0.7524038461538461 0.11057692307692307 0.12740384615384615
1 0.9302884615384616 0.7355769230769231 0.07451923076923077 0.0985576923076923
1 0.6983173076923077 0.41947115384615385 0.11778846153846154 0.040865384615384616
1 0.9314903846153846 0.4206730769230769 0.07932692307692307 0.04326923076923077