1 0.3605769230769231 0.18028846153846154 0.06971153846153846 0.09615384615384616
1 0.7932692307692307 0.16466346153846154 0.04807692307692308 0.0889423076923077
1 0.6875 0.1346153846153846 0.0985576923076923 0.12259615384615384
1 0.4567307692307692 0.16105769230769232 0.10096153846153846 0.1201923076923077
1 0.20673076923076922 0.21394230769230768 0.10096153846153846 0.125
1 0.5817307692307693 0.18028846153846154 0.04567307692307692 0.057692307692307696
0 0.1346153846153846 0.7451923076923077 0.021634615384615384 0.036057692307692304
0 0.2644230769230769 0.7403846153846154 0.03365384615384615 0.03365384615384615
0 0.22115384615384615 0.75 0.02403846153846154 0.03365384615384615
0 0.15625 0.7355769230769231 0.021634615384615384 0.03365384615384615
0 0.875 0.9338942307692307 0.11057692307692307 0.12740384615384615