0 0.38221153846153844 0.06490384615384616 0.12980769230769232 0.12980769230769232
0 0.46634615384615385 0.41586538461538464 0.03365384615384615 0.09134615384615384
0 0.5576923076923077 0.41346153846153844 0.07932692307692307 0.08653846153846154
1 0.6706730769230769 0.4182692307692308 0.055288461538461536 0.0673076923076923
1 0.9110576923076923 0.4326923076923077 0.06009615384615385 0.0625
1 0.84375 0.4543269230769231 0.038461538461538464 0.05048076923076923
1 0.7932692307692307 0.4495192307692308 0.0625 0.0625
1 0.7548076923076923 0.46033653846153844 0.038461538461538464 0.05048076923076923
1 0.7067307692307693 0.45913461538461536 0.04326923076923077 0.052884615384615384
0 0.4675480769230769 0.020432692307692308 0.036057692307692304 0.040865384615384616
0 0.5600961538461539 0.021634615384615384 0.08653846153846154 0.04326923076923077
1 0.6730769230769231 0.014423076923076924 0.0625 0.028846153846153848
1 0.9122596153846154 0.006009615384615385 0.06490384615384616 0.01201923076923077
0 0.31850961538461536 0.8689903846153846 0.25240384615384615 0.25721153846153844
1 0.03485576923076923 0.8990384615384616 0.06971153846153846 0.15865384615384615
1 0.22716346153846154 0.9483173076923077 0.11298076923076923 0.0985576923076923
0 0.3173076923076923 0.5192307692307693 0.2548076923076923 0.0625
0 0.5012019230769231 0.5817307692307693 0.10336538461538461 0.1875