0 0.3245192307692308 0.32211538461538464 0.06009615384615385 0.07692307692307693
0 0.46875 0.30288461538461536 0.0625 0.057692307692307696
0 0.3245192307692308 0.030048076923076924 0.0625 0.06009615384615385
0 0.46875 0.038461538461538464 0.0625 0.057692307692307696
1 0.9771634615384616 0.2764423076923077 0.040865384615384616 0.09615384615384616
1 0.7403846153846154 0.2956730769230769 0.0625 0.08173076923076923
1 0.8798076923076923 0.2932692307692308 0.0673076923076923 0.08653846153846154
1 0.5997596153846154 0.27884615384615385 0.040865384615384616 0.0673076923076923
1 0.8557692307692307 0.23557692307692307 0.06009615384615385 0.0625
1 0.6538461538461539 0.2860576923076923 0.04807692307692308 0.06009615384615385
0 0.15625 0.5528846153846154 0.14182692307692307 0.1658653846153846
0 0.4855769230769231 0.5528846153846154 0.019230769230769232 0.02403846153846154
0 0.7884615384615384 0.640625 0.4182692307692308 0.4254807692307692
0 0.7884615384615384 0.9723557692307693 0.4182692307692308 0.05048076923076923