0 0.08653846153846154 0.2932692307692308 0.15384615384615385 0.18509615384615385
0 0.23317307692307693 0.31009615384615385 0.12980769230769232 0.14182692307692307
0 0.08653846153846154 0.009615384615384616 0.15865384615384615 0.019230769230769232
0 0.5721153846153846 0.2548076923076923 0.08653846153846154 0.08173076923076923
0 0.6586538461538461 0.2980769230769231 0.05048076923076923 0.06490384615384616
0 0.038461538461538464 0.6826923076923077 0.06009615384615385 0.07692307692307693
0 0.4735576923076923 0.7403846153846154 0.02403846153846154 0.1346153846153846
0 0.20673076923076922 0.7572115384615384 0.11057692307692307 0.14903846153846154
0 0.015625 0.7800480769230769 0.03125 0.13221153846153846
0 0.2824519230769231 0.6165865384615384 0.06490384615384616 0.036057692307692304
1 0.3173076923076923 0.7524038461538461 0.07932692307692307 0.09134615384615384