0 0.09375 0.07692307692307693 0.0985576923076923 0.12259615384615384
0 0.3894230769230769 0.5504807692307693 0.11057692307692307 0.15625
0 0.38221153846153844 0.3293269230769231 0.07211538461538461 0.04326923076923077
0 0.2692307692307692 0.49038461538461536 0.10336538461538461 0.11298076923076923
0 0.25240384615384615 0.4495192307692308 0.06971153846153846 0.07932692307692307
0 0.3557692307692308 0.4519230769230769 0.0985576923076923 0.0673076923076923
0 0.3004807692307692 0.39903846153846156 0.0889423076923077 0.0625
0 0.27163461538461536 0.34375 0.057692307692307696 0.07211538461538461
0 0.35096153846153844 0.375 0.052884615384615384 0.08413461538461539
0 0.8677884615384616 0.5865384615384616 0.06971153846153846 0.09375
0 0.7043269230769231 0.59375 0.0673076923076923 0.08173076923076923
0 0.6322115384615384 0.6009615384615384 0.07692307692307693 0.10096153846153846
0 0.9675480769230769 0.5600961538461539 0.06009615384615385 0.09615384615384616
0 0.8197115384615384 0.5961538461538461 0.04326923076923077 0.07211538461538461