1 0.36778846153846156 0.1875 0.06971153846153846 0.09134615384615384
1 0.125 0.24519230769230768 0.07932692307692307 0.08653846153846154
1 0.3076923076923077 0.21634615384615385 0.04807692307692308 0.06971153846153846
1 0.4423076923076923 0.22115384615384615 0.05048076923076923 0.0625
1 0.10817307692307693 0.21153846153846154 0.057692307692307696 0.0625
1 0.028846153846153848 0.25240384615384615 0.026442307692307692 0.03365384615384615
1 0.9038461538461539 0.09134615384615384 0.07211538461538461 0.08173076923076923
1 0.7475961538461539 0.07932692307692307 0.06490384615384616 0.07932692307692307
1 0.5528846153846154 0.09375 0.0625 0.07932692307692307
0 0.21634615384615385 0.6081730769230769 0.0985576923076923 0.10817307692307693
0 0.7572115384615384 0.7716346153846154 0.16826923076923078 0.22355769230769232