0 0.4230769230769231 0.15144230769230768 0.0625 0.07932692307692307
0 0.22115384615384615 0.12259615384615384 0.08653846153846154 0.0889423076923077
0 0.7548076923076923 0.08173076923076923 0.07932692307692307 0.09134615384615384
0 0.9711538461538461 0.09615384615384616 0.055288461538461536 0.06490384615384616
0 0.8149038461538461 0.0985576923076923 0.036057692307692304 0.05048076923076923
0 0.9326923076923077 0.09375 0.028846153846153848 0.05048076923076923
0 0.9038461538461539 0.0985576923076923 0.03125 0.040865384615384616
0 0.6658653846153846 0.9579326923076923 0.019230769230769232 0.07932692307692307
0 0.5637019230769231 0.9699519230769231 0.06490384615384616 0.055288461538461536
0 0.6286057692307693 0.9903846153846154 0.040865384615384616 0.014423076923076924
0 0.8004807692307693 0.6610576923076923 0.07451923076923077 0.09375