1 0.43028846153846156 0.27163461538461536 0.09375 0.11298076923076923
1 0.027644230769230768 0.32211538461538464 0.055288461538461536 0.14423076923076922
0 0.7211538461538461 0.33413461538461536 0.04326923076923077 0.04567307692307692
0 0.8990384615384616 0.40384615384615385 0.04807692307692308 0.04567307692307692
0 0.9375 0.125 0.04567307692307692 0.04567307692307692
1 0.5384615384615384 0.7259615384615384 0.05048076923076923 0.0625
1 0.5036057692307693 0.6682692307692307 0.007211538461538462 0.04807692307692308
1 0.5528846153846154 0.65625 0.04567307692307692 0.04326923076923077
1 0.6466346153846154 0.6923076923076923 0.036057692307692304 0.04567307692307692
1 0.6418269230769231 0.65625 0.036057692307692304 0.04326923076923077
1 0.6875 0.6754807692307693 0.04326923076923077 0.04807692307692308
1 0.7692307692307693 0.6706730769230769 0.026442307692307692 0.04807692307692308
1 0.8269230769230769 0.6778846153846154 0.038461538461538464 0.055288461538461536
1 0.8966346153846154 0.6514423076923077 0.05048076923076923 0.0673076923076923
1 0.9939903846153846 0.6814903846153846 0.007211538461538462 0.04567307692307692