0 0.1346153846153846 0.1201923076923077 0.038461538461538464 0.0673076923076923
0 0.8810096153846154 0.09975961538461539 0.17548076923076922 0.19951923076923078
0 0.43028846153846156 0.5673076923076923 0.09134615384615384 0.1201923076923077
0 0.25721153846153844 0.5721153846153846 0.08653846153846154 0.12259615384615384
1 0.5276442307692307 0.8377403846153846 0.036057692307692304 0.05048076923076923
0 0.5552884615384616 0.8485576923076923 0.03365384615384615 0.04807692307692308
1 0.6177884615384616 0.8533653846153846 0.03125 0.05048076923076923
1 0.6442307692307693 0.8509615384615384 0.03365384615384615 0.036057692307692304
1 0.7283653846153846 0.84375 0.028846153846153848 0.036057692307692304
1 0.7572115384615384 0.8557692307692307 0.028846153846153848 0.03365384615384615
1 0.8197115384615384 0.8533653846153846 0.036057692307692304 0.036057692307692304
1 0.8509615384615384 0.8677884615384616 0.026442307692307692 0.036057692307692304
1 0.8870192307692307 0.8701923076923077 0.026442307692307692 0.036057692307692304
1 0.9867788461538461 0.8653846153846154 0.021634615384615384 0.038461538461538464
1 0.5276442307692307 0.5300480769230769 0.036057692307692304 0.05048076923076923
0 0.5552884615384616 0.5168269230769231 0.03365384615384615 0.04807692307692308
1 0.6177884615384616 0.5132211538461539 0.03365384615384615 0.05048076923076923
1 0.6442307692307693 0.5144230769230769 0.03365384615384615 0.036057692307692304
1 0.7283653846153846 0.5216346153846154 0.028846153846153848 0.036057692307692304
1 0.7572115384615384 0.5096153846153846 0.028846153846153848 0.03365384615384615
1 0.8197115384615384 0.5120192307692307 0.036057692307692304 0.036057692307692304
1 0.8509615384615384 0.5024038461538461 0.028846153846153848 0.028846153846153848
1 0.8870192307692307 0.5012019230769231 0.028846153846153848 0.026442307692307692
1 0.9867788461538461 0.5036057692307693 0.021634615384615384 0.03125