0 0.42908653846153844 0.26802884615384615 0.07451923076923077 0.12740384615384615
0 0.23317307692307693 0.21634615384615385 0.11298076923076923 0.10817307692307693
0 0.5420673076923077 0.03125 0.08413461538461539 0.0625
0 0.6141826923076923 0.027644230769230768 0.06009615384615385 0.055288461538461536
0 0.6478365384615384 0.009615384615384616 0.04567307692307692 0.019230769230769232
0 0.8185096153846154 0.5540865384615384 0.06971153846153846 0.03125
0 0.5612980769230769 0.5841346153846154 0.12740384615384615 0.09134615384615384
0 0.6826923076923077 0.5600961538461539 0.09134615384615384 0.04326923076923077
0 0.9338942307692307 0.5612980769230769 0.05048076923076923 0.04567307692307692
0 0.859375 0.5600961538461539 0.026442307692307692 0.04326923076923077
0 0.6237980769230769 0.5600961538461539 0.055288461538461536 0.04326923076923077
0 0.8870192307692307 0.5649038461538461 0.03365384615384615 0.052884615384615384