1 0.12740384615384615 0.24278846153846154 0.0889423076923077 0.10576923076923077
1 0.43028846153846156 0.2403846153846154 0.09134615384615384 0.10336538461538461
1 0.30528846153846156 0.2091346153846154 0.09375 0.12980769230769232
1 0.038461538461538464 0.7980769230769231 0.055288461538461536 0.0673076923076923
1 0.40384615384615385 0.8245192307692307 0.057692307692307696 0.0673076923076923
1 0.2283653846153846 0.8076923076923077 0.057692307692307696 0.06490384615384616
1 0.007211538461538462 0.8016826923076923 0.014423076923076924 0.055288461538461536
1 0.14903846153846154 0.7884615384615384 0.040865384615384616 0.057692307692307696
1 0.1875 0.78125 0.04326923076923077 0.057692307692307696
1 0.32211538461538464 0.8221153846153846 0.05048076923076923 0.057692307692307696
1 0.3629807692307692 0.8076923076923077 0.03365384615384615 0.052884615384615384
1 0.47596153846153844 0.8052884615384616 0.04567307692307692 0.052884615384615384
1 0.5528846153846154 0.8149038461538461 0.052884615384615384 0.06490384615384616
0 0.9519230769230769 0.6213942307692307 0.04326923076923077 0.04567307692307692
0 0.8317307692307693 0.7740384615384616 0.10336538461538461 0.125