1 0.06490384615384616 0.09495192307692307 0.12980769230769232 0.18990384615384615
1 0.23197115384615385 0.08413461538461539 0.1466346153846154 0.16826923076923078
1 0.32211538461538464 0.14423076923076922 0.06971153846153846 0.07692307692307693
1 0.43990384615384615 0.18509615384615385 0.0625 0.08413461538461539
1 0.4543269230769231 0.1971153846153846 0.0625 0.09615384615384616
0 0.7403846153846154 0.29086538461538464 0.16346153846153846 0.1658653846153846
0 0.7403846153846154 0.06009615384615385 0.1658653846153846 0.1201923076923077
0 0.32211538461538464 0.8173076923076923 0.09375 0.11538461538461539
0 0.22115384615384615 0.8942307692307693 0.052884615384615384 0.052884615384615384
0 0.04807692307692308 0.7403846153846154 0.057692307692307696 0.04567307692307692
1 0.38461538461538464 0.8461538461538461 0.040865384615384616 0.04567307692307692
0 0.19230769230769232 0.8822115384615384 0.02403846153846154 0.03125
0 0.5168269230769231 0.9471153846153846 0.040865384615384616 0.055288461538461536
0 0.8569711538461539 0.9915865384615384 0.05048076923076923 0.01201923076923077
0 0.8713942307692307 0.9795673076923077 0.05048076923076923 0.036057692307692304
0 0.9519230769230769 0.8052884615384616 0.014423076923076924 0.016826923076923076
0 0.8894230769230769 0.8100961538461539 0.019230769230769232 0.019230769230769232
0 0.9110576923076923 0.8028846153846154 0.016826923076923076 0.019230769230769232
0 0.9302884615384616 0.8076923076923077 0.014423076923076924 0.016826923076923076