0 0.33413461538461536 0.18509615384615385 0.09615384615384616 0.09375
0 0.6754807692307693 0.43990384615384615 0.038461538461538464 0.014423076923076924
0 0.8834134615384616 0.4387019230769231 0.040865384615384616 0.016826923076923076
0 0.8149038461538461 0.2620192307692308 0.040865384615384616 0.040865384615384616
0 0.8774038461538461 0.19230769230769232 0.036057692307692304 0.040865384615384616
0 0.040865384615384616 0.59375 0.07451923076923077 0.0889423076923077
0 0.15384615384615385 0.5913461538461539 0.07932692307692307 0.08653846153846154
1 0.2668269230769231 0.5961538461538461 0.055288461538461536 0.0673076923076923
1 0.4387019230769231 0.6322115384615384 0.036057692307692304 0.052884615384615384
1 0.3894230769230769 0.6274038461538461 0.0625 0.0625
1 0.35096153846153844 0.6442307692307693 0.036057692307692304 0.06009615384615385
1 0.30288461538461536 0.6394230769230769 0.040865384615384616 0.055288461538461536
0 0.9230769230769231 0.7572115384615384 0.03125 0.028846153846153848