0 0.5192307692307693 0.24278846153846154 0.0625 0.08173076923076923
0 0.3004807692307692 0.2860576923076923 0.0625 0.06009615384615385
0 0.25240384615384615 0.09134615384615384 0.040865384615384616 0.057692307692307696
0 0.8233173076923077 0.4026442307692308 0.07451923076923077 0.026442307692307692
1 0.026442307692307692 0.7956730769230769 0.03365384615384615 0.036057692307692304
1 0.10336538461538461 0.7908653846153846 0.03365384615384615 0.038461538461538464
1 0.1778846153846154 0.7908653846153846 0.036057692307692304 0.04326923076923077
1 0.2860576923076923 0.7860576923076923 0.03365384615384615 0.038461538461538464
1 0.3293269230769231 0.7908653846153846 0.03365384615384615 0.038461538461538464
1 0.3629807692307692 0.7956730769230769 0.03365384615384615 0.03365384615384615
1 0.43028846153846156 0.7860576923076923 0.036057692307692304 0.04807692307692308
1 0.4831730769230769 0.7620192307692307 0.03365384615384615 0.03365384615384615
1 0.4879807692307692 0.7884615384615384 0.04567307692307692 0.04567307692307692
1 0.5360576923076923 0.7620192307692307 0.03125 0.04326923076923077
1 0.5504807692307693 0.7776442307692307 0.009615384615384616 0.036057692307692304
0 0.90625 0.7307692307692307 0.13221153846153846 0.15865384615384615
0 0.6634615384615384 0.9230769230769231 0.10576923076923077 0.09375