0 0.25721153846153844 0.15144230769230768 0.08413461538461539 0.07692307692307693
0 0.4495192307692308 0.14182692307692307 0.0673076923076923 0.06971153846153846
0 0.8918269230769231 0.13942307692307693 0.06971153846153846 0.0985576923076923
0 0.6923076923076923 0.43990384615384615 0.07211538461538461 0.052884615384615384
0 0.6213942307692307 0.4110576923076923 0.0889423076923077 0.11057692307692307
0 0.8076923076923077 0.17548076923076922 0.057692307692307696 0.08173076923076923
0 0.3269230769230769 0.6490384615384616 0.07211538461538461 0.09134615384615384
0 0.13942307692307693 0.6538461538461539 0.08173076923076923 0.10096153846153846
0 0.3798076923076923 0.6201923076923077 0.0625 0.07451923076923077
0 0.2620192307692308 0.5673076923076923 0.057692307692307696 0.0673076923076923
0 0.4230769230769231 0.5456730769230769 0.06009615384615385 0.08653846153846154
0 0.1778846153846154 0.6009615384615384 0.0673076923076923 0.0673076923076923
0 0.19951923076923078 0.5432692307692307 0.05048076923076923 0.057692307692307696
0 0.10336538461538461 0.5120192307692307 0.04807692307692308 0.06009615384615385
0 0.06490384615384616 0.59375 0.052884615384615384 0.06009615384615385
0 0.9747596153846154 0.8533653846153846 0.04567307692307692 0.16826923076923078