0 0.2247596153846154 0.12379807692307693 0.06490384615384616 0.18509615384615385
0 0.7043269230769231 0.15625 0.0985576923076923 0.10576923076923077
0 0.9627403846153846 0.546875 0.06971153846153846 0.0889423076923077
0 0.35096153846153844 0.5384615384615384 0.07932692307692307 0.09375
0 0.6514423076923077 0.5600961538461539 0.055288461538461536 0.07211538461538461
0 0.8173076923076923 0.5673076923076923 0.055288461538461536 0.06490384615384616
0 0.5 0.5480769230769231 0.05048076923076923 0.07451923076923077
0 0.5480769230769231 0.5576923076923077 0.040865384615384616 0.0625
0 0.8822115384615384 0.5600961538461539 0.04326923076923077 0.057692307692307696
0 0.6057692307692307 0.5721153846153846 0.040865384615384616 0.0625
0 0.7115384615384616 0.5600961538461539 0.04807692307692308 0.057692307692307696