1 0.23197115384615385 0.021634615384615384 0.06009615384615385 0.04326923076923077
1 0.4675480769230769 0.03485576923076923 0.06009615384615385 0.06971153846153846
1 0.16826923076923078 0.038461538461538464 0.03365384615384615 0.04326923076923077
1 0.1346153846153846 0.038461538461538464 0.028846153846153848 0.04567307692307692
1 0.34975961538461536 0.02283653846153846 0.036057692307692304 0.04567307692307692
1 0.3894230769230769 0.040865384615384616 0.038461538461538464 0.052884615384615384
1 0.4735576923076923 0.7115384615384616 0.04807692307692308 0.10096153846153846
1 0.046875 0.8798076923076923 0.09375 0.22596153846153846
1 0.23557692307692307 0.7427884615384616 0.08173076923076923 0.09375
1 0.02403846153846154 0.765625 0.04807692307692308 0.07451923076923077
0 0.7163461538461539 0.5096153846153846 0.03125 0.03365384615384615
1 0.5060096153846154 0.3545673076923077 0.01201923076923077 0.036057692307692304