0 0.2776442307692308 0.03485576923076923 0.07932692307692307 0.06971153846153846
0 0.4074519230769231 0.02403846153846154 0.055288461538461536 0.04807692307692308
0 0.453125 0.028846153846153848 0.04567307692307692 0.057692307692307696
0 0.7115384615384616 0.04807692307692308 0.0625 0.07932692307692307
0 0.8305288461538461 0.01201923076923077 0.0889423076923077 0.02403846153846154
0 0.9290865384615384 0.027644230769230768 0.06009615384615385 0.055288461538461536
0 0.3557692307692308 0.5456730769230769 0.03125 0.038461538461538464
0 0.8557692307692307 0.8197115384615384 0.08173076923076923 0.10336538461538461
0 0.7163461538461539 0.8557692307692307 0.040865384615384616 0.04567307692307692
0 0.6502403846153846 0.859375 0.021634615384615384 0.040865384615384616
1 0.8052884615384616 0.8677884615384616 0.036057692307692304 0.04567307692307692