0 0.07932692307692307 0.057692307692307696 0.15865384615384615 0.11538461538461539
1 0.4831730769230769 0.14182692307692307 0.07211538461538461 0.0889423076923077
1 0.7620192307692307 0.12259615384615384 0.08173076923076923 0.10336538461538461
1 0.9158653846153846 0.12259615384615384 0.0889423076923077 0.125
1 0.4182692307692308 0.12980769230769232 0.019230769230769232 0.09134615384615384
1 0.6153846153846154 0.12259615384615384 0.07932692307692307 0.10576923076923077
1 0.8774038461538461 0.14423076923076922 0.04567307692307692 0.07692307692307693
1 0.9915865384615384 0.12379807692307693 0.01201923076923077 0.06490384615384616
0 0.2548076923076923 0.90625 0.04807692307692308 0.06490384615384616
0 0.3701923076923077 0.9206730769230769 0.04567307692307692 0.052884615384615384
0 0.8341346153846154 0.8461538461538461 0.16105769230769232 0.1778846153846154