0 0.23317307692307693 0.14903846153846154 0.1971153846153846 0.19230769230769232
0 0.4170673076923077 0.19951923076923078 0.13701923076923078 0.30288461538461536
0 0.234375 0.019230769230769232 0.20432692307692307 0.038461538461538464
0 0.9483173076923077 0.22355769230769232 0.0985576923076923 0.22115384615384615
0 0.21634615384615385 0.6418269230769231 0.03125 0.028846153846153848
0 0.3317307692307692 0.5793269230769231 0.026442307692307692 0.03125
0 0.3918269230769231 0.5721153846153846 0.026442307692307692 0.03125
0 0.44471153846153844 0.5985576923076923 0.02403846153846154 0.03365384615384615
0 0.3918269230769231 0.6658653846153846 0.028846153846153848 0.03125
0 0.8221153846153846 0.5120192307692307 0.08173076923076923 0.09375
0 0.515625 0.5060096153846154 0.055288461538461536 0.11298076923076923
0 0.8942307692307693 0.5192307692307693 0.057692307692307696 0.0625
0 0.8293269230769231 0.44350961538461536 0.03365384615384615 0.007211538461538462
0 0.9278846153846154 0.4951923076923077 0.04326923076923077 0.038461538461538464