0 0.9254807692307693 0.31971153846153844 0.08173076923076923 0.09615384615384616
0 0.44711538461538464 0.23557692307692307 0.08653846153846154 0.13701923076923078
0 0.6514423076923077 0.2403846153846154 0.08413461538461539 0.1201923076923077
0 0.8629807692307693 0.23317307692307693 0.08413461538461539 0.10576923076923077
0 0.2860576923076923 0.6346153846153846 0.09615384615384616 0.11778846153846154
0 0.0889423076923077 0.6322115384615384 0.05048076923076923 0.0673076923076923
0 0.16105769230769232 0.6610576923076923 0.052884615384615384 0.04807692307692308
0 0.28725961538461536 0.49038461538461536 0.0985576923076923 0.08173076923076923
0 0.0889423076923077 0.4795673076923077 0.052884615384615384 0.06009615384615385
0 0.1622596153846154 0.46033653846153844 0.055288461538461536 0.021634615384615384
0 0.9290865384615384 0.4879807692307692 0.13701923076923078 0.07692307692307693