1 0.15865384615384615 0.34615384615384615 0.07692307692307693 0.08413461538461539
1 0.057692307692307696 0.31009615384615385 0.0673076923076923 0.0625
1 0.21634615384615385 0.2980769230769231 0.06009615384615385 0.07692307692307693
1 0.07932692307692307 0.36538461538461536 0.0673076923076923 0.11778846153846154
1 0.47115384615384615 0.28125 0.052884615384615384 0.057692307692307696
1 0.15985576923076922 0.036057692307692304 0.07932692307692307 0.07211538461538461
1 0.057692307692307696 0.06490384615384616 0.0673076923076923 0.0625
1 0.21634615384615385 0.07692307692307693 0.06009615384615385 0.07692307692307693
1 0.07932692307692307 0.036057692307692304 0.07211538461538461 0.07211538461538461
1 0.47115384615384615 0.09375 0.052884615384615384 0.057692307692307696
0 0.9579326923076923 0.265625 0.07932692307692307 0.19951923076923078
0 0.7572115384615384 0.31971153846153844 0.12740384615384615 0.1875
0 0.6153846153846154 0.34615384615384615 0.07211538461538461 0.13942307692307693
0 0.8221153846153846 0.3605769230769231 0.057692307692307696 0.11057692307692307
1 0.6778846153846154 0.35336538461538464 0.055288461538461536 0.09375
0 0.9567307692307693 0.042067307692307696 0.08173076923076923 0.08413461538461539
0 0.7584134615384616 0.01201923076923077 0.13221153846153846 0.02403846153846154
0 0.18269230769230768 0.7163461538461539 0.07211538461538461 0.07692307692307693
0 0.18389423076923078 0.6322115384615384 0.06009615384615385 0.028846153846153848
0 0.31009615384615385 0.6802884615384616 0.04807692307692308 0.052884615384615384
0 0.5192307692307693 0.625 0.052884615384615384 0.014423076923076924
0 0.7740384615384616 0.7692307692307693 0.1466346153846154 0.1778846153846154
0 0.8870192307692307 0.9038461538461539 0.0673076923076923 0.08413461538461539
0 0.9639423076923077 0.9567307692307693 0.038461538461538464 0.04567307692307692