1 0.018028846153846152 0.3004807692307692 0.036057692307692304 0.08653846153846154
1 0.453125 0.3125 0.026442307692307692 0.07692307692307693
1 0.15384615384615385 0.3004807692307692 0.057692307692307696 0.08173076923076923
1 0.34375 0.3317307692307692 0.055288461538461536 0.06971153846153846
1 0.8725961538461539 0.18028846153846154 0.10096153846153846 0.1201923076923077
1 0.7019230769230769 0.15625 0.0673076923076923 0.07211538461538461
0 0.05048076923076923 0.8629807692307693 0.04807692307692308 0.055288461538461536
0 0.1778846153846154 0.8581730769230769 0.04326923076923077 0.057692307692307696
0 0.3245192307692308 0.8653846153846154 0.04807692307692308 0.057692307692307696
0 0.27884615384615385 0.8990384615384616 0.03365384615384615 0.04567307692307692
0 0.38221153846153844 0.9038461538461539 0.03125 0.05048076923076923
0 0.43509615384615385 0.875 0.05048076923076923 0.05048076923076923
0 0.46033653846153844 0.8858173076923077 0.01201923076923077 0.05048076923076923
0 0.051682692307692304 0.5300480769230769 0.05048076923076923 0.021634615384615384
0 0.17908653846153846 0.5336538461538461 0.04567307692307692 0.028846153846153848
0 0.32572115384615385 0.5300480769230769 0.05048076923076923 0.021634615384615384
0 0.5600961538461539 0.8533653846153846 0.052884615384615384 0.04807692307692308