0 0.025240384615384616 0.390625 0.05048076923076923 0.12740384615384615
0 0.5528846153846154 0.41586538461538464 0.0673076923076923 0.0673076923076923
0 0.17067307692307693 0.43509615384615385 0.0889423076923077 0.08173076923076923
0 0.4951923076923077 0.47115384615384615 0.0985576923076923 0.11538461538461539
0 0.7067307692307693 0.055288461538461536 0.11538461538461539 0.11057692307692307
0 0.4807692307692308 0.7451923076923077 0.052884615384615384 0.06971153846153846
0 0.6298076923076923 0.7572115384615384 0.03365384615384615 0.08653846153846154
0 0.30288461538461536 0.7572115384615384 0.04326923076923077 0.0673076923076923
0 0.5600961538461539 0.7427884615384616 0.055288461538461536 0.07451923076923077
0 0.06490384615384616 0.75 0.04807692307692308 0.055288461538461536
0 0.36778846153846156 0.7524038461538461 0.04326923076923077 0.057692307692307696
0 0.25240384615384615 0.7596153846153846 0.05048076923076923 0.06009615384615385
0 0.3629807692307692 0.7211538461538461 0.038461538461538464 0.055288461538461536
0 0.44711538461538464 0.75 0.04567307692307692 0.06971153846153846
1 0.1875 0.7644230769230769 0.06009615384615385 0.06009615384615385
0 0.6682692307692307 0.6923076923076923 0.038461538461538464 0.04326923076923077
0 0.7932692307692307 0.7043269230769231 0.03365384615384615 0.036057692307692304
0 0.8942307692307693 0.6610576923076923 0.02403846153846154 0.03125