1 0.021634615384615384 0.030048076923076924 0.04326923076923077 0.06009615384615385
0 0.9110576923076923 0.3173076923076923 0.1466346153846154 0.16346153846153846
0 0.6057692307692307 0.28365384615384615 0.052884615384615384 0.23557692307692307
0 0.6610576923076923 0.2980769230769231 0.06009615384615385 0.07211538461538461
1 0.7740384615384616 0.30528846153846156 0.10336538461538461 0.11778846153846154
0 0.9134615384615384 0.04807692307692308 0.15384615384615385 0.09615384615384616
0 0.6069711538461539 0.0829326923076923 0.055288461538461536 0.1658653846153846
0 0.6610576923076923 0.03365384615384615 0.0625 0.0673076923076923
1 0.7740384615384616 0.040865384615384616 0.10576923076923077 0.08173076923076923
1 0.28125 0.5504807692307693 0.07692307692307693 0.0625
1 0.13701923076923078 0.5685096153846154 0.10576923076923077 0.0985576923076923
1 0.39783653846153844 0.5516826923076923 0.06009615384615385 0.06490384615384616
1 0.47836538461538464 0.5889423076923077 0.038461538461538464 0.0625
1 0.5264423076923077 0.5793269230769231 0.04326923076923077 0.055288461538461536
0 0.7451923076923077 0.7620192307692307 0.04807692307692308 0.07932692307692307
0 0.875 0.78125 0.05048076923076923 0.0625
1 0.7764423076923077 0.7788461538461539 0.03365384615384615 0.052884615384615384
1 0.9230769230769231 0.7740384615384616 0.055288461538461536 0.0673076923076923
0 0.96875 0.7644230769230769 0.055288461538461536 0.06971153846153846