0 0.7043269230769231 0.16346153846153846 0.036057692307692304 0.040865384615384616
0 0.9254807692307693 0.21153846153846154 0.040865384615384616 0.04326923076923077
0 0.051682692307692304 0.46033653846153844 0.10336538461538461 0.15625
1 0.09615384615384616 0.5072115384615384 0.07692307692307693 0.08173076923076923
0 0.4230769230769231 0.5024038461538461 0.057692307692307696 0.07692307692307693
0 0.9375 0.5048076923076923 0.052884615384615384 0.0673076923076923
0 0.8894230769230769 0.5240384615384616 0.05048076923076923 0.07451923076923077
0 0.5024038461538461 0.5072115384615384 0.05048076923076923 0.0673076923076923
0 0.5625 0.5288461538461539 0.038461538461538464 0.05048076923076923
0 0.6105769230769231 0.5216346153846154 0.038461538461538464 0.05048076923076923
0 0.6490384615384616 0.53125 0.03125 0.05048076923076923