0 0.23317307692307693 0.09375 0.14423076923076922 0.1875
0 0.3076923076923077 0.15865384615384615 0.09615384615384616 0.15865384615384615
0 0.11298076923076923 0.03125 0.052884615384615384 0.0625
0 0.009615384615384616 0.051682692307692304 0.019230769230769232 0.0985576923076923
0 0.040865384615384616 0.0625 0.04567307692307692 0.04807692307692308
0 0.5024038461538461 0.039663461538461536 0.14903846153846154 0.07932692307692307
1 0.16466346153846154 0.025240384615384616 0.0889423076923077 0.05048076923076923
1 0.3713942307692308 0.04326923076923077 0.06009615384615385 0.08653846153846154
0 0.6875 0.09375 0.14182692307692307 0.17307692307692307
0 0.09615384615384616 0.5480769230769231 0.07211538461538461 0.10817307692307693
0 0.4254807692307692 0.5252403846153846 0.1346153846153846 0.07451923076923077
0 0.20432692307692307 0.5084134615384616 0.11057692307692307 0.040865384615384616
0 0.6237980769230769 0.7127403846153846 0.03125 0.0889423076923077
0 0.7692307692307693 0.7091346153846154 0.10096153846153846 0.11778846153846154
0 0.6189903846153846 0.6634615384615384 0.021634615384615384 0.0673076923076923