0 0.11298076923076923 0.1201923076923077 0.057692307692307696 0.10336538461538461
0 0.42788461538461536 0.25240384615384615 0.125 0.11538461538461539
0 0.7475961538461539 0.3485576923076923 0.11057692307692307 0.13221153846153846
0 0.6033653846153846 0.37740384615384615 0.0673076923076923 0.09375
0 0.5324519230769231 0.34375 0.026442307692307692 0.125
0 0.6802884615384616 0.47115384615384615 0.13221153846153846 0.12980769230769232
0 0.7475961538461539 0.002403846153846154 0.11538461538461539 0.004807692307692308
0 0.4987980769230769 0.9038461538461539 0.036057692307692304 0.09615384615384616
0 0.018028846153846152 0.9170673076923077 0.036057692307692304 0.06971153846153846
1 0.21875 0.8677884615384616 0.0625 0.07692307692307693
1 0.07692307692307693 0.8966346153846154 0.057692307692307696 0.07451923076923077
1 0.3629807692307692 0.9110576923076923 0.052884615384615384 0.06009615384615385
1 0.4519230769230769 0.9038461538461539 0.052884615384615384 0.06490384615384616
1 0.13701923076923078 0.8870192307692307 0.057692307692307696 0.06971153846153846
0 0.9326923076923077 0.9435096153846154 0.12980769230769232 0.10817307692307693