0 0.2920673076923077 0.038461538461538464 0.08413461538461539 0.07692307692307693
0 0.53125 0.04807692307692308 0.10576923076923077 0.09615384615384616
0 0.028846153846153848 0.04326923076923077 0.057692307692307696 0.08653846153846154
0 0.20192307692307693 0.052884615384615384 0.052884615384615384 0.0625
1 0.0985576923076923 0.05048076923076923 0.0673076923076923 0.09134615384615384
0 0.35096153846153844 0.04567307692307692 0.052884615384615384 0.07932692307692307
0 0.7716346153846154 0.33413461538461536 0.15384615384615385 0.17067307692307693
0 0.9699519230769231 0.390625 0.055288461538461536 0.18509615384615385
0 0.7728365384615384 0.04326923076923077 0.16105769230769232 0.08653846153846154
0 0.9699519230769231 0.019230769230769232 0.055288461538461536 0.038461538461538464
0 0.5528846153846154 0.7980769230769231 0.09615384615384616 0.09134615384615384
0 0.8581730769230769 0.7692307692307693 0.08173076923076923 0.10576923076923077