1 0.8389423076923077 0.25721153846153844 0.0673076923076923 0.07692307692307693
1 0.5661057692307693 0.25600961538461536 0.036057692307692304 0.07451923076923077
1 0.7379807692307693 0.27403846153846156 0.055288461538461536 0.06971153846153846
1 0.6490384615384616 0.2956730769230769 0.04567307692307692 0.057692307692307696
1 0.08413461538461539 0.6442307692307693 0.036057692307692304 0.036057692307692304
1 0.13942307692307693 0.6466346153846154 0.028846153846153848 0.040865384615384616
1 0.16826923076923078 0.6346153846153846 0.038461538461538464 0.04326923076923077
1 0.21394230769230768 0.6514423076923077 0.03125 0.038461538461538464
1 0.2860576923076923 0.6538461538461539 0.03365384615384615 0.038461538461538464
1 0.38461538461538464 0.6370192307692307 0.03125 0.03365384615384615
1 0.4567307692307692 0.6274038461538461 0.040865384615384616 0.04567307692307692
1 0.5336538461538461 0.6478365384615384 0.02403846153846154 0.036057692307692304
0 0.9639423076923077 0.5432692307692307 0.036057692307692304 0.04326923076923077