1 0.09375 0.25 0.055288461538461536 0.06971153846153846
1 0.24519230769230768 0.23557692307692307 0.055288461538461536 0.07932692307692307
1 0.13221153846153846 0.25 0.03125 0.04807692307692308
1 0.1658653846153846 0.27403846153846156 0.03125 0.04567307692307692
0 0.15384615384615385 0.49759615384615385 0.0889423076923077 0.08173076923076923
0 0.31009615384615385 0.44471153846153844 0.125 0.13701923076923078
0 0.5576923076923077 0.5192307692307693 0.057692307692307696 0.07211538461538461
0 0.625 0.6310096153846154 0.03365384615384615 0.055288461538461536
0 0.96875 0.7139423076923077 0.038461538461538464 0.040865384615384616
0 0.9326923076923077 0.5865384615384616 0.040865384615384616 0.040865384615384616
0 0.8461538461538461 0.6129807692307693 0.03365384615384615 0.04326923076923077
0 0.71875 0.6225961538461539 0.04807692307692308 0.05048076923076923
0 0.6850961538461539 0.625 0.036057692307692304 0.04567307692307692
1 0.78125 0.6081730769230769 0.040865384615384616 0.04567307692307692