0 0.021634615384615384 0.15384615384615385 0.04326923076923077 0.0673076923076923
1 0.6598557692307693 0.13221153846153846 0.03125 0.09615384615384616
1 0.08413461538461539 0.125 0.0625 0.06971153846153846
1 0.3389423076923077 0.0985576923076923 0.07451923076923077 0.09615384615384616
1 0.47836538461538464 0.13701923076923078 0.057692307692307696 0.07932692307692307
1 0.5769230769230769 0.1658653846153846 0.055288461538461536 0.07211538461538461
1 0.23317307692307693 0.15865384615384615 0.057692307692307696 0.07692307692307693
0 0.19471153846153846 0.16105769230769232 0.028846153846153848 0.04567307692307692
1 0.43990384615384615 0.15384615384615385 0.03365384615384615 0.057692307692307696
1 0.2932692307692308 0.1466346153846154 0.04326923076923077 0.057692307692307696
0 0.7151442307692307 0.17668269230769232 0.07451923076923077 0.11778846153846154
0 0.2283653846153846 0.5240384615384616 0.25 0.3389423076923077
0 0.4699519230769231 0.4050480769230769 0.23798076923076922 0.33413461538461536
0 0.6346153846153846 0.4050480769230769 0.08173076923076923 0.33413461538461536
0 0.6911057692307693 0.5637019230769231 0.026442307692307692 0.10336538461538461
0 0.9158653846153846 0.5600961538461539 0.0889423076923077 0.11538461538461539