0 0.6370192307692307 0.29086538461538464 0.07932692307692307 0.09615384615384616
0 0.8701923076923077 0.25961538461538464 0.06971153846153846 0.08653846153846154
0 0.7379807692307693 0.29086538461538464 0.06490384615384616 0.08653846153846154
0 0.7860576923076923 0.25 0.057692307692307696 0.07932692307692307
0 0.5721153846153846 0.23317307692307693 0.04807692307692308 0.06490384615384616
0 0.4807692307692308 0.24278846153846154 0.04567307692307692 0.057692307692307696
0 0.8942307692307693 0.22355769230769232 0.057692307692307696 0.07932692307692307
0 0.5721153846153846 0.002403846153846154 0.052884615384615384 0.004807692307692308
0 0.8954326923076923 0.010817307692307692 0.06490384615384616 0.021634615384615384
0 0.3293269230769231 0.5432692307692307 0.052884615384615384 0.0673076923076923
0 0.28125 0.5625 0.05048076923076923 0.07451923076923077
0 0.01201923076923077 0.5600961538461539 0.02403846153846154 0.052884615384615384
0 0.040865384615384616 0.5697115384615384 0.03125 0.05048076923076923