0 0.15865384615384615 0.13701923076923078 0.0889423076923077 0.1201923076923077
0 0.3629807692307692 0.12259615384615384 0.09375 0.11298076923076923
0 0.07211538461538461 0.13221153846153846 0.11057692307692307 0.13701923076923078
0 0.31971153846153844 0.11778846153846154 0.0625 0.08413461538461539
0 0.8725961538461539 0.17548076923076922 0.13221153846153846 0.11057692307692307
0 0.5697115384615384 0.1875 0.13942307692307693 0.13942307692307693
0 0.6201923076923077 0.21394230769230768 0.07692307692307693 0.10576923076923077
0 0.8725961538461539 0.06009615384615385 0.13221153846153846 0.11057692307692307
0 0.5709134615384616 0.06009615384615385 0.14182692307692307 0.1201923076923077
0 0.6201923076923077 0.039663461538461536 0.08173076923076923 0.07932692307692307
0 0.04567307692307692 0.6706730769230769 0.03365384615384615 0.04567307692307692
0 0.13701923076923078 0.6105769230769231 0.04326923076923077 0.0625
0 0.37259615384615385 0.4699519230769231 0.08173076923076923 0.08413461538461539
0 0.8485576923076923 0.47836538461538464 0.0625 0.08173076923076923