0 0.06490384615384616 0.38461538461538464 0.0625 0.07451923076923077
0 0.33653846153846156 0.27403846153846156 0.026442307692307692 0.036057692307692304
0 0.3317307692307692 0.31971153846153844 0.055288461538461536 0.052884615384615384
0 0.7163461538461539 0.10576923076923077 0.06971153846153846 0.08413461538461539
0 0.8581730769230769 0.052884615384615384 0.09615384615384616 0.10576923076923077
0 0.5480769230769231 0.11057692307692307 0.0673076923076923 0.08173076923076923
1 0.6730769230769231 0.10817307692307693 0.03365384615384615 0.06009615384615385
1 0.6490384615384616 0.10817307692307693 0.03365384615384615 0.055288461538461536
0 0.24278846153846154 0.8100961538461539 0.23798076923076922 0.2620192307692308
0 0.16706730769230768 0.7536057692307693 0.17548076923076922 0.2283653846153846
1 0.4423076923076923 0.7944711538461539 0.12980769230769232 0.2091346153846154
0 0.8365384615384616 0.6790865384615384 0.08653846153846154 0.07932692307692307
1 0.9182692307692307 0.7019230769230769 0.07451923076923077 0.0985576923076923
1 0.5384615384615384 0.6911057692307693 0.057692307692307696 0.10336538461538461
1 0.5985576923076923 0.6754807692307693 0.0673076923076923 0.07211538461538461