0 0.48677884615384615 0.30649038461538464 0.06009615384615385 0.0889423076923077
0 0.18028846153846154 0.31971153846153844 0.055288461538461536 0.07211538461538461
0 0.34615384615384615 0.3269230769230769 0.055288461538461536 0.06490384615384616
0 0.028846153846153848 0.3076923076923077 0.05048076923076923 0.07451923076923077
0 0.07692307692307693 0.3173076923076923 0.040865384615384616 0.0625
0 0.4110576923076923 0.31971153846153844 0.04326923076923077 0.057692307692307696
0 0.1346153846153846 0.3317307692307692 0.040865384615384616 0.0625
0 0.2403846153846154 0.31971153846153844 0.04807692307692308 0.057692307692307696
0 0.4855769230769231 0.010817307692307692 0.0625 0.021634615384615384
0 0.030048076923076924 0.006009615384615385 0.055288461538461536 0.01201923076923077
1 0.5060096153846154 0.7007211538461539 0.021634615384615384 0.0889423076923077
1 0.4254807692307692 0.6971153846153846 0.06971153846153846 0.07451923076923077
1 0.19951923076923078 0.6826923076923077 0.052884615384615384 0.057692307692307696
0 0.021634615384615384 0.6899038461538461 0.03125 0.038461538461538464
0 0.15144230769230768 0.6995192307692307 0.03125 0.038461538461538464
1 0.06971153846153846 0.7043269230769231 0.03125 0.040865384615384616
1 0.25721153846153844 0.7067307692307693 0.04807692307692308 0.0625
1 0.2932692307692308 0.6947115384615384 0.026442307692307692 0.040865384615384616
1 0.3605769230769231 0.7019230769230769 0.040865384615384616 0.04326923076923077
0 0.6778846153846154 0.6225961538461539 0.10576923076923077 0.125