0 0.010817307692307692 0.265625 0.021634615384615384 0.07932692307692307
0 0.11057692307692307 0.24278846153846154 0.07211538461538461 0.11778846153846154
1 0.18990384615384615 0.25721153846153844 0.1346153846153846 0.19951923076923078
1 0.2932692307692308 0.29086538461538464 0.06009615384615385 0.09375
1 0.375 0.22355769230769232 0.16346153846153846 0.2403846153846154
0 0.11057692307692307 0.013221153846153846 0.07692307692307693 0.026442307692307692
1 0.19110576923076922 0.026442307692307692 0.14182692307692307 0.052884615384615384
1 0.3737980769230769 0.052884615384615384 0.1658653846153846 0.10576923076923077
0 0.7548076923076923 0.31971153846153844 0.11298076923076923 0.12980769230769232
0 0.9447115384615384 0.43509615384615385 0.09375 0.11538461538461539
0 0.7572115384615384 0.036057692307692304 0.1201923076923077 0.07211538461538461
0 0.8737980769230769 0.9807692307692307 0.14182692307692307 0.03365384615384615
0 0.7644230769230769 0.8629807692307693 0.1658653846153846 0.1658653846153846