0 0.140625 0.0733173076923077 0.1658653846153846 0.1466346153846154
0 0.5889423076923077 0.11538461538461539 0.09615384615384616 0.1201923076923077
0 0.23317307692307693 0.5432692307692307 0.04807692307692308 0.06490384615384616
0 0.036057692307692304 0.5600961538461539 0.03365384615384615 0.040865384615384616
0 0.08413461538461539 0.5576923076923077 0.026442307692307692 0.04807692307692308
0 0.10817307692307693 0.5745192307692307 0.026442307692307692 0.03365384615384615
0 0.15384615384615385 0.5769230769230769 0.026442307692307692 0.036057692307692304
0 0.46634615384615385 0.5528846153846154 0.04326923076923077 0.04567307692307692
0 0.5216346153846154 0.5408653846153846 0.03365384615384615 0.057692307692307696
0 0.7956730769230769 0.7427884615384616 0.0625 0.07211538461538461
0 0.9399038461538461 0.7692307692307693 0.052884615384615384 0.07211538461538461
0 0.984375 0.7331730769230769 0.026442307692307692 0.08653846153846154
0 0.875 0.5745192307692307 0.055288461538461536 0.06490384615384616