1 0.17548076923076922 0.12740384615384615 0.06009615384615385 0.06971153846153846
1 0.4639423076923077 0.2127403846153846 0.04326923076923077 0.06009615384615385
1 0.34375 0.3557692307692308 0.04326923076923077 0.10576923076923077
1 0.21153846153846154 0.13942307692307693 0.03365384615384615 0.05048076923076923
1 0.27403846153846156 0.14423076923076922 0.04567307692307692 0.057692307692307696
1 0.3581730769230769 0.15625 0.04567307692307692 0.05048076923076923
0 0.6875 0.3870192307692308 0.04326923076923077 0.038461538461538464
0 0.84375 0.35096153846153844 0.04326923076923077 0.04807692307692308
0 0.5360576923076923 0.3076923076923077 0.03125 0.036057692307692304
1 0.17668269230769232 0.5853365384615384 0.08413461538461539 0.09375
1 0.38221153846153844 0.59375 0.10576923076923077 0.11057692307692307
0 0.6490384615384616 0.9326923076923077 0.11778846153846154 0.09375