0 0.22956730769230768 0.06850961538461539 0.19951923076923078 0.13701923076923078
0 0.7307692307692307 0.18509615384615385 0.15384615384615385 0.18509615384615385
0 0.8966346153846154 0.3798076923076923 0.07211538461538461 0.06009615384615385
0 0.2980769230769231 0.6875 0.07692307692307693 0.09375
1 0.8557692307692307 0.8269230769230769 0.06009615384615385 0.07692307692307693
1 0.9302884615384616 0.8341346153846154 0.052884615384615384 0.07211538461538461
1 0.7668269230769231 0.8245192307692307 0.057692307692307696 0.11057692307692307
1 0.7115384615384616 0.8197115384615384 0.05048076923076923 0.10576923076923077
1 0.9951923076923077 0.8485576923076923 0.004807692307692308 0.04807692307692308
1 0.9759615384615384 0.8581730769230769 0.028846153846153848 0.04807692307692308
1 0.8581730769230769 0.5745192307692307 0.0673076923076923 0.052884615384615384
1 0.9314903846153846 0.5697115384615384 0.06009615384615385 0.04326923076923077
1 0.7680288461538461 0.5841346153846154 0.06490384615384616 0.07211538461538461
1 0.7127403846153846 0.5853365384615384 0.055288461538461536 0.07451923076923077
1 0.9759615384615384 0.5516826923076923 0.03365384615384615 0.007211538461538462