0 0.47836538461538464 0.1346153846153846 0.057692307692307696 0.1346153846153846
0 0.10817307692307693 0.3004807692307692 0.06009615384615385 0.09134615384615384
0 0.7283653846153846 0.34615384615384615 0.07451923076923077 0.08653846153846154
0 0.5841346153846154 0.36778846153846156 0.09375 0.10576923076923077
0 0.84375 0.36778846153846156 0.05048076923076923 0.06971153846153846
0 0.9783653846153846 0.3629807692307692 0.038461538461538464 0.07211538461538461
0 0.7932692307692307 0.38461538461538464 0.04326923076923077 0.057692307692307696
0 0.9567307692307693 0.3894230769230769 0.03365384615384615 0.04807692307692308
0 0.6394230769230769 0.38461538461538464 0.038461538461538464 0.06971153846153846
0 0.0673076923076923 0.6490384615384616 0.1346153846153846 0.16826923076923078
0 0.3798076923076923 0.7331730769230769 0.18269230769230768 0.14182692307692307