1 0.3605769230769231 0.39903846153846156 0.055288461538461536 0.06971153846153846
1 0.028846153846153848 0.39663461538461536 0.052884615384615384 0.07451923076923077
1 0.12980769230769232 0.41586538461538464 0.03365384615384615 0.05048076923076923
1 0.23557692307692307 0.4254807692307692 0.057692307692307696 0.0673076923076923
1 0.07451923076923077 0.4254807692307692 0.04567307692307692 0.052884615384615384
1 0.49278846153846156 0.40625 0.04807692307692308 0.0625
1 0.4567307692307692 0.38461538461538464 0.038461538461538464 0.04807692307692308
0 0.7836538461538461 0.46634615384615385 0.038461538461538464 0.04567307692307692
0 0.8413461538461539 0.47596153846153844 0.052884615384615384 0.040865384615384616
0 0.8581730769230769 0.3701923076923077 0.038461538461538464 0.04567307692307692
0 0.11778846153846154 0.8461538461538461 0.0625 0.07932692307692307
0 0.3173076923076923 0.8197115384615384 0.052884615384615384 0.07211538461538461
0 0.38461538461538464 0.7860576923076923 0.07451923076923077 0.09375
0 0.9663461538461539 0.5649038461538461 0.028846153846153848 0.036057692307692304