0 0.07692307692307693 0.038461538461538464 0.026442307692307692 0.03125
0 0.15865384615384615 0.040865384615384616 0.021634615384615384 0.026442307692307692
0 0.07692307692307693 0.4879807692307692 0.026442307692307692 0.03125
0 0.15865384615384615 0.4855769230769231 0.021634615384615384 0.026442307692307692
0 0.7055288461538461 0.020432692307692308 0.07451923076923077 0.040865384615384616
0 0.44471153846153844 0.021634615384615384 0.03365384615384615 0.04326923076923077
0 0.6670673076923077 0.008413461538461538 0.040865384615384616 0.016826923076923076
0 0.23317307692307693 0.7259615384615384 0.036057692307692304 0.04567307692307692
0 0.41586538461538464 0.8461538461538461 0.019230769230769232 0.052884615384615384
0 0.1466346153846154 0.5456730769230769 0.03365384615384615 0.014423076923076924
0 0.75 0.75 0.15144230769230768 0.1658653846153846
0 0.7524038461538461 0.5721153846153846 0.15865384615384615 0.0673076923076923