0 0.03485576923076923 0.16706730769230768 0.06971153846153846 0.25240384615384615
0 0.1346153846153846 0.13942307692307693 0.1658653846153846 0.25240384615384615
0 0.8100961538461539 0.22355769230769232 0.06490384615384616 0.11057692307692307
0 0.875 0.2548076923076923 0.0673076923076923 0.08653846153846154
0 0.6177884615384616 0.27884615384615385 0.125 0.15865384615384615
0 0.5168269230769231 0.24158653846153846 0.057692307692307696 0.11778846153846154
0 0.7403846153846154 0.25240384615384615 0.0889423076923077 0.11538461538461539
0 0.9819711538461539 0.2776442307692308 0.03125 0.07451923076923077
0 0.9158653846153846 0.2692307692307692 0.02403846153846154 0.08173076923076923
0 0.6802884615384616 0.2644230769230769 0.052884615384615384 0.09134615384615384
0 0.9447115384615384 0.29086538461538464 0.03125 0.06009615384615385
0 0.8125 0.03125 0.07211538461538461 0.0625
0 0.8762019230769231 0.009615384615384616 0.07451923076923077 0.019230769230769232
0 0.6177884615384616 0.015625 0.12980769230769232 0.03125
0 0.5192307692307693 0.02403846153846154 0.0625 0.04807692307692308
0 0.7415865384615384 0.018028846153846152 0.09375 0.036057692307692304
0 0.6802884615384616 0.006009615384615385 0.057692307692307696 0.01201923076923077