0 0.22596153846153846 0.1778846153846154 0.04567307692307692 0.04567307692307692
0 0.1466346153846154 0.19951923076923078 0.036057692307692304 0.052884615384615384
0 0.8822115384615384 0.046875 0.23076923076923078 0.09375
0 0.9350961538461539 0.10817307692307693 0.03365384615384615 0.028846153846153848
0 0.5420673076923077 0.04807692307692308 0.06490384615384616 0.09615384615384616
1 0.34375 0.5649038461538461 0.0625 0.08413461538461539
1 0.1466346153846154 0.5865384615384616 0.06490384615384616 0.08173076923076923
1 0.27403846153846156 0.5625 0.055288461538461536 0.08173076923076923
1 0.028846153846153848 0.5673076923076923 0.04807692307692308 0.0673076923076923
1 0.18028846153846154 0.5528846153846154 0.04807692307692308 0.07211538461538461
1 0.3942307692307692 0.5504807692307693 0.038461538461538464 0.06009615384615385
1 0.4735576923076923 0.5913461538461539 0.04807692307692308 0.06009615384615385
0 0.7139423076923077 0.5817307692307693 0.15384615384615385 0.16105769230769232