0 0.30288461538461536 0.1346153846153846 0.038461538461538464 0.04326923076923077
0 0.43990384615384615 0.14903846153846154 0.04567307692307692 0.040865384615384616
0 0.5600961538461539 0.18509615384615385 0.04326923076923077 0.055288461538461536
0 0.9807692307692307 0.15745192307692307 0.03365384615384615 0.11298076923076923
1 0.6346153846153846 0.1814903846153846 0.052884615384615384 0.09375
1 0.8028846153846154 0.16826923076923078 0.08173076923076923 0.09375
0 0.23317307692307693 0.5456730769230769 0.06971153846153846 0.10336538461538461
0 0.16105769230769232 0.5865384615384616 0.06490384615384616 0.06971153846153846
1 0.5432692307692307 0.5841346153846154 0.06971153846153846 0.08653846153846154
1 0.38221153846153844 0.5745192307692307 0.057692307692307696 0.07451923076923077
1 0.008413461538461538 0.609375 0.016826923076923076 0.05048076923076923
0 0.8521634615384616 0.3918269230769231 0.16105769230769232 0.10576923076923077