1 0.15144230769230768 0.3557692307692308 0.0889423076923077 0.10096153846153846
1 0.014423076923076924 0.3473557692307692 0.028846153846153848 0.11778846153846154
1 0.6394230769230769 0.10817307692307693 0.057692307692307696 0.0673076923076923
1 0.8605769230769231 0.125 0.04807692307692308 0.06009615384615385
1 0.7596153846153846 0.10096153846153846 0.052884615384615384 0.06490384615384616
1 0.9471153846153846 0.1201923076923077 0.040865384615384616 0.0625
0 0.125 0.6418269230769231 0.21394230769230768 0.2692307692307692
0 0.054086538461538464 0.5721153846153846 0.10817307692307693 0.24519230769230768
0 0.36899038461538464 0.5745192307692307 0.18509615384615385 0.25
1 0.5180288461538461 0.5769230769230769 0.0985576923076923 0.1346153846153846
1 0.8245192307692307 0.5745192307692307 0.13942307692307693 0.13942307692307693