1 0.36177884615384615 0.02283653846153846 0.06009615384615385 0.04567307692307692
1 0.45913461538461536 0.036057692307692304 0.057692307692307696 0.07211538461538461
1 0.11658653846153846 0.03365384615384615 0.06009615384615385 0.0673076923076923
0 0.07692307692307693 0.028846153846153848 0.028846153846153848 0.04567307692307692
1 0.3233173076923077 0.026442307692307692 0.036057692307692304 0.052884615384615384
1 0.17668269230769232 0.02283653846153846 0.04567307692307692 0.04567307692307692
0 0.22956730769230768 0.36538461538461536 0.055288461538461536 0.014423076923076924
0 0.6129807692307693 0.49278846153846156 0.057692307692307696 0.06490384615384616
0 0.71875 0.5432692307692307 0.04326923076923077 0.04567307692307692
0 0.8341346153846154 0.5360576923076923 0.04567307692307692 0.052884615384615384
0 0.8870192307692307 0.6610576923076923 0.03125 0.04807692307692308