1 0.03125 0.3449519230769231 0.0625 0.10817307692307693
1 0.2956730769230769 0.34134615384615385 0.04326923076923077 0.10576923076923077
1 0.19471153846153846 0.31009615384615385 0.09375 0.12980769230769232
1 0.1971153846153846 0.02403846153846154 0.10096153846153846 0.04807692307692308
0 0.9519230769230769 0.38461538461538464 0.09134615384615384 0.09615384615384616
0 0.7427884615384616 0.35336538461538464 0.10096153846153846 0.10336538461538461
0 0.43509615384615385 0.29086538461538464 0.0625 0.08173076923076923
0 0.3293269230769231 0.27283653846153844 0.019230769230769232 0.0889423076923077
1 0.6298076923076923 0.90625 0.13701923076923078 0.1778846153846154
1 0.36177884615384615 0.9134615384615384 0.08413461538461539 0.16826923076923078
1 0.6322115384615384 0.5600961538461539 0.14423076923076922 0.02403846153846154