0 0.23557692307692307 0.23798076923076922 0.1778846153846154 0.19230769230769232
0 0.042067307692307696 0.234375 0.08413461538461539 0.2091346153846154
0 0.42427884615384615 0.1201923076923077 0.10336538461538461 0.2403846153846154
0 0.5132211538461539 0.10576923076923077 0.06971153846153846 0.10576923076923077
1 0.8221153846153846 0.14423076923076922 0.06971153846153846 0.08653846153846154
1 0.6610576923076923 0.1346153846153846 0.057692307692307696 0.07451923076923077
1 0.9110576923076923 0.1658653846153846 0.040865384615384616 0.052884615384615384
0 0.9615384615384616 0.14903846153846154 0.04326923076923077 0.04807692307692308
0 0.14903846153846154 0.7019230769230769 0.1658653846153846 0.2403846153846154
0 0.3894230769230769 0.7319711538461539 0.17307692307692307 0.24759615384615385
0 0.0829326923076923 0.5793269230769231 0.1658653846153846 0.30288461538461536
1 0.75 0.5072115384615384 0.13701923076923078 0.15625