0 0.9206730769230769 0.055288461538461536 0.06009615384615385 0.0625
0 0.6610576923076923 0.04807692307692308 0.06971153846153846 0.052884615384615384
0 0.8100961538461539 0.0889423076923077 0.057692307692307696 0.055288461538461536
0 0.9206730769230769 0.4375 0.0625 0.052884615384615384
0 0.6610576923076923 0.4423076923076923 0.07211538461538461 0.040865384615384616
0 0.8100961538461539 0.40865384615384615 0.057692307692307696 0.055288461538461536
1 0.3858173076923077 0.9555288461538461 0.08413461538461539 0.08413461538461539
1 0.5048076923076923 0.9591346153846154 0.07211538461538461 0.07692307692307693
1 0.18509615384615385 0.9507211538461539 0.08653846153846154 0.09375
1 0.04807692307692308 0.9314903846153846 0.09615384615384616 0.13221153846153846
1 0.3076923076923077 0.9471153846153846 0.057692307692307696 0.08173076923076923
1 0.47836538461538464 0.9158653846153846 0.055288461538461536 0.0625