0 0.2403846153846154 0.16826923076923078 0.11538461538461539 0.14182692307692307
0 0.4326923076923077 0.17307692307692307 0.15384615384615385 0.17307692307692307
0 0.3918269230769231 0.21875 0.0673076923076923 0.07932692307692307
0 0.5985576923076923 0.2403846153846154 0.07211538461538461 0.09375
0 0.10096153846153846 0.8293269230769231 0.055288461538461536 0.07692307692307693
0 0.33413461538461536 0.8413461538461539 0.04326923076923077 0.06009615384615385
1 0.04326923076923077 0.8629807692307693 0.06971153846153846 0.08413461538461539
1 0.4326923076923077 0.84375 0.06490384615384616 0.07692307692307693
1 0.22596153846153846 0.8653846153846154 0.05048076923076923 0.06971153846153846
1 0.5 0.84375 0.03365384615384615 0.06009615384615385
1 0.18990384615384615 0.8870192307692307 0.04567307692307692 0.06009615384615385
1 0.2644230769230769 0.8341346153846154 0.03365384615384615 0.04567307692307692
1 0.29086538461538464 0.8725961538461539 0.04326923076923077 0.05048076923076923
1 0.36778846153846156 0.8725961538461539 0.038461538461538464 0.05048076923076923
0 0.9735576923076923 0.6730769230769231 0.04807692307692308 0.22596153846153846
0 0.6802884615384616 0.6995192307692307 0.07211538461538461 0.08413461538461539
0 0.8846153846153846 0.7067307692307693 0.07451923076923077 0.09134615384615384