0 0.6021634615384616 0.13341346153846154 0.026442307692307692 0.06490384615384616
1 0.02403846153846154 0.6466346153846154 0.04326923076923077 0.04567307692307692
1 0.1658653846153846 0.6538461538461539 0.03365384615384615 0.04326923076923077
1 0.1346153846153846 0.6274038461538461 0.036057692307692304 0.040865384615384616
1 0.0985576923076923 0.6322115384615384 0.028846153846153848 0.036057692307692304
0 0.1875 0.625 0.03365384615384615 0.04567307692307692
0 0.3125 0.6394230769230769 0.04326923076923077 0.05048076923076923
0 0.38461538461538464 0.6346153846153846 0.038461538461538464 0.04567307692307692
1 0.25961538461538464 0.6514423076923077 0.04567307692307692 0.04567307692307692
1 0.36538461538461536 0.6802884615384616 0.052884615384615384 0.055288461538461536
1 0.4807692307692308 0.6490384615384616 0.03125 0.036057692307692304
1 0.5576923076923077 0.6538461538461539 0.03365384615384615 0.036057692307692304
0 0.9771634615384616 0.45072115384615385 0.040865384615384616 0.20432692307692307
1 0.8497596153846154 0.44591346153846156 0.15625 0.19471153846153846
1 0.9639423076923077 0.4182692307692308 0.038461538461538464 0.05048076923076923