0 0.3858173076923077 0.2620192307692308 0.10336538461538461 0.11057692307692307
0 0.2644230769230769 0.2548076923076923 0.07451923076923077 0.09615384615384616
0 0.12259615384615384 0.27163461538461536 0.04807692307692308 0.06971153846153846
0 0.1935096153846154 0.28365384615384615 0.06009615384615385 0.0673076923076923
0 0.06971153846153846 0.27884615384615385 0.04567307692307692 0.057692307692307696
0 0.31009615384615385 0.5504807692307693 0.06971153846153846 0.0889423076923077
0 0.18990384615384615 0.5576923076923077 0.07692307692307693 0.0673076923076923
1 0.39663461538461536 0.5745192307692307 0.06490384615384616 0.08653846153846154
1 0.12980769230769232 0.5841346153846154 0.06009615384615385 0.06971153846153846
1 0.021634615384615384 0.578125 0.04326923076923077 0.06971153846153846
0 0.055288461538461536 0.5625 0.03365384615384615 0.06009615384615385
1 0.4326923076923077 0.5661057692307693 0.009615384615384616 0.06971153846153846
0 0.4639423076923077 0.5552884615384616 0.04807692307692308 0.0625
0 0.5 0.40625 0.04567307692307692 0.05048076923076923