0 0.5745192307692307 0.16346153846153846 0.10576923076923077 0.10096153846153846
0 0.8197115384615384 0.14423076923076922 0.07451923076923077 0.07211538461538461
0 0.5709134615384616 0.037259615384615384 0.06009615384615385 0.07451923076923077
0 0.7139423076923077 0.07932692307692307 0.06490384615384616 0.05048076923076923
0 0.052884615384615384 0.43028846153846156 0.10576923076923077 0.02403846153846154
1 0.2620192307692308 0.4567307692307692 0.07451923076923077 0.07692307692307693
1 0.3701923076923077 0.4519230769230769 0.03365384615384615 0.0673076923076923
1 0.7620192307692307 0.8149038461538461 0.0625 0.06971153846153846
1 0.8461538461538461 0.8076923076923077 0.08413461538461539 0.09375
1 0.9555288461538461 0.8245192307692307 0.08413461538461539 0.11538461538461539
1 0.8473557692307693 0.42908653846153844 0.0889423076923077 0.021634615384615384
1 0.9555288461538461 0.4254807692307692 0.08413461538461539 0.014423076923076924