0 0.15144230769230768 0.2668269230769231 0.057692307692307696 0.07692307692307693
0 0.25721153846153844 0.27163461538461536 0.07211538461538461 0.08413461538461539
0 0.34375 0.23557692307692307 0.0889423076923077 0.11298076923076923
0 0.7331730769230769 0.21634615384615385 0.06490384615384616 0.07692307692307693
0 0.8846153846153846 0.18269230769230768 0.0889423076923077 0.10817307692307693
0 0.8725961538461539 0.24519230769230768 0.0673076923076923 0.07692307692307693
0 0.6923076923076923 0.2548076923076923 0.057692307692307696 0.057692307692307696
0 0.6610576923076923 0.24519230769230768 0.04567307692307692 0.057692307692307696
0 0.625 0.25 0.057692307692307696 0.0625
0 0.5769230769230769 0.2403846153846154 0.038461538461538464 0.040865384615384616
0 0.5384615384615384 0.2548076923076923 0.04326923076923077 0.04567307692307692
0 0.13701923076923078 0.6850961538461539 0.0625 0.06490384615384616
0 0.9435096153846154 0.7223557692307693 0.10817307692307693 0.10336538461538461
0 0.5264423076923077 0.7403846153846154 0.055288461538461536 0.06971153846153846
0 0.6899038461538461 0.7403846153846154 0.04326923076923077 0.04807692307692308
0 0.6153846153846154 0.7620192307692307 0.040865384615384616 0.036057692307692304
0 0.5961538461538461 0.7403846153846154 0.03125 0.03365384615384615