0 0.38461538461538464 0.10216346153846154 0.3269230769230769 0.20432692307692307
1 0.6105769230769231 0.3557692307692308 0.02403846153846154 0.052884615384615384
1 0.6322115384615384 0.35336538461538464 0.03365384615384615 0.036057692307692304
1 0.7163461538461539 0.34615384615384615 0.028846153846153848 0.036057692307692304
1 0.7451923076923077 0.3581730769230769 0.028846153846153848 0.03365384615384615
1 0.8076923076923077 0.3557692307692308 0.036057692307692304 0.036057692307692304
1 0.8389423076923077 0.3701923076923077 0.026442307692307692 0.036057692307692304
1 0.875 0.37259615384615385 0.026442307692307692 0.036057692307692304
1 0.9759615384615384 0.36778846153846156 0.02403846153846154 0.036057692307692304
1 0.6105769230769231 0.020432692307692308 0.02403846153846154 0.040865384615384616
1 0.6334134615384616 0.018028846153846152 0.036057692307692304 0.036057692307692304
1 0.7163461538461539 0.02403846153846154 0.028846153846153848 0.036057692307692304
1 0.7463942307692307 0.015625 0.03125 0.03125
1 0.8076923076923077 0.016826923076923076 0.038461538461538464 0.03365384615384615
1 0.8389423076923077 0.009615384615384616 0.028846153846153848 0.019230769230769232
1 0.875 0.008413461538461538 0.028846153846153848 0.016826923076923076
1 0.9771634615384616 0.010817307692307692 0.026442307692307692 0.021634615384615384
0 0.328125 0.9819711538461539 0.08413461538461539 0.03125
0 0.15144230769230768 0.8581730769230769 0.03125 0.036057692307692304
0 0.1658653846153846 0.8269230769230769 0.03365384615384615 0.040865384615384616
0 0.25 0.7884615384615384 0.03125 0.040865384615384616
1 0.9855769230769231 0.8509615384615384 0.02403846153846154 0.09615384615384616
1 0.8341346153846154 0.8221153846153846 0.07932692307692307 0.0889423076923077
1 0.6262019230769231 0.8461538461538461 0.055288461538461536 0.10576923076923077
1 0.9855769230769231 0.6033653846153846 0.02403846153846154 0.0673076923076923
1 0.8341346153846154 0.6153846153846154 0.07932692307692307 0.0889423076923077
1 0.6286057692307693 0.6081730769230769 0.06009615384615385 0.07692307692307693