0 0.3545673076923077 0.027644230769230768 0.07932692307692307 0.055288461538461536
0 0.46153846153846156 0.02283653846153846 0.028846153846153848 0.04567307692307692
0 0.23317307692307693 0.018028846153846152 0.04326923076923077 0.036057692307692304
0 0.296875 0.02283653846153846 0.040865384615384616 0.04567307692307692
0 0.39302884615384615 0.021634615384615384 0.036057692307692304 0.04326923076923077
0 0.9807692307692307 0.3713942307692308 0.03365384615384615 0.04567307692307692
0 0.9399038461538461 0.36778846153846156 0.03365384615384615 0.040865384615384616
0 0.484375 0.34975961538461536 0.01201923076923077 0.07451923076923077
0 0.5168269230769231 0.3557692307692308 0.04326923076923077 0.057692307692307696
0 0.5480769230769231 0.3389423076923077 0.038461538461538464 0.06009615384615385
0 0.6514423076923077 0.3701923076923077 0.040865384615384616 0.04567307692307692
0 0.7019230769230769 0.36778846153846156 0.036057692307692304 0.04567307692307692
0 0.7764423076923077 0.3629807692307692 0.038461538461538464 0.05048076923076923
0 0.8365384615384616 0.375 0.021634615384615384 0.03125
0 0.8966346153846154 0.36778846153846156 0.03365384615384615 0.04326923076923077
0 0.8701923076923077 0.36538461538461536 0.021634615384615384 0.038461538461538464
1 0.6153846153846154 0.35336538461538464 0.028846153846153848 0.040865384615384616
1 0.5649038461538461 0.36538461538461536 0.026442307692307692 0.03365384615384615
0 0.09375 0.8197115384615384 0.12980769230769232 0.15384615384615385
0 0.8052884615384616 0.6610576923076923 0.21634615384615385 0.28365384615384615