1 0.5120192307692307 0.2932692307692308 0.16826923076923078 0.19230769230769232
1 0.3701923076923077 0.27403846153846156 0.10576923076923077 0.14182692307692307
1 0.04567307692307692 0.28365384615384615 0.07692307692307693 0.11778846153846154
1 0.18990384615384615 0.2932692307692308 0.07932692307692307 0.11778846153846154
1 0.5120192307692307 0.008413461538461538 0.16826923076923078 0.016826923076923076
0 0.7764423076923077 0.1875 0.055288461538461536 0.06490384615384616
0 0.6189903846153846 0.2536057692307692 0.040865384615384616 0.055288461538461536
0 0.8389423076923077 0.21634615384615385 0.03125 0.04567307692307692
0 0.8942307692307693 0.22355769230769232 0.03365384615384615 0.04807692307692308
0 0.7235576923076923 0.2644230769230769 0.038461538461538464 0.0625
0 0.9735576923076923 0.18990384615384615 0.019230769230769232 0.0625
0 0.9915865384615384 0.19110576923076922 0.01201923076923077 0.06490384615384616
0 0.11057692307692307 0.8149038461538461 0.10096153846153846 0.052884615384615384
0 0.8149038461538461 0.9146634615384616 0.21634615384615385 0.1658653846153846
0 0.6334134615384616 0.8725961538461539 0.06971153846153846 0.16826923076923078