0 0.19471153846153846 0.15625 0.10336538461538461 0.11298076923076923
0 0.33052884615384615 0.1875 0.05048076923076923 0.09615384615384616
0 0.24278846153846154 0.16105769230769232 0.057692307692307696 0.10576923076923077
0 0.7572115384615384 0.2668269230769231 0.07211538461538461 0.0985576923076923
0 0.6634615384615384 0.25721153846153844 0.0625 0.09375
0 0.40625 0.9471153846153846 0.03365384615384615 0.04807692307692308
0 0.5600961538461539 0.9423076923076923 0.07451923076923077 0.0889423076923077
0 0.6730769230769231 0.9399038461538461 0.07932692307692307 0.08653846153846154
1 0.7860576923076923 0.9447115384615384 0.055288461538461536 0.0673076923076923
1 0.4735576923076923 0.9302884615384616 0.04807692307692308 0.057692307692307696
1 0.36899038461538464 0.9302884615384616 0.021634615384615384 0.0673076923076923
1 0.9603365384615384 0.9759615384615384 0.040865384615384616 0.04326923076923077
1 0.9098557692307693 0.9711538461538461 0.06490384615384616 0.052884615384615384
1 0.8701923076923077 0.9795673076923077 0.038461538461538464 0.036057692307692304
1 0.8221153846153846 0.9783653846153846 0.04326923076923077 0.038461538461538464