0 0.1658653846153846 0.3269230769230769 0.06009615384615385 0.06971153846153846
0 0.37259615384615385 0.38221153846153844 0.06490384615384616 0.10576923076923077
0 0.010817307692307692 0.47475961538461536 0.021634615384615384 0.06009615384615385
0 0.016826923076923076 0.4014423076923077 0.03365384615384615 0.040865384615384616
0 0.23557692307692307 0.3317307692307692 0.04807692307692308 0.055288461538461536
1 0.3173076923076923 0.40384615384615385 0.10336538461538461 0.14182692307692307
1 0.28846153846153844 0.31490384615384615 0.026442307692307692 0.03125
0 0.9254807692307693 0.109375 0.14423076923076922 0.19951923076923078
0 0.2403846153846154 0.8052884615384616 0.04326923076923077 0.05048076923076923
0 0.2860576923076923 0.8317307692307693 0.036057692307692304 0.05048076923076923
0 0.9807692307692307 0.9387019230769231 0.03365384615384615 0.11778846153846154