1 0.32211538461538464 0.23557692307692307 0.06490384615384616 0.08413461538461539
1 0.027644230769230768 0.23197115384615385 0.055288461538461536 0.08413461538461539
1 0.21634615384615385 0.21634615384615385 0.07932692307692307 0.11298076923076923
1 0.15625 0.23557692307692307 0.055288461538461536 0.07451923076923077
0 0.8581730769230769 0.35336538461538464 0.22115384615384615 0.2548076923076923
0 0.8581730769230769 0.021634615384615384 0.22596153846153846 0.04326923076923077
0 0.06009615384615385 0.8629807692307693 0.1201923076923077 0.14423076923076922
0 0.11298076923076923 0.9615384615384616 0.07211538461538461 0.07211538461538461
0 0.19591346153846154 0.9771634615384616 0.055288461538461536 0.040865384615384616
0 0.2776442307692308 0.9819711538461539 0.03125 0.03125
0 0.2283653846153846 0.9903846153846154 0.038461538461538464 0.014423076923076924
0 0.06129807692307692 0.6213942307692307 0.12259615384615384 0.04567307692307692