1 0.078125 0.040865384615384616 0.06490384615384616 0.08173076923076923
1 0.6274038461538461 0.055288461538461536 0.055288461538461536 0.09134615384615384
1 0.2800480769230769 0.039663461538461536 0.055288461538461536 0.07932692307692307
1 0.44350961538461536 0.038461538461538464 0.05048076923076923 0.07692307692307693
1 0.3629807692307692 0.07932692307692307 0.04807692307692308 0.06971153846153846
1 0.5997596153846154 0.021634615384615384 0.055288461538461536 0.04326923076923077
1 0.5144230769230769 0.038461538461538464 0.055288461538461536 0.06971153846153846
1 0.13701923076923078 0.13701923076923078 0.03125 0.05048076923076923
0 0.8125 0.0733173076923077 0.14423076923076922 0.1466346153846154
0 0.9230769230769231 0.08653846153846154 0.14903846153846154 0.17307692307692307
0 0.5360576923076923 0.7884615384615384 0.07932692307692307 0.0985576923076923
0 0.2980769230769231 0.7644230769230769 0.06971153846153846 0.10096153846153846
0 0.07211538461538461 0.7644230769230769 0.0985576923076923 0.12259615384615384
0 0.6634615384615384 0.7824519230769231 0.08653846153846154 0.11298076923076923
0 0.6129807692307693 0.8317307692307693 0.04567307692307692 0.07211538461538461
0 0.3557692307692308 0.8076923076923077 0.04807692307692308 0.052884615384615384
0 0.20192307692307693 0.8461538461538461 0.04326923076923077 0.057692307692307696
0 0.49278846153846156 0.8269230769230769 0.055288461538461536 0.07451923076923077
0 0.29927884615384615 0.5685096153846154 0.07451923076923077 0.021634615384615384
0 0.0733173076923077 0.5733173076923077 0.10336538461538461 0.03125