0 0.038461538461538464 0.04326923076923077 0.07692307692307693 0.08653846153846154
1 0.6586538461538461 0.37740384615384615 0.0625 0.08413461538461539
1 0.4230769230769231 0.34134615384615385 0.07692307692307693 0.08173076923076923
1 0.8629807692307693 0.3389423076923077 0.0625 0.07692307692307693
1 0.7283653846153846 0.37740384615384615 0.04567307692307692 0.06971153846153846
1 0.5745192307692307 0.40384615384615385 0.03125 0.04567307692307692
1 0.32572115384615385 0.38822115384615385 0.036057692307692304 0.05048076923076923
1 0.8149038461538461 0.3581730769230769 0.04567307692307692 0.057692307692307696
0 0.28846153846153844 0.6237980769230769 0.03365384615384615 0.0889423076923077
0 0.4375 0.84375 0.028846153846153848 0.03365384615384615
0 0.33653846153846156 0.9182692307692307 0.028846153846153848 0.03365384615384615
0 0.40865384615384615 0.8389423076923077 0.02403846153846154 0.04326923076923077