0 0.7199519230769231 0.125 0.2283653846153846 0.20192307692307693
0 0.9507211538461539 0.16947115384615385 0.09375 0.11298076923076923
0 0.24519230769230768 0.5769230769230769 0.04567307692307692 0.06009615384615385
1 0.4495192307692308 0.5793269230769231 0.05048076923076923 0.06490384615384616
0 0.05048076923076923 0.6081730769230769 0.02403846153846154 0.036057692307692304
1 0.07451923076923077 0.5985576923076923 0.028846153846153848 0.036057692307692304
1 0.29086538461538464 0.5865384615384616 0.038461538461538464 0.052884615384615384
1 0.39903846153846156 0.5865384615384616 0.03365384615384615 0.04567307692307692
0 0.49399038461538464 0.5745192307692307 0.007211538461538462 0.03365384615384615
1 0.6081730769230769 0.42788461538461536 0.11538461538461539 0.14903846153846154
1 0.5180288461538461 0.44591346153846156 0.036057692307692304 0.0985576923076923
1 0.7427884615384616 0.40384615384615385 0.10817307692307693 0.13221153846153846