1 0.036057692307692304 0.10817307692307693 0.06971153846153846 0.08173076923076923
1 0.08413461538461539 0.11057692307692307 0.040865384615384616 0.057692307692307696
1 0.16105769230769232 0.09615384615384616 0.055288461538461536 0.08413461538461539
1 0.19230769230769232 0.11298076923076923 0.026442307692307692 0.04807692307692308
1 0.2620192307692308 0.08413461538461539 0.07211538461538461 0.09615384615384616
1 0.2956730769230769 0.0985576923076923 0.04567307692307692 0.06971153846153846
1 0.44711538461538464 0.13942307692307693 0.05048076923076923 0.06971153846153846
1 0.4951923076923077 0.10096153846153846 0.05048076923076923 0.06009615384615385
0 0.7331730769230769 0.28846153846153844 0.055288461538461536 0.06009615384615385
0 0.8605769230769231 0.28125 0.040865384615384616 0.057692307692307696
0 0.040865384615384616 0.6213942307692307 0.08173076923076923 0.19951923076923078
0 0.3245192307692308 0.5625 0.1875 0.21875
0 0.9783653846153846 0.6346153846153846 0.038461538461538464 0.09134615384615384
0 0.8605769230769231 0.6370192307692307 0.07211538461538461 0.1201923076923077
0 0.7836538461538461 0.6057692307692307 0.09134615384615384 0.125
0 0.9254807692307693 0.7403846153846154 0.1201923076923077 0.10096153846153846
0 0.9783653846153846 0.4483173076923077 0.038461538461538464 0.07932692307692307
0 0.8617788461538461 0.45552884615384615 0.07451923076923077 0.09375
0 0.7836538461538461 0.47115384615384615 0.09134615384615384 0.125