1 0.10817307692307693 0.39903846153846156 0.07211538461538461 0.0985576923076923
1 0.24278846153846154 0.41586538461538464 0.06971153846153846 0.09375
1 0.36778846153846156 0.38461538461538464 0.09134615384615384 0.10817307692307693
1 0.055288461538461536 0.39903846153846156 0.021634615384615384 0.03125
1 0.014423076923076924 0.41346153846153844 0.021634615384615384 0.02403846153846154
1 0.002403846153846154 0.40384615384615385 0.004807692307692308 0.03365384615384615
0 0.040865384615384616 0.8581730769230769 0.0625 0.07451923076923077
0 0.15144230769230768 0.8629807692307693 0.06971153846153846 0.11538461538461539
0 0.10336538461538461 0.8629807692307693 0.04807692307692308 0.08173076923076923
0 0.3389423076923077 0.8245192307692307 0.09375 0.11778846153846154
0 0.2980769230769231 0.8629807692307693 0.03125 0.07211538461538461
0 0.3798076923076923 0.8629807692307693 0.04567307692307692 0.08653846153846154
0 0.4110576923076923 0.8858173076923077 0.009615384615384616 0.06490384615384616
1 0.47836538461538464 0.8653846153846154 0.06009615384615385 0.0673076923076923
1 0.6634615384615384 0.7644230769230769 0.09375 0.11298076923076923
1 0.7596153846153846 0.8269230769230769 0.052884615384615384 0.0625
1 0.8389423076923077 0.8076923076923077 0.07451923076923077 0.07692307692307693
1 0.9879807692307693 0.8329326923076923 0.019230769230769232 0.10817307692307693