0 0.39663461538461536 0.25721153846153844 0.057692307692307696 0.052884615384615384
0 0.5504807692307693 0.33413461538461536 0.052884615384615384 0.06009615384615385
1 0.6899038461538461 0.3004807692307692 0.07211538461538461 0.0985576923076923
1 0.9795673076923077 0.31009615384615385 0.036057692307692304 0.08653846153846154
1 0.8966346153846154 0.2764423076923077 0.09615384615384616 0.10096153846153846
1 0.8173076923076923 0.3701923076923077 0.0625 0.07692307692307693
1 0.6490384615384616 0.3389423076923077 0.04567307692307692 0.07932692307692307
1 0.609375 0.3629807692307692 0.021634615384615384 0.057692307692307696
1 0.030048076923076924 0.8052884615384616 0.06009615384615385 0.08173076923076923
1 0.25240384615384615 0.7596153846153846 0.08413461538461539 0.09375
1 0.5024038461538461 0.8341346153846154 0.07932692307692307 0.09375
0 0.8125 0.59375 0.06009615384615385 0.07692307692307693
0 0.8533653846153846 0.5144230769230769 0.03365384615384615 0.04567307692307692