0 0.057692307692307696 0.5360576923076923 0.016826923076923076 0.03125
0 0.18028846153846154 0.5576923076923077 0.019230769230769232 0.019230769230769232
0 0.09735576923076923 0.5564903846153846 0.021634615384615384 0.021634615384615384
0 0.15144230769230768 0.5552884615384616 0.016826923076923076 0.02403846153846154
0 0.7223557692307693 0.040865384615384616 0.06490384615384616 0.08173076923076923
0 0.47475961538461536 0.036057692307692304 0.06971153846153846 0.07211538461538461
0 0.65625 0.057692307692307696 0.055288461538461536 0.0673076923076923
0 0.9771634615384616 0.013221153846153846 0.040865384615384616 0.026442307692307692
0 0.8713942307692307 0.03125 0.055288461538461536 0.0625
0 0.3173076923076923 0.7956730769230769 0.1201923076923077 0.22115384615384615
1 0.16105769230769232 0.8629807692307693 0.15144230769230768 0.17548076923076922
0 0.9423076923076923 0.8221153846153846 0.07932692307692307 0.10336538461538461
0 0.5192307692307693 0.9038461538461539 0.10576923076923077 0.125
0 0.6346153846153846 0.9182692307692307 0.09375 0.11778846153846154
0 0.7932692307692307 0.8798076923076923 0.11538461538461539 0.11778846153846154
0 0.7067307692307693 0.9014423076923077 0.08413461538461539 0.125
0 0.9435096153846154 0.5985576923076923 0.08413461538461539 0.057692307692307696