1 0.1778846153846154 0.23197115384615385 0.07692307692307693 0.06971153846153846
1 0.34615384615384615 0.22956730769230768 0.07692307692307693 0.07451923076923077
1 0.5841346153846154 0.2403846153846154 0.057692307692307696 0.052884615384615384
1 0.47115384615384615 0.25 0.04326923076923077 0.03365384615384615
1 0.7391826923076923 0.25721153846153844 0.016826923076923076 0.019230769230769232
1 0.6646634615384616 0.2548076923076923 0.03125 0.02403846153846154
0 0.5877403846153846 0.36538461538461536 0.16105769230769232 0.19230769230769232
0 0.34615384615384615 0.41586538461538464 0.12740384615384615 0.1875
0 0.052884615384615384 0.3918269230769231 0.10576923076923077 0.20192307692307693
0 0.1875 0.4423076923076923 0.10336538461538461 0.13701923076923078
0 0.4110576923076923 0.4567307692307692 0.057692307692307696 0.11057692307692307
1 0.2668269230769231 0.4495192307692308 0.055288461538461536 0.09375
1 0.9338942307692307 0.5480769230769231 0.12740384615384615 0.22115384615384615