0 0.17548076923076922 0.47596153846153844 0.04326923076923077 0.04567307692307692
0 0.6057692307692307 0.3581730769230769 0.07451923076923077 0.0889423076923077
0 0.71875 0.3557692307692308 0.07932692307692307 0.08653846153846154
1 0.8317307692307693 0.3605769230769231 0.055288461538461536 0.0673076923076923
1 0.5276442307692307 0.3473557692307692 0.036057692307692304 0.06009615384615385
1 0.9915865384615384 0.39663461538461536 0.01201923076923077 0.052884615384615384
1 0.9543269230769231 0.3918269230769231 0.0625 0.0625
1 0.9158653846153846 0.40865384615384615 0.036057692307692304 0.06009615384615385
1 0.8677884615384616 0.40384615384615385 0.040865384615384616 0.055288461538461536
0 0.34615384615384615 0.6057692307692307 0.1778846153846154 0.1346153846153846
0 0.6009615384615384 0.8413461538461539 0.0985576923076923 0.1201923076923077