1 0.13701923076923078 0.03485576923076923 0.057692307692307696 0.06971153846153846
1 0.28846153846153844 0.030048076923076924 0.057692307692307696 0.06009615384615385
1 0.17548076923076922 0.03365384615384615 0.03125 0.04807692307692308
1 0.2091346153846154 0.057692307692307696 0.03125 0.04567307692307692
1 0.9399038461538461 0.037259615384615384 0.11538461538461539 0.07451923076923077
1 0.8461538461538461 0.07211538461538461 0.1201923076923077 0.14423076923076922
1 0.6442307692307693 0.0985576923076923 0.0625 0.07451923076923077
1 0.7355769230769231 0.06971153846153846 0.11538461538461539 0.13942307692307693
1 0.7908653846153846 0.06971153846153846 0.1201923076923077 0.13942307692307693
0 0.14423076923076922 0.5793269230769231 0.11778846153846154 0.11538461538461539
0 0.2932692307692308 0.5456730769230769 0.09134615384615384 0.0889423076923077
0 0.6730769230769231 0.8798076923076923 0.04807692307692308 0.06009615384615385
0 0.5432692307692307 0.8341346153846154 0.04807692307692308 0.04567307692307692