1 0.014423076923076924 0.38341346153846156 0.028846153846153848 0.04567307692307692
1 0.0889423076923077 0.3942307692307692 0.021634615384615384 0.026442307692307692
1 0.16826923076923078 0.3918269230769231 0.014423076923076924 0.026442307692307692
1 0.12740384615384615 0.38461538461538464 0.040865384615384616 0.055288461538461536
1 0.2764423076923077 0.3605769230769231 0.038461538461538464 0.052884615384615384
1 0.32211538461538464 0.35096153846153844 0.03125 0.038461538461538464
1 0.30528846153846156 0.36538461538461536 0.021634615384615384 0.03365384615384615
1 0.3629807692307692 0.3557692307692308 0.03365384615384615 0.03365384615384615
1 0.4254807692307692 0.3605769230769231 0.03365384615384615 0.04567307692307692
1 0.47115384615384615 0.3485576923076923 0.052884615384615384 0.06490384615384616
1 0.6274038461538461 0.3293269230769231 0.04567307692307692 0.055288461538461536
0 0.4951923076923077 0.5829326923076923 0.08173076923076923 0.05048076923076923
0 0.07451923076923077 0.6418269230769231 0.09134615384615384 0.11057692307692307