0 0.32211538461538464 0.10576923076923077 0.0889423076923077 0.0985576923076923
1 0.04807692307692308 0.07692307692307693 0.0673076923076923 0.10096153846153846
1 0.5216346153846154 0.08653846153846154 0.09375 0.11298076923076923
1 0.16105769230769232 0.06971153846153846 0.07932692307692307 0.10336538461538461
1 0.47836538461538464 0.08653846153846154 0.06490384615384616 0.09375
1 0.11057692307692307 0.08653846153846154 0.057692307692307696 0.07692307692307693
0 0.6802884615384616 0.3557692307692308 0.20192307692307693 0.25
0 0.8774038461538461 0.2980769230769231 0.21875 0.25721153846153844
0 0.6814903846153846 0.016826923076923076 0.2091346153846154 0.03365384615384615
0 0.8786057692307693 0.046875 0.22355769230769232 0.09375
0 0.32211538461538464 0.6899038461538461 0.05048076923076923 0.07211538461538461
0 0.1658653846153846 0.7091346153846154 0.052884615384615384 0.06971153846153846
0 0.5540865384615384 0.6983173076923077 0.026442307692307692 0.06971153846153846
0 0.11538461538461539 0.71875 0.03365384615384615 0.04567307692307692
0 0.06490384615384616 0.7211538461538461 0.036057692307692304 0.04807692307692308
0 0.2764423076923077 0.7235576923076923 0.03365384615384615 0.057692307692307696
0 0.640625 0.7740384615384616 0.14182692307692307 0.44711538461538464