0 0.1466346153846154 0.12980769230769232 0.06971153846153846 0.11538461538461539
1 0.27884615384615385 0.12980769230769232 0.125 0.15384615384615385
1 0.009615384615384616 0.20673076923076922 0.019230769230769232 0.08173076923076923
0 0.47115384615384615 0.2764423076923077 0.11057692307692307 0.12740384615384615
0 0.47115384615384615 0.015625 0.11538461538461539 0.03125
0 0.16346153846153846 0.5576923076923077 0.04807692307692308 0.06971153846153846
0 0.04807692307692308 0.5456730769230769 0.057692307692307696 0.06971153846153846
0 0.27884615384615385 0.5504807692307693 0.04807692307692308 0.06009615384615385
0 0.3701923076923077 0.5576923076923077 0.040865384615384616 0.057692307692307696
0 0.41947115384615385 0.6971153846153846 0.040865384615384616 0.21634615384615385
0 0.7644230769230769 0.9399038461538461 0.0673076923076923 0.09615384615384616
0 0.6995192307692307 0.8942307692307693 0.07932692307692307 0.11298076923076923
0 0.5480769230769231 0.7451923076923077 0.18028846153846154 0.2403846153846154
0 0.43509615384615385 0.8377403846153846 0.07211538461538461 0.13221153846153846
1 0.9038461538461539 0.9158653846153846 0.09375 0.10096153846153846