1 0.5865384615384616 0.07932692307692307 0.038461538461538464 0.10576923076923077
1 0.18269230769230768 0.021634615384615384 0.0673076923076923 0.04326923076923077
1 0.2620192307692308 0.010817307692307692 0.052884615384615384 0.021634615384615384
1 0.5228365384615384 0.019230769230769232 0.04567307692307692 0.038461538461538464
0 0.7331730769230769 0.13221153846153846 0.04807692307692308 0.0625
0 0.9711538461538461 0.31971153846153844 0.052884615384615384 0.0625
0 0.22115384615384615 0.6274038461538461 0.04567307692307692 0.0625
0 0.27884615384615385 0.6298076923076923 0.028846153846153848 0.036057692307692304
0 0.5961538461538461 0.6262019230769231 0.019230769230769232 0.06971153846153846
0 0.22235576923076922 0.3918269230769231 0.05048076923076923 0.02403846153846154
0 0.5961538461538461 0.3942307692307692 0.019230769230769232 0.028846153846153848
1 0.90625 0.5072115384615384 0.10576923076923077 0.12980769230769232
1 0.9831730769230769 0.5240384615384616 0.028846153846153848 0.1201923076923077
1 0.6394230769230769 0.5552884615384616 0.06009615384615385 0.08173076923076923