0 0.3485576923076923 0.3317307692307692 0.05048076923076923 0.0625
0 0.27403846153846156 0.3173076923076923 0.04807692307692308 0.057692307692307696
0 0.7596153846153846 0.2956730769230769 0.0625 0.08173076923076923
0 0.9399038461538461 0.2668269230769231 0.07932692307692307 0.07692307692307693
0 0.8942307692307693 0.30288461538461536 0.0625 0.10336538461538461
0 0.6153846153846154 0.33653846153846156 0.05048076923076923 0.06490384615384616
0 0.5288461538461539 0.35336538461538464 0.052884615384615384 0.055288461538461536
0 0.5 0.3798076923076923 0.036057692307692304 0.038461538461538464
0 0.47596153846153844 0.3557692307692308 0.03125 0.026442307692307692
0 0.7608173076923077 0.004807692307692308 0.06971153846153846 0.009615384615384616
0 0.9411057692307693 0.018028846153846152 0.08413461538461539 0.036057692307692304
0 0.8942307692307693 0.006009615384615385 0.0673076923076923 0.01201923076923077
0 0.16105769230769232 0.6286057692307693 0.16346153846153846 0.06009615384615385
0 0.5096153846153846 0.8125 0.09615384615384616 0.08653846153846154
0 0.6418269230769231 0.78125 0.07932692307692307 0.08413461538461539