0 0.9122596153846154 0.3798076923076923 0.04567307692307692 0.052884615384615384
0 0.9891826923076923 0.14182692307692307 0.016826923076923076 0.057692307692307696
1 0.4735576923076923 0.4567307692307692 0.0673076923076923 0.08653846153846154
1 0.018028846153846152 0.4423076923076923 0.036057692307692304 0.0673076923076923
1 0.25 0.4519230769230769 0.07211538461538461 0.08653846153846154
1 0.09254807692307693 0.44591346153846156 0.07451923076923077 0.07451923076923077
1 0.3605769230769231 0.4519230769230769 0.06971153846153846 0.08653846153846154
0 0.5913461538461539 0.5961538461538461 0.09375 0.09375
0 0.9735576923076923 0.5192307692307693 0.04807692307692308 0.0673076923076923
0 0.7163461538461539 0.5480769230769231 0.03365384615384615 0.04807692307692308
0 0.9230769230769231 0.5336538461538461 0.04567307692307692 0.057692307692307696