0 0.14182692307692307 0.19230769230769232 0.0673076923076923 0.08173076923076923
0 0.5961538461538461 0.057692307692307696 0.019230769230769232 0.016826923076923076
0 0.6610576923076923 0.1201923076923077 0.02403846153846154 0.021634615384615384
0 0.9591346153846154 0.1346153846153846 0.028846153846153848 0.036057692307692304
0 0.8245192307692307 0.06971153846153846 0.014423076923076924 0.014423076923076924
0 0.8125 0.0625 0.014423076923076924 0.014423076923076924
0 0.5961538461538461 0.6009615384615384 0.019230769230769232 0.016826923076923076
0 0.6610576923076923 0.5384615384615384 0.02403846153846154 0.021634615384615384
0 0.9591346153846154 0.5240384615384616 0.028846153846153848 0.036057692307692304
0 0.8245192307692307 0.5889423076923077 0.014423076923076924 0.014423076923076924
0 0.8125 0.5961538461538461 0.014423076923076924 0.014423076923076924
0 0.4411057692307692 0.625 0.036057692307692304 0.014423076923076924