0 0.2548076923076923 0.06971153846153846 0.0625 0.05048076923076923
0 0.9206730769230769 0.0673076923076923 0.04567307692307692 0.057692307692307696
0 0.39663461538461536 0.5084134615384616 0.0625 0.07932692307692307
0 0.07932692307692307 0.5144230769230769 0.04567307692307692 0.06490384615384616
0 0.3485576923076923 0.5168269230769231 0.04326923076923077 0.06009615384615385
0 0.2091346153846154 0.5192307692307693 0.04567307692307692 0.057692307692307696
0 0.4543269230769231 0.5408653846153846 0.040865384615384616 0.057692307692307696
0 0.5853365384615384 0.8028846153846154 0.03125 0.07211538461538461
0 0.6442307692307693 0.8125 0.07692307692307693 0.06971153846153846
0 0.7019230769230769 0.7980769230769231 0.057692307692307696 0.06009615384615385
0 0.7668269230769231 0.8076923076923077 0.052884615384615384 0.07451923076923077
0 0.8221153846153846 0.8245192307692307 0.057692307692307696 0.0625
0 0.8677884615384616 0.8269230769230769 0.04567307692307692 0.055288461538461536
0 0.9230769230769231 0.8173076923076923 0.05048076923076923 0.057692307692307696
0 0.9807692307692307 0.8329326923076923 0.03365384615384615 0.06971153846153846