1 0.6971153846153846 0.0889423076923077 0.09615384615384616 0.10576923076923077
1 0.06009615384615385 0.08653846153846154 0.09375 0.11298076923076923
1 0.14903846153846154 0.08413461538461539 0.06009615384615385 0.08173076923076923
1 0.6081730769230769 0.0625 0.057692307692307696 0.07451923076923077
1 0.20673076923076922 0.057692307692307696 0.057692307692307696 0.06971153846153846
1 0.36538461538461536 0.04326923076923077 0.05048076923076923 0.055288461538461536
1 0.4855769230769231 0.04807692307692308 0.038461538461538464 0.055288461538461536
1 0.5673076923076923 0.057692307692307696 0.036057692307692304 0.06490384615384616
1 0.8209134615384616 0.013221153846153846 0.04567307692307692 0.026442307692307692
1 0.875 0.007211538461538462 0.04326923076923077 0.014423076923076924
0 0.15144230769230768 0.8894230769230769 0.057692307692307696 0.07211538461538461