0 0.02283653846153846 0.07572115384615384 0.04567307692307692 0.15144230769230768
0 0.04807692307692308 0.12259615384615384 0.09615384615384616 0.15865384615384615
0 0.24278846153846154 0.021634615384615384 0.14903846153846154 0.04326923076923077
1 0.11177884615384616 0.025240384615384616 0.06009615384615385 0.05048076923076923
1 0.6370192307692307 0.14182692307692307 0.057692307692307696 0.06490384615384616
1 0.5576923076923077 0.15384615384615385 0.04807692307692308 0.06971153846153846
1 0.45913461538461536 0.17427884615384615 0.019230769230769232 0.04567307692307692
1 0.8197115384615384 0.19230769230769232 0.04567307692307692 0.057692307692307696
0 0.3798076923076923 0.5576923076923077 0.1346153846153846 0.18269230769230768
0 0.7211538461538461 0.5961538461538461 0.055288461538461536 0.052884615384615384
0 0.4735576923076923 0.5600961538461539 0.038461538461538464 0.05048076923076923
0 0.8894230769230769 0.6081730769230769 0.036057692307692304 0.055288461538461536