0 0.19230769230769232 0.18028846153846154 0.0673076923076923 0.057692307692307696
0 0.3245192307692308 0.2548076923076923 0.0625 0.0673076923076923
0 0.015625 0.15144230769230768 0.03125 0.04326923076923077
0 0.11298076923076923 0.21394230769230768 0.038461538461538464 0.038461538461538464
0 0.25961538461538464 0.18028846153846154 0.04807692307692308 0.052884615384615384
0 0.9579326923076923 0.5348557692307693 0.07932692307692307 0.08413461538461539
1 0.9278846153846154 0.6081730769230769 0.08653846153846154 0.06971153846153846
0 0.3004807692307692 0.9423076923076923 0.05048076923076923 0.057692307692307696
0 0.3557692307692308 0.9278846153846154 0.04567307692307692 0.06490384615384616
0 0.484375 0.6826923076923077 0.03125 0.009615384615384616
0 0.9735576923076923 0.7319711538461539 0.04807692307692308 0.10817307692307693
0 0.8245192307692307 0.7139423076923077 0.057692307692307696 0.0625