0 0.2644230769230769 0.35336538461538464 0.14182692307692307 0.16826923076923078
0 0.1346153846153846 0.49759615384615385 0.15384615384615385 0.16105769230769232
0 0.8810096153846154 0.025240384615384616 0.0889423076923077 0.05048076923076923
0 0.6189903846153846 0.020432692307692308 0.08413461538461539 0.040865384615384616
0 0.47596153846153844 0.07692307692307693 0.09615384615384616 0.0985576923076923
0 0.38221153846153844 0.03365384615384615 0.0673076923076923 0.0673076923076923
0 0.37740384615384615 0.13701923076923078 0.057692307692307696 0.06971153846153846
0 0.24639423076923078 0.9747596153846154 0.13701923076923078 0.04567307692307692
0 0.5793269230769231 0.8882211538461539 0.24519230769230768 0.21875
0 0.9543269230769231 0.9098557692307693 0.08653846153846154 0.17548076923076922
0 0.3894230769230769 0.8870192307692307 0.08173076923076923 0.22115384615384615