0 0.10576923076923077 0.21875 0.03125 0.036057692307692304
0 0.13701923076923078 0.22355769230769232 0.03125 0.038461538461538464
0 0.9302884615384616 0.14903846153846154 0.11778846153846154 0.1778846153846154
1 0.7548076923076923 0.1466346153846154 0.08653846153846154 0.10817307692307693
1 0.8317307692307693 0.16346153846153846 0.07211538461538461 0.08173076923076923
1 0.6802884615384616 0.14182692307692307 0.06971153846153846 0.0889423076923077
0 0.6394230769230769 0.17548076923076922 0.04567307692307692 0.04567307692307692
1 0.5925480769230769 0.17548076923076922 0.007211538461538462 0.03365384615384615
0 0.0985576923076923 0.8149038461538461 0.1201923076923077 0.1778846153846154
0 0.34975961538461536 0.6778846153846154 0.18509615384615385 0.2403846153846154
0 0.6454326923076923 0.8894230769230769 0.11298076923076923 0.21634615384615385
0 0.8100961538461539 0.9074519230769231 0.18269230769230768 0.18028846153846154
0 0.6742788461538461 0.9807692307692307 0.11778846153846154 0.03365384615384615