0 0.040865384615384616 0.33533653846153844 0.08173076923076923 0.11298076923076923
0 0.20673076923076922 0.36538461538461536 0.06490384615384616 0.07451923076923077
0 0.34375 0.36778846153846156 0.05048076923076923 0.0625
0 0.4543269230769231 0.3918269230769231 0.04807692307692308 0.057692307692307696
0 0.042067307692307696 0.007211538461538462 0.08413461538461539 0.014423076923076924
0 0.7463942307692307 0.21033653846153846 0.016826923076923076 0.06490384615384616
0 0.8918269230769231 0.20432692307692307 0.04326923076923077 0.05048076923076923
0 0.9591346153846154 0.17067307692307693 0.06009615384615385 0.0673076923076923
0 0.32211538461538464 0.6995192307692307 0.04567307692307692 0.04567307692307692
0 0.96875 0.5865384615384616 0.057692307692307696 0.09615384615384616
0 0.7776442307692307 0.6358173076923077 0.07932692307692307 0.11778846153846154
1 0.8317307692307693 0.6634615384615384 0.040865384615384616 0.04567307692307692