1 0.33052884615384615 0.2824519230769231 0.03125 0.06009615384615385
1 0.12259615384615384 0.27884615384615385 0.038461538461538464 0.052884615384615384
1 0.008413461538461538 0.28365384615384615 0.016826923076923076 0.057692307692307696
1 0.2403846153846154 0.27884615384615385 0.04567307692307692 0.052884615384615384
1 0.3641826923076923 0.21033653846153846 0.03125 0.07451923076923077
1 0.5192307692307693 0.22596153846153846 0.09375 0.10336538461538461
0 0.3173076923076923 0.9182692307692307 0.057692307692307696 0.15865384615384615
0 0.18389423076923078 0.8798076923076923 0.21394230769230768 0.23557692307692307
1 0.6057692307692307 0.5396634615384616 0.07692307692307693 0.040865384615384616
1 0.9026442307692307 0.5396634615384616 0.055288461538461536 0.040865384615384616
1 0.3557692307692308 0.5564903846153846 0.014423076923076924 0.07451923076923077
1 0.6935096153846154 0.53125 0.06009615384615385 0.02403846153846154
1 0.41586538461538464 0.5793269230769231 0.04807692307692308 0.052884615384615384
1 0.47836538461538464 0.5576923076923077 0.04326923076923077 0.05048076923076923
1 0.8221153846153846 0.53125 0.03365384615384615 0.02403846153846154