0 0.38461538461538464 0.46875 0.13221153846153846 0.125
0 0.49399038461538464 0.11658653846153846 0.08413461538461539 0.10817307692307693
0 0.07451923076923077 0.40384615384615385 0.13942307692307693 0.1346153846153846
0 0.49399038461538464 0.030048076923076924 0.08413461538461539 0.06009615384615385
0 0.9771634615384616 0.3329326923076923 0.040865384615384616 0.08413461538461539
0 0.9278846153846154 0.3485576923076923 0.055288461538461536 0.0625
0 0.7788461538461539 0.34134615384615385 0.052884615384615384 0.06490384615384616
0 0.6730769230769231 0.33653846153846156 0.04807692307692308 0.06009615384615385
0 0.8485576923076923 0.34134615384615385 0.04567307692307692 0.055288461538461536
0 0.6201923076923077 0.34134615384615385 0.036057692307692304 0.057692307692307696
0 0.5528846153846154 0.33774038461538464 0.028846153846153848 0.06971153846153846
0 0.16826923076923078 0.7139423076923077 0.20192307692307693 0.21634615384615385