0 0.3870192307692308 0.16346153846153846 0.08173076923076923 0.11538461538461539
0 0.020432692307692308 0.16826923076923078 0.040865384615384616 0.11538461538461539
0 0.10336538461538461 0.16346153846153846 0.0985576923076923 0.13701923076923078
0 0.2980769230769231 0.19951923076923078 0.052884615384615384 0.0625
1 0.19471153846153846 0.1971153846153846 0.0673076923076923 0.09134615384615384
0 0.4338942307692308 0.19230769230769232 0.026442307692307692 0.08173076923076923
0 0.15384615384615385 0.7548076923076923 0.04567307692307692 0.057692307692307696
0 0.30288461538461536 0.6995192307692307 0.06490384615384616 0.08413461538461539
0 0.27403846153846156 0.7115384615384616 0.036057692307692304 0.07211538461538461
0 0.43509615384615385 0.7247596153846154 0.02403846153846154 0.09375
0 0.15504807692307693 0.46033653846153844 0.05048076923076923 0.040865384615384616
0 0.30288461538461536 0.5024038461538461 0.06490384615384616 0.08413461538461539
0 0.27403846153846156 0.49038461538461536 0.036057692307692304 0.07211538461538461
0 0.43509615384615385 0.4831730769230769 0.02403846153846154 0.08653846153846154
0 0.7788461538461539 0.75 0.10336538461538461 0.10576923076923077