0 0.1346153846153846 0.21153846153846154 0.09375 0.09375
0 0.25961538461538464 0.16346153846153846 0.03365384615384615 0.04807692307692308
0 0.984375 0.4567307692307692 0.026442307692307692 0.057692307692307696
0 0.6346153846153846 0.1971153846153846 0.08413461538461539 0.09375
0 0.6346153846153846 0.009615384615384616 0.08653846153846154 0.019230769230769232
0 0.12259615384615384 0.9519230769230769 0.026442307692307692 0.03125
1 0.3762019230769231 0.5336538461538461 0.036057692307692304 0.08173076923076923
1 0.5216346153846154 0.5528846153846154 0.07211538461538461 0.07451923076923077
1 0.8509615384615384 0.5552884615384616 0.057692307692307696 0.08413461538461539
1 0.6682692307692307 0.5480769230769231 0.05048076923076923 0.06971153846153846
0 0.5841346153846154 0.5408653846153846 0.02403846153846154 0.040865384615384616
0 0.4182692307692308 0.5384615384615384 0.03365384615384615 0.05048076923076923
0 0.6153846153846154 0.5432692307692307 0.03125 0.05048076923076923
0 0.7980769230769231 0.5528846153846154 0.028846153846153848 0.04326923076923077
1 0.9423076923076923 0.5576923076923077 0.036057692307692304 0.05048076923076923