0 0.5925480769230769 0.25721153846153844 0.12740384615384615 0.13942307692307693
0 0.4879807692307692 0.2620192307692308 0.0889423076923077 0.10336538461538461
0 0.16826923076923078 0.2283653846153846 0.12259615384615384 0.13701923076923078
0 0.4326923076923077 0.24519230769230768 0.055288461538461536 0.07692307692307693
0 0.29086538461538464 0.23317307692307693 0.04807692307692308 0.052884615384615384
0 0.9591346153846154 0.4362980769230769 0.07692307692307693 0.08413461538461539
0 0.9639423076923077 0.10096153846153846 0.04567307692307692 0.057692307692307696
0 0.9158653846153846 0.25 0.057692307692307696 0.05048076923076923
0 0.36778846153846156 0.8870192307692307 0.04326923076923077 0.04567307692307692
0 0.5036057692307693 0.9699519230769231 0.040865384615384616 0.055288461538461536
0 0.8100961538461539 0.7980769230769231 0.06490384615384616 0.07932692307692307