0 0.5 0.5889423076923077 0.04807692307692308 0.057692307692307696
0 0.057692307692307696 0.35336538461538464 0.028846153846153848 0.03125
0 0.125 0.40865384615384615 0.028846153846153848 0.03365384615384615
0 0.18269230769230768 0.4495192307692308 0.026442307692307692 0.028846153846153848
0 0.2692307692307692 0.4735576923076923 0.028846153846153848 0.03125
0 0.5721153846153846 0.49759615384615385 0.026442307692307692 0.038461538461538464
0 0.7139423076923077 0.4014423076923077 0.026442307692307692 0.038461538461538464
0 0.6466346153846154 0.43509615384615385 0.021634615384615384 0.038461538461538464
0 0.6634615384615384 0.46634615384615385 0.028846153846153848 0.03365384615384615
0 0.2620192307692308 0.8966346153846154 0.04567307692307692 0.04567307692307692
0 0.46875 0.8509615384615384 0.08413461538461539 0.08173076923076923
0 0.41346153846153844 0.8894230769230769 0.040865384615384616 0.040865384615384616