1 0.6983173076923077 0.2800480769230769 0.055288461538461536 0.08413461538461539
1 0.4254807692307692 0.28846153846153844 0.07451923076923077 0.10096153846153846
1 0.6225961538461539 0.2644230769230769 0.0889423076923077 0.10817307692307693
1 0.04807692307692308 0.27163461538461536 0.09134615384615384 0.11298076923076923
1 0.5528846153846154 0.30288461538461536 0.0625 0.07932692307692307
1 0.23076923076923078 0.27403846153846156 0.07692307692307693 0.11298076923076923
1 0.36538461538461536 0.28365384615384615 0.055288461538461536 0.0985576923076923
1 0.49038461538461536 0.30288461538461536 0.052884615384615384 0.07932692307692307
1 0.6983173076923077 0.04927884615384615 0.055288461538461536 0.08413461538461539
1 0.4254807692307692 0.04567307692307692 0.07692307692307693 0.09134615384615384
1 0.6225961538461539 0.0625 0.0889423076923077 0.10817307692307693
1 0.04927884615384615 0.056490384615384616 0.09375 0.11298076923076923
1 0.5540865384615384 0.03245192307692308 0.06490384615384616 0.06490384615384616
1 0.23197115384615385 0.055288461538461536 0.07932692307692307 0.11057692307692307
1 0.36538461538461536 0.046875 0.057692307692307696 0.09375
1 0.49158653846153844 0.03245192307692308 0.055288461538461536 0.06490384615384616
0 0.23317307692307693 0.8293269230769231 0.055288461538461536 0.07932692307692307
0 0.4230769230769231 0.8461538461538461 0.040865384615384616 0.04807692307692308
1 0.3125 0.8293269230769231 0.0625 0.07451923076923077
1 0.5096153846153846 0.8461538461538461 0.04567307692307692 0.055288461538461536
1 0.6225961538461539 0.8485576923076923 0.04326923076923077 0.05048076923076923