0 0.019230769230769232 0.38221153846153844 0.038461538461538464 0.08173076923076923
0 0.14423076923076922 0.3942307692307692 0.057692307692307696 0.06971153846153846
0 0.04567307692307692 0.4014423076923077 0.04567307692307692 0.057692307692307696
0 0.4182692307692308 0.3918269230769231 0.03365384615384615 0.06009615384615385
0 0.46634615384615385 0.4110576923076923 0.028846153846153848 0.04807692307692308
0 0.6370192307692307 0.40384615384615385 0.038461538461538464 0.052884615384615384
0 0.5384615384615384 0.42788461538461536 0.026442307692307692 0.036057692307692304
1 0.5120192307692307 0.41346153846153844 0.04326923076923077 0.057692307692307696
1 0.3870192307692308 0.3918269230769231 0.04567307692307692 0.06009615384615385
1 0.27884615384615385 0.4014423076923077 0.052884615384615384 0.06009615384615385
1 0.8485576923076923 0.2403846153846154 0.12740384615384615 0.1466346153846154
1 0.7764423076923077 0.22115384615384615 0.06009615384615385 0.10336538461538461
0 0.3605769230769231 0.7692307692307693 0.057692307692307696 0.06971153846153846
0 0.1971153846153846 0.8918269230769231 0.06009615384615385 0.06490384615384616
0 0.27403846153846156 0.7235576923076923 0.05048076923076923 0.057692307692307696
0 0.44711538461538464 0.7259615384615384 0.052884615384615384 0.06490384615384616
0 0.7487980769230769 0.8076923076923077 0.040865384615384616 0.0673076923076923
1 0.8557692307692307 0.8173076923076923 0.057692307692307696 0.07211538461538461
1 0.9867788461538461 0.7932692307692307 0.021634615384615384 0.07211538461538461
1 0.9471153846153846 0.8100961538461539 0.040865384615384616 0.052884615384615384
1 0.8125 0.8004807692307693 0.040865384615384616 0.05048076923076923