0 0.052884615384615384 0.10576923076923077 0.0673076923076923 0.08413461538461539
0 0.3894230769230769 0.11538461538461539 0.07692307692307693 0.10817307692307693
0 0.2764423076923077 0.06971153846153846 0.09615384615384616 0.13942307692307693
0 0.34134615384615385 0.10336538461538461 0.05048076923076923 0.08173076923076923
0 0.49038461538461536 0.31490384615384615 0.02403846153846154 0.11057692307692307
0 0.8737980769230769 0.25961538461538464 0.24759615384615385 0.27884615384615385
1 0.5721153846153846 0.27884615384615385 0.10817307692307693 0.15625
1 0.7836538461538461 0.35096153846153844 0.11057692307692307 0.14423076923076922
0 0.36778846153846156 0.5721153846153846 0.125 0.14182692307692307
0 0.23557692307692307 0.5480769230769231 0.07451923076923077 0.09615384615384616
0 0.09375 0.5649038461538461 0.04807692307692308 0.06971153846153846
0 0.16346153846153846 0.5817307692307693 0.057692307692307696 0.07451923076923077
0 0.040865384615384616 0.5721153846153846 0.04567307692307692 0.057692307692307696
0 0.5841346153846154 0.5132211538461539 0.07211538461538461 0.06971153846153846