1 0.17067307692307693 0.06490384615384616 0.06971153846153846 0.08173076923076923
1 0.3449519230769231 0.03485576923076923 0.10817307692307693 0.06971153846153846
1 0.11538461538461539 0.08653846153846154 0.055288461538461536 0.0673076923076923
1 0.28365384615384615 0.07692307692307693 0.06490384615384616 0.07211538461538461
0 0.8221153846153846 0.2692307692307692 0.028846153846153848 0.038461538461538464
0 0.5 0.24759615384615385 0.055288461538461536 0.06971153846153846
0 0.44471153846153844 0.2668269230769231 0.028846153846153848 0.03125
0 0.5432692307692307 0.2668269230769231 0.028846153846153848 0.04807692307692308
0 0.6370192307692307 0.23317307692307693 0.05048076923076923 0.07451923076923077
0 0.7139423076923077 0.28365384615384615 0.038461538461538464 0.057692307692307696
0 0.7427884615384616 0.2644230769230769 0.026442307692307692 0.03365384615384615
0 0.8774038461538461 0.27163461538461536 0.028846153846153848 0.040865384615384616
0 0.9134615384615384 0.25 0.04807692307692308 0.0673076923076923
0 0.9939903846153846 0.27524038461538464 0.007211538461538462 0.055288461538461536
0 0.003605769230769231 0.7379807692307693 0.007211538461538462 0.04326923076923077
0 0.038461538461538464 0.7475961538461539 0.05048076923076923 0.04326923076923077
0 0.1201923076923077 0.7379807692307693 0.040865384615384616 0.03365384615384615
0 0.21153846153846154 0.7091346153846154 0.038461538461538464 0.04807692307692308
0 0.23557692307692307 0.7355769230769231 0.03365384615384615 0.036057692307692304