1 0.25240384615384615 0.06490384615384616 0.07451923076923077 0.11057692307692307
1 0.3173076923076923 0.052884615384615384 0.07451923076923077 0.10336538461538461
1 0.16346153846153846 0.056490384615384616 0.11538461538461539 0.11298076923076923
1 0.5673076923076923 0.28365384615384615 0.1466346153846154 0.17307692307692307
1 0.7908653846153846 0.2283653846153846 0.125 0.13942307692307693
1 0.4495192307692308 0.30528846153846156 0.055288461538461536 0.07211538461538461
1 0.7920673076923077 0.016826923076923076 0.13221153846153846 0.03365384615384615
0 0.27163461538461536 0.6947115384615384 0.1778846153846154 0.21394230769230768
0 0.12259615384615384 0.7764423076923077 0.21394230769230768 0.23798076923076922
1 0.020432692307692308 0.7355769230769231 0.040865384615384616 0.16346153846153846
0 0.6802884615384616 0.6153846153846154 0.09375 0.09134615384615384