0 0.010817307692307692 0.11899038461538461 0.021634615384615384 0.08413461538461539
0 0.1778846153846154 0.45913461538461536 0.11778846153846154 0.14182692307692307
0 0.06971153846153846 0.53125 0.04807692307692308 0.04807692307692308
0 0.359375 0.45072115384615385 0.01201923076923077 0.05048076923076923
0 0.1778846153846154 0.2920673076923077 0.1201923076923077 0.06490384615384616
0 0.38341346153846156 0.6213942307692307 0.03125 0.08413461538461539
0 0.5865384615384616 0.6298076923076923 0.03365384615384615 0.04807692307692308
0 0.5552884615384616 0.625 0.03365384615384615 0.04567307692307692
0 0.6490384615384616 0.6322115384615384 0.038461538461538464 0.04567307692307692
0 0.6875 0.6201923076923077 0.03365384615384615 0.04326923076923077
0 0.7379807692307693 0.625 0.04326923076923077 0.057692307692307696
0 0.9759615384615384 0.59375 0.04326923076923077 0.09615384615384616
0 0.8004807692307693 0.5889423076923077 0.09134615384615384 0.10336538461538461
0 0.84375 0.6153846153846154 0.036057692307692304 0.052884615384615384
0 0.9423076923076923 0.6177884615384616 0.038461538461538464 0.05048076923076923