0 0.0889423076923077 0.2980769230769231 0.16105769230769232 0.24278846153846154
0 0.21394230769230768 0.33413461538461536 0.06490384615384616 0.0889423076923077
0 0.3894230769230769 0.4182692307692308 0.0625 0.07932692307692307
0 0.09134615384615384 0.05048076923076923 0.16826923076923078 0.10096153846153846
0 0.13221153846153846 0.9411057692307693 0.1201923076923077 0.11298076923076923
0 0.3545673076923077 0.9411057692307693 0.10817307692307693 0.11298076923076923
0 0.22355769230769232 0.9543269230769231 0.10096153846153846 0.08653846153846154
0 0.7512019230769231 0.8377403846153846 0.07451923076923077 0.016826923076923076
0 0.6490384615384616 0.8629807692307693 0.0625 0.0673076923076923
0 0.8173076923076923 0.8533653846153846 0.04807692307692308 0.04807692307692308
0 0.8798076923076923 0.8521634615384616 0.04807692307692308 0.04567307692307692