0 0.20673076923076922 0.04567307692307692 0.057692307692307696 0.0625
0 0.5024038461538461 0.0625 0.057692307692307696 0.055288461538461536
0 0.015625 0.07211538461538461 0.03125 0.052884615384615384
0 0.07451923076923077 0.038461538461538464 0.06009615384615385 0.0673076923076923
0 0.3485576923076923 0.0673076923076923 0.055288461538461536 0.0625
1 0.8028846153846154 0.19951923076923078 0.0625 0.0889423076923077
1 0.6153846153846154 0.17067307692307693 0.014423076923076924 0.08653846153846154
1 0.9771634615384616 0.20793269230769232 0.040865384615384616 0.07932692307692307
1 0.7115384615384616 0.2091346153846154 0.03125 0.038461538461538464
1 0.7475961538461539 0.21875 0.026442307692307692 0.036057692307692304
1 0.875 0.21153846153846154 0.036057692307692304 0.036057692307692304
1 0.6370192307692307 0.20432692307692307 0.028846153846153848 0.038461538461538464
0 0.1466346153846154 0.84375 0.14182692307692307 0.15384615384615385
0 0.14903846153846154 0.5300480769230769 0.14903846153846154 0.021634615384615384
0 0.7043269230769231 0.7163461538461539 0.0985576923076923 0.0985576923076923