0 0.052884615384615384 0.15144230769230768 0.09615384615384616 0.09615384615384616
0 0.8629807692307693 0.41586538461538464 0.12980769230769232 0.04326923076923077
0 0.6442307692307693 0.15865384615384615 0.11538461538461539 0.1201923076923077
0 0.7716346153846154 0.07932692307692307 0.036057692307692304 0.04807692307692308
0 0.6081730769230769 0.06971153846153846 0.03125 0.036057692307692304
0 0.4855769230769231 0.06490384615384616 0.040865384615384616 0.04567307692307692
0 0.4855769230769231 0.006009615384615385 0.04326923076923077 0.01201923076923077
0 0.24759615384615385 0.7355769230769231 0.07692307692307693 0.0889423076923077
0 0.12740384615384615 0.7331730769230769 0.040865384615384616 0.055288461538461536
0 0.18990384615384615 0.7403846153846154 0.038461538461538464 0.06009615384615385
0 0.2860576923076923 0.7379807692307693 0.03365384615384615 0.057692307692307696
0 0.53125 0.6850961538461539 0.2091346153846154 0.2620192307692308
0 0.5324519230769231 0.4831730769230769 0.21394230769230768 0.08653846153846154