1 0.07692307692307693 0.18990384615384615 0.06009615384615385 0.07932692307692307
1 0.20432692307692307 0.18990384615384615 0.06490384615384616 0.06971153846153846
1 0.31971153846153844 0.19951923076923078 0.057692307692307696 0.07211538461538461
0 0.9459134615384616 0.3329326923076923 0.10336538461538461 0.13701923076923078
1 0.96875 0.4951923076923077 0.057692307692307696 0.0673076923076923
1 0.9759615384615384 0.421875 0.04326923076923077 0.0889423076923077
0 0.9459134615384616 0.0733173076923077 0.10336538461538461 0.13701923076923078
0 0.07692307692307693 0.6899038461538461 0.10576923076923077 0.08173076923076923
0 0.30288461538461536 0.78125 0.09375 0.0985576923076923
0 0.7379807692307693 0.9603365384615384 0.07211538461538461 0.07451923076923077
0 0.9014423076923077 0.9350961538461539 0.10817307692307693 0.1201923076923077