0 0.0625 0.07211538461538461 0.04326923076923077 0.040865384615384616
0 0.7403846153846154 0.16346153846153846 0.1778846153846154 0.21394230769230768
0 0.5913461538461539 0.24519230769230768 0.21394230769230768 0.23798076923076922
1 0.44471153846153844 0.20432692307692307 0.125 0.16105769230769232
1 0.9591346153846154 0.18028846153846154 0.07692307692307693 0.2403846153846154
0 0.2848557692307692 0.6237980769230769 0.14182692307692307 0.17548076923076922
0 0.7632211538461539 0.9747596153846154 0.06009615384615385 0.04567307692307692
0 0.5576923076923077 0.9615384615384616 0.036057692307692304 0.05048076923076923
0 0.6310096153846154 0.9759615384615384 0.03125 0.04326923076923077
0 0.7043269230769231 0.5216346153846154 0.026442307692307692 0.03125
1 0.40625 0.9495192307692307 0.021634615384615384 0.026442307692307692
1 0.4855769230769231 0.9615384615384616 0.021634615384615384 0.02403846153846154
1 0.3701923076923077 0.9326923076923077 0.019230769230769232 0.026442307692307692
1 0.44471153846153844 0.9591346153846154 0.019230769230769232 0.021634615384615384
1 0.42788461538461536 0.9399038461538461 0.016826923076923076 0.019230769230769232
1 0.47115384615384615 0.9495192307692307 0.016826923076923076 0.021634615384615384
1 0.5048076923076923 0.9519230769230769 0.016826923076923076 0.026442307692307692
1 0.5216346153846154 0.9471153846153846 0.021634615384615384 0.026442307692307692
1 0.6490384615384616 0.9567307692307693 0.019230769230769232 0.016826923076923076
1 0.7067307692307693 0.9615384615384616 0.016826923076923076 0.02403846153846154
1 0.8677884615384616 0.9711538461538461 0.019230769230769232 0.021634615384615384
1 0.6177884615384616 0.9567307692307693 0.016826923076923076 0.019230769230769232