0 0.19110576923076922 0.37259615384615385 0.18509615384615385 0.1875
0 0.38100961538461536 0.21153846153846154 0.1466346153846154 0.22115384615384615
0 0.8028846153846154 0.1971153846153846 0.2091346153846154 0.23076923076923078
0 0.5745192307692307 0.2980769230769231 0.10817307692307693 0.15144230769230768
0 0.38221153846153844 0.030048076923076924 0.14903846153846154 0.06009615384615385
0 0.8040865384615384 0.040865384615384616 0.21394230769230768 0.08173076923076923
1 0.0985576923076923 0.7451923076923077 0.0673076923076923 0.0889423076923077
1 0.28365384615384615 0.7427884615384616 0.04326923076923077 0.11057692307692307
1 0.03125 0.7836538461538461 0.0625 0.07451923076923077
1 0.19471153846153846 0.7836538461538461 0.040865384615384616 0.057692307692307696
0 0.5432692307692307 0.5793269230769231 0.052884615384615384 0.057692307692307696
1 0.9230769230769231 0.5480769230769231 0.05048076923076923 0.0625
1 0.3870192307692308 0.5528846153846154 0.05048076923076923 0.055288461538461536
1 0.3245192307692308 0.5817307692307693 0.028846153846153848 0.040865384615384616
1 0.7379807692307693 0.5552884615384616 0.04567307692307692 0.052884615384615384
1 0.8701923076923077 0.5456730769230769 0.040865384615384616 0.04567307692307692
1 0.5168269230769231 0.5649038461538461 0.03365384615384615 0.057692307692307696
1 0.6057692307692307 0.5817307692307693 0.03125 0.04326923076923077
1 0.7620192307692307 0.5625 0.03125 0.04326923076923077
1 0.96875 0.5552884615384616 0.038461538461538464 0.052884615384615384