0 0.3629807692307692 0.08413461538461539 0.036057692307692304 0.057692307692307696
0 0.4206730769230769 0.06850961538461539 0.03365384615384615 0.06009615384615385
0 0.49759615384615385 0.06490384615384616 0.0673076923076923 0.08653846153846154
0 0.2932692307692308 0.5841346153846154 0.057692307692307696 0.06971153846153846
0 0.18269230769230768 0.5961538461538461 0.04807692307692308 0.055288461538461536
0 0.37259615384615385 0.6538461538461539 0.026442307692307692 0.03125
0 0.46153846153846156 0.8040865384615384 0.04326923076923077 0.07932692307692307
0 0.7115384615384616 0.8149038461538461 0.057692307692307696 0.0625
1 0.5913461538461539 0.8221153846153846 0.04567307692307692 0.052884615384615384
1 0.7980769230769231 0.8100961538461539 0.04567307692307692 0.052884615384615384
1 0.9735576923076923 0.8557692307692307 0.05048076923076923 0.0673076923076923