0 0.020432692307692308 0.10336538461538461 0.040865384615384616 0.07692307692307693
0 0.6081730769230769 0.08774038461538461 0.038461538461538464 0.06971153846153846
0 0.45913461538461536 0.0985576923076923 0.052884615384615384 0.06490384615384616
0 0.23557692307692307 0.09375 0.057692307692307696 0.057692307692307696
0 0.15625 0.1201923076923077 0.052884615384615384 0.06009615384615385
0 0.5432692307692307 0.10336538461538461 0.055288461538461536 0.0673076923076923
0 0.10096153846153846 0.10817307692307693 0.04567307692307692 0.0625
0 0.38221153846153844 0.09615384615384616 0.04567307692307692 0.06009615384615385
0 0.3076923076923077 0.1201923076923077 0.04567307692307692 0.06009615384615385
0 0.21634615384615385 0.6730769230769231 0.28125 0.3004807692307692
0 0.028846153846153848 0.6754807692307693 0.057692307692307696 0.3076923076923077
0 0.8052884615384616 0.8293269230769231 0.35096153846153844 0.33653846153846156