0 0.27163461538461536 0.35096153846153844 0.0673076923076923 0.07211538461538461
0 0.14903846153846154 0.38461538461538464 0.06971153846153846 0.0625
1 0.41225961538461536 0.27163461538461536 0.026442307692307692 0.04326923076923077
1 0.45913461538461536 0.2548076923076923 0.03125 0.040865384615384616
1 0.5192307692307693 0.25721153846153844 0.04807692307692308 0.057692307692307696
1 0.5769230769230769 0.25721153846153844 0.02403846153846154 0.040865384615384616
1 0.6033653846153846 0.24759615384615385 0.04326923076923077 0.057692307692307696
1 0.6610576923076923 0.2620192307692308 0.04326923076923077 0.0673076923076923
1 0.7572115384615384 0.2692307692307692 0.038461538461538464 0.04326923076923077
1 0.8125 0.25721153846153844 0.036057692307692304 0.04567307692307692
1 0.8581730769230769 0.27163461538461536 0.040865384615384616 0.05048076923076923
1 0.8942307692307693 0.2644230769230769 0.040865384615384616 0.055288461538461536
1 0.9254807692307693 0.2620192307692308 0.036057692307692304 0.04567307692307692
1 0.96875 0.2692307692307692 0.040865384615384616 0.057692307692307696
0 0.09375 0.8581730769230769 0.06971153846153846 0.09375
0 0.22355769230769232 0.8653846153846154 0.08173076923076923 0.10336538461538461