0 0.015625 0.03365384615384615 0.03125 0.0673076923076923
0 0.2860576923076923 0.02403846153846154 0.036057692307692304 0.04326923076923077
1 0.5552884615384616 0.15865384615384615 0.04567307692307692 0.055288461538461536
1 0.38221153846153844 0.17548076923076922 0.028846153846153848 0.036057692307692304
1 0.4375 0.1778846153846154 0.03125 0.036057692307692304
1 0.46153846153846156 0.17307692307692307 0.021634615384615384 0.036057692307692304
1 0.5192307692307693 0.17067307692307693 0.03365384615384615 0.04326923076923077
1 0.6466346153846154 0.18269230769230768 0.040865384615384616 0.04567307692307692
1 0.8677884615384616 0.17548076923076922 0.038461538461538464 0.04567307692307692
1 0.9819711538461539 0.17548076923076922 0.03125 0.038461538461538464
1 0.9134615384615384 0.1778846153846154 0.036057692307692304 0.038461538461538464
1 0.8100961538461539 0.16105769230769232 0.03365384615384615 0.040865384615384616
1 0.7043269230769231 0.1875 0.03125 0.040865384615384616
1 0.7283653846153846 0.18269230769230768 0.026442307692307692 0.04326923076923077
0 0.1201923076923077 0.9158653846153846 0.0625 0.0673076923076923
0 0.5913461538461539 0.6394230769230769 0.09134615384615384 0.11057692307692307