0 0.46153846153846156 0.1971153846153846 0.13942307692307693 0.18990384615384615
0 0.20673076923076922 0.19230769230769232 0.07451923076923077 0.08653846153846154
0 0.1466346153846154 0.19951923076923078 0.04567307692307692 0.055288461538461536
0 0.040865384615384616 0.22115384615384615 0.036057692307692304 0.038461538461538464
0 0.010817307692307692 0.19951923076923078 0.021634615384615384 0.03365384615384615
0 0.004807692307692308 0.22355769230769232 0.009615384615384616 0.03365384615384615
0 0.5504807692307693 0.12740384615384615 0.021634615384615384 0.036057692307692304
0 0.6802884615384616 0.12259615384615384 0.03365384615384615 0.03365384615384615
0 0.6370192307692307 0.13221153846153846 0.02403846153846154 0.03365384615384615
0 0.5721153846153846 0.11778846153846154 0.021634615384615384 0.03365384615384615
0 0.42788461538461536 0.9206730769230769 0.11298076923076923 0.125
0 0.36778846153846156 0.9254807692307693 0.09375 0.11538461538461539
0 0.5552884615384616 0.6189903846153846 0.03365384615384615 0.0985576923076923
0 0.7548076923076923 0.6153846153846154 0.07692307692307693 0.09134615384615384
0 0.9495192307692307 0.6298076923076923 0.07932692307692307 0.08413461538461539