0 0.49278846153846156 0.025240384615384616 0.0673076923076923 0.05048076923076923
0 0.3485576923076923 0.36778846153846156 0.04807692307692308 0.07451923076923077
0 0.2980769230769231 0.38461538461538464 0.04567307692307692 0.06971153846153846
0 0.16105769230769232 0.38221153846153844 0.055288461538461536 0.0673076923076923
0 0.4567307692307692 0.37259615384615385 0.04567307692307692 0.06971153846153846
0 0.04807692307692308 0.38461538461538464 0.04567307692307692 0.055288461538461536
0 0.20673076923076922 0.3701923076923077 0.04807692307692308 0.06971153846153846
1 0.5721153846153846 0.6538461538461539 0.03365384615384615 0.05048076923076923
1 0.6490384615384616 0.6394230769230769 0.040865384615384616 0.04567307692307692
1 0.7163461538461539 0.6706730769230769 0.036057692307692304 0.04567307692307692
1 0.7740384615384616 0.6538461538461539 0.03365384615384615 0.04326923076923077
1 0.9855769230769231 0.6382211538461539 0.02403846153846154 0.04567307692307692
1 0.9615384615384616 0.6706730769230769 0.036057692307692304 0.038461538461538464
1 0.8173076923076923 0.6466346153846154 0.03365384615384615 0.04326923076923077
1 0.8629807692307693 0.6610576923076923 0.038461538461538464 0.04567307692307692
1 0.9110576923076923 0.6658653846153846 0.03365384615384615 0.04326923076923077