0 0.2403846153846154 0.12980769230769232 0.07451923076923077 0.09375
0 0.03365384615384615 0.15625 0.057692307692307696 0.07692307692307693
0 0.1778846153846154 0.1466346153846154 0.057692307692307696 0.07692307692307693
1 0.3918269230769231 0.18990384615384615 0.028846153846153848 0.036057692307692304
1 0.4182692307692308 0.20673076923076922 0.04567307692307692 0.04807692307692308
1 0.4879807692307692 0.20432692307692307 0.04567307692307692 0.055288461538461536
1 0.5985576923076923 0.21153846153846154 0.038461538461538464 0.04807692307692308
1 0.6298076923076923 0.19471153846153846 0.03365384615384615 0.05048076923076923
1 0.6634615384615384 0.2091346153846154 0.04567307692307692 0.05048076923076923
1 0.8125 0.20673076923076922 0.03365384615384615 0.04567307692307692
1 0.7932692307692307 0.1875 0.026442307692307692 0.04807692307692308
1 0.9447115384615384 0.19230769230769232 0.036057692307692304 0.04567307692307692
0 0.3161057692307692 0.7548076923076923 0.040865384615384616 0.057692307692307696
0 0.4182692307692308 0.7283653846153846 0.03125 0.04567307692307692
0 0.4807692307692308 0.7091346153846154 0.021634615384615384 0.038461538461538464
0 0.59375 0.7019230769230769 0.02403846153846154 0.03365384615384615
0 0.6586538461538461 0.7067307692307693 0.02403846153846154 0.038461538461538464