0 0.2980769230769231 0.17067307692307693 0.10817307692307693 0.12740384615384615
0 0.22115384615384615 0.1875 0.07211538461538461 0.11057692307692307
0 0.37259615384615385 0.18990384615384615 0.0625 0.0625
0 0.6177884615384616 0.7019230769230769 0.07692307692307693 0.10576923076923077
0 0.04807692307692308 0.6923076923076923 0.0673076923076923 0.09615384615384616
0 0.20192307692307693 0.6850961538461539 0.10096153846153846 0.12740384615384615
0 0.40865384615384615 0.6754807692307693 0.10336538461538461 0.12740384615384615
0 0.5528846153846154 0.7043269230769231 0.057692307692307696 0.07211538461538461
0 0.016826923076923076 0.6682692307692307 0.03365384615384615 0.12980769230769232
0 0.30288461538461536 0.7139423076923077 0.04807692307692308 0.06971153846153846
0 0.4639423076923077 0.71875 0.052884615384615384 0.07211538461538461
0 0.11298076923076923 0.7403846153846154 0.04567307692307692 0.07211538461538461