0 0.2091346153846154 0.23798076923076922 0.07211538461538461 0.08173076923076923
0 0.18509615384615385 0.18028846153846154 0.040865384615384616 0.038461538461538464
0 0.3954326923076923 0.18870192307692307 0.021634615384615384 0.040865384615384616
1 0.018028846153846152 0.2091346153846154 0.036057692307692304 0.057692307692307696
1 0.057692307692307696 0.18028846153846154 0.057692307692307696 0.052884615384615384
1 0.12740384615384615 0.1875 0.05048076923076923 0.04567307692307692
1 0.30528846153846156 0.19471153846153846 0.06009615384615385 0.06009615384615385
1 0.34375 0.21875 0.04326923076923077 0.06009615384615385
0 0.3701923076923077 0.15625 0.036057692307692304 0.03365384615384615
1 0.2692307692307692 0.14423076923076922 0.026442307692307692 0.03365384615384615
1 0.31009615384615385 0.13221153846153846 0.028846153846153848 0.036057692307692304
1 0.33653846153846156 0.13701923076923078 0.02403846153846154 0.03125
1 0.20192307692307693 0.15384615384615385 0.028846153846153848 0.03125
0 0.04326923076923077 0.5324519230769231 0.08653846153846154 0.1658653846153846
0 0.328125 0.5060096153846154 0.13221153846153846 0.13221153846153846
0 0.4423076923076923 0.5697115384615384 0.05048076923076923 0.0625
1 0.8173076923076923 0.5625 0.052884615384615384 0.06490384615384616
1 0.7379807692307693 0.5697115384615384 0.055288461538461536 0.06490384615384616
1 0.9759615384615384 0.578125 0.04326923076923077 0.06490384615384616
1 0.49038461538461536 0.5625 0.055288461538461536 0.0673076923076923
0 0.5360576923076923 0.5528846153846154 0.055288461538461536 0.06971153846153846
1 0.6730769230769231 0.5865384615384616 0.038461538461538464 0.055288461538461536