0 0.1346153846153846 0.2932692307692308 0.04326923076923077 0.06490384615384616
0 0.08413461538461539 0.17548076923076922 0.03365384615384615 0.040865384615384616
0 0.06009615384615385 0.15144230769230768 0.03365384615384615 0.052884615384615384
0 0.34375 0.41346153846153844 0.040865384615384616 0.06490384615384616
0 0.5288461538461539 0.4182692307692308 0.052884615384615384 0.055288461538461536
0 0.30288461538461536 0.30528846153846156 0.04326923076923077 0.057692307692307696
0 0.3629807692307692 0.3125 0.05048076923076923 0.06490384615384616
0 0.5384615384615384 0.31009615384615385 0.04807692307692308 0.057692307692307696
0 0.5793269230769231 0.30528846153846156 0.03125 0.04807692307692308
0 0.921875 0.0625 0.15144230769230768 0.125
0 0.40384615384615385 0.9747596153846154 0.07692307692307693 0.04567307692307692
0 0.5120192307692307 0.9134615384615384 0.11778846153846154 0.12980769230769232
0 0.2980769230769231 0.9639423076923077 0.09134615384615384 0.0673076923076923
0 0.018028846153846152 0.9387019230769231 0.036057692307692304 0.11778846153846154
0 0.17548076923076922 0.9338942307692307 0.11538461538461539 0.12740384615384615
0 0.9086538461538461 0.8449519230769231 0.11538461538461539 0.05048076923076923
0 0.8545673076923077 0.8545673076923077 0.06971153846153846 0.06971153846153846