0 0.40384615384615385 0.07451923076923077 0.22115384615384615 0.14903846153846154
0 0.9350961538461539 0.11778846153846154 0.09375 0.10336538461538461
0 0.7427884615384616 0.11538461538461539 0.09375 0.11538461538461539
0 0.5697115384615384 0.10576923076923077 0.08173076923076923 0.12980769230769232
0 0.8966346153846154 0.1201923076923077 0.07932692307692307 0.09375
0 0.9783653846153846 0.09975961538461539 0.038461538461538464 0.11298076923076923
0 0.4735576923076923 0.6947115384615384 0.07211538461538461 0.09134615384615384
0 0.21153846153846154 0.6682692307692307 0.0673076923076923 0.09134615384615384
0 0.34134615384615385 0.7596153846153846 0.07451923076923077 0.07932692307692307
0 0.18028846153846154 0.6490384615384616 0.04567307692307692 0.06490384615384616
0 0.8389423076923077 0.5216346153846154 0.0625 0.08173076923076923
0 0.9158653846153846 0.5408653846153846 0.057692307692307696 0.06971153846153846
0 0.59375 0.49038461538461536 0.05048076923076923 0.0673076923076923
0 0.5444711538461539 0.4723557692307692 0.03125 0.06009615384615385
0 0.7403846153846154 0.5288461538461539 0.038461538461538464 0.04807692307692308