0 0.14182692307692307 0.03485576923076923 0.1201923076923077 0.06971153846153846
0 0.5348557692307693 0.021634615384615384 0.055288461538461536 0.04326923076923077
0 0.6754807692307693 0.038461538461538464 0.04807692307692308 0.04326923076923077
0 0.7163461538461539 0.03125 0.028846153846153848 0.04807692307692308
0 0.8028846153846154 0.040865384615384616 0.052884615384615384 0.04807692307692308
0 0.9519230769230769 0.028846153846153848 0.06009615384615385 0.057692307692307696
1 0.22115384615384615 0.6201923076923077 0.07932692307692307 0.0985576923076923
1 0.36538461538461536 0.6274038461538461 0.09615384615384616 0.1201923076923077
0 0.5012019230769231 0.4723557692307692 0.06490384615384616 0.19951923076923078
0 0.6394230769230769 0.46875 0.04807692307692308 0.08173076923076923
0 0.8173076923076923 0.43028846153846156 0.10096153846153846 0.14182692307692307
0 0.5721153846153846 0.4567307692307692 0.0985576923076923 0.15625