0 0.2548076923076923 0.2980769230769231 0.0673076923076923 0.08413461538461539
0 0.10336538461538461 0.3245192307692308 0.06971153846153846 0.10096153846153846
0 0.28846153846153844 0.25721153846153844 0.014423076923076924 0.08173076923076923
1 0.1658653846153846 0.3293269230769231 0.0673076923076923 0.09134615384615384
0 0.08173076923076923 0.6057692307692307 0.11778846153846154 0.11538461538461539
0 0.23197115384615385 0.5733173076923077 0.09375 0.0889423076923077
0 0.5745192307692307 0.7908653846153846 0.0673076923076923 0.08173076923076923
0 0.4831730769230769 0.7980769230769231 0.08413461538461539 0.10817307692307693
0 0.32091346153846156 0.7692307692307693 0.04567307692307692 0.11057692307692307
0 0.9471153846153846 0.8100961538461539 0.06490384615384616 0.06971153846153846
0 0.8293269230769231 0.8341346153846154 0.055288461538461536 0.055288461538461536
0 0.6442307692307693 0.7836538461538461 0.057692307692307696 0.09134615384615384
0 0.7572115384615384 0.8677884615384616 0.06490384615384616 0.07932692307692307
0 0.6850961538461539 0.8221153846153846 0.040865384615384616 0.06490384615384616
0 0.7740384615384616 0.7740384615384616 0.04326923076923077 0.0625