0 0.21634615384615385 0.14903846153846154 0.09375 0.10336538461538461
0 0.35336538461538464 0.23557692307692307 0.09615384615384616 0.10817307692307693
0 0.21634615384615385 0.04807692307692308 0.09615384615384616 0.09615384615384616
0 0.35336538461538464 0.007211538461538462 0.10096153846153846 0.014423076923076924
0 0.6610576923076923 0.2548076923076923 0.0625 0.0625
0 0.6129807692307693 0.27884615384615385 0.04326923076923077 0.052884615384615384
0 0.25961538461538464 0.44711538461538464 0.04567307692307692 0.057692307692307696
1 0.4567307692307692 0.4495192307692308 0.03365384615384615 0.05048076923076923
1 0.09375 0.45913461538461536 0.04326923076923077 0.06009615384615385
1 0.35336538461538464 0.46153846153846156 0.04567307692307692 0.038461538461538464
1 0.19471153846153846 0.4639423076923077 0.026442307692307692 0.038461538461538464
1 0.125 0.46153846153846156 0.021634615384615384 0.036057692307692304
0 0.14182692307692307 0.4543269230769231 0.026442307692307692 0.038461538461538464
1 0.057692307692307696 0.45913461538461536 0.03365384615384615 0.038461538461538464
1 0.5504807692307693 0.6730769230769231 0.03365384615384615 0.03365384615384615
1 0.6129807692307693 0.6778846153846154 0.03365384615384615 0.04567307692307692
1 0.6586538461538461 0.6658653846153846 0.052884615384615384 0.06490384615384616
1 0.8149038461538461 0.6466346153846154 0.04567307692307692 0.055288461538461536