0 0.49278846153846156 0.1875 0.04326923076923077 0.052884615384615384
0 0.65625 0.1875 0.07692307692307693 0.10096153846153846
0 0.9915865384615384 0.1875 0.01201923076923077 0.10576923076923077
0 0.08413461538461539 0.7475961538461539 0.04807692307692308 0.0673076923076923
0 0.21634615384615385 0.6514423076923077 0.07211538461538461 0.08653846153846154
0 0.12980769230769232 0.7764423076923077 0.028846153846153848 0.040865384615384616
0 0.17548076923076922 0.7908653846153846 0.02403846153846154 0.04326923076923077
1 0.5793269230769231 0.6430288461538461 0.10096153846153846 0.13221153846153846
1 0.8677884615384616 0.6634615384615384 0.06971153846153846 0.09615384615384616
1 0.7403846153846154 0.6706730769230769 0.0889423076923077 0.12980769230769232
1 0.6610576923076923 0.6466346153846154 0.06490384615384616 0.09615384615384616
1 0.9350961538461539 0.6177884615384616 0.055288461538461536 0.0673076923076923