0 0.30649038461538464 0.40384615384615385 0.06971153846153846 0.0673076923076923
0 0.18389423076923078 0.027644230769230768 0.06009615384615385 0.055288461538461536
0 0.24519230769230768 0.27163461538461536 0.057692307692307696 0.07932692307692307
0 0.3798076923076923 0.27884615384615385 0.055288461538461536 0.07692307692307693
1 0.5865384615384616 0.11057692307692307 0.07932692307692307 0.10817307692307693
1 0.6850961538461539 0.10096153846153846 0.11298076923076923 0.13701923076923078
1 0.8798076923076923 0.10096153846153846 0.08653846153846154 0.11057692307692307
1 0.027644230769230768 0.5757211538461539 0.055288461538461536 0.09375
1 0.18509615384615385 0.5793269230769231 0.07451923076923077 0.10817307692307693
1 0.4230769230769231 0.5769230769230769 0.055288461538461536 0.0625
1 0.31009615384615385 0.5913461538461539 0.040865384615384616 0.052884615384615384
1 0.5024038461538461 0.5913461538461539 0.028846153846153848 0.03365384615384615
1 0.14423076923076922 0.6177884615384616 0.03365384615384615 0.04326923076923077
0 0.8725961538461539 0.84375 0.07211538461538461 0.07692307692307693
0 0.7091346153846154 0.8149038461538461 0.0985576923076923 0.10576923076923077
0 0.5384615384615384 0.8173076923076923 0.019230769230769232 0.10096153846153846
0 0.7103365384615384 0.46153846153846156 0.10336538461538461 0.04326923076923077
0 0.5396634615384616 0.4579326923076923 0.021634615384615384 0.036057692307692304