0 0.39903846153846156 0.32091346153846156 0.15384615384615385 0.25721153846153844
0 0.8942307692307693 0.28365384615384615 0.13701923076923078 0.16826923076923078
0 0.5096153846153846 0.3245192307692308 0.0625 0.14423076923076922
0 0.7307692307692307 0.32211538461538464 0.09375 0.10576923076923077
0 0.42788461538461536 0.7608173076923077 0.09615384615384616 0.17548076923076922
0 0.17908653846153846 0.6538461538461539 0.13221153846153846 0.09134615384615384
0 0.34615384615384615 0.6454326923076923 0.10576923076923077 0.07451923076923077
0 0.10576923076923077 0.78125 0.15144230769230768 0.19471153846153846
0 0.5985576923076923 0.7620192307692307 0.07211538461538461 0.07932692307692307
0 0.6009615384615384 0.8389423076923077 0.07211538461538461 0.0673076923076923
0 0.4963942307692308 0.8677884615384616 0.036057692307692304 0.0673076923076923
0 0.7980769230769231 0.8100961538461539 0.04807692307692308 0.0625
1 0.5721153846153846 0.6682692307692307 0.04807692307692308 0.052884615384615384
1 0.6658653846153846 0.6730769230769231 0.040865384615384616 0.04807692307692308