0 0.2403846153846154 0.25240384615384615 0.09375 0.08653846153846154
0 0.4206730769230769 0.37740384615384615 0.0889423076923077 0.09375
0 0.46153846153846156 0.25240384615384615 0.08413461538461539 0.08173076923076923
1 0.9423076923076923 0.5600961538461539 0.052884615384615384 0.057692307692307696
1 0.6033653846153846 0.4807692307692308 0.028846153846153848 0.040865384615384616
1 0.6274038461538461 0.49278846153846156 0.036057692307692304 0.05048076923076923
1 0.7980769230769231 0.5024038461538461 0.038461538461538464 0.040865384615384616
1 0.7884615384615384 0.53125 0.040865384615384616 0.05048076923076923
0 0.4855769230769231 0.6730769230769231 0.07211538461538461 0.09375
0 0.32211538461538464 0.7307692307692307 0.06009615384615385 0.0673076923076923
0 0.040865384615384616 0.7211538461538461 0.0625 0.057692307692307696