0 0.026442307692307692 0.15144230769230768 0.052884615384615384 0.2548076923076923
0 0.13942307692307693 0.109375 0.15865384615384615 0.21875
0 0.21754807692307693 0.07211538461538461 0.13701923076923078 0.14423076923076922
0 0.40865384615384615 0.125 0.1658653846153846 0.24278846153846154
0 0.5432692307692307 0.16826923076923078 0.14182692307692307 0.1971153846153846
0 0.6622596153846154 0.06971153846153846 0.16105769230769232 0.13942307692307693
1 0.8413461538461539 0.17548076923076922 0.04807692307692308 0.0673076923076923
1 0.9723557692307693 0.16826923076923078 0.05048076923076923 0.0673076923076923
1 0.5360576923076923 0.5841346153846154 0.07211538461538461 0.10336538461538461
1 0.6947115384615384 0.53125 0.1201923076923077 0.13701923076923078
1 0.13221153846153846 0.6129807692307693 0.07932692307692307 0.08653846153846154
1 0.23317307692307693 0.5649038461538461 0.12980769230769232 0.15144230769230768
1 0.34134615384615385 0.6081730769230769 0.09615384615384616 0.14182692307692307
1 0.3870192307692308 0.5769230769230769 0.055288461538461536 0.0985576923076923
1 0.5865384615384616 0.6033653846153846 0.03365384615384615 0.057692307692307696