0 0.07692307692307693 0.2439903846153846 0.15384615384615385 0.18509615384615385
0 0.07451923076923077 0.11778846153846154 0.14903846153846154 0.1971153846153846
0 0.27403846153846156 0.18990384615384615 0.20192307692307693 0.27884615384615385
0 0.3485576923076923 0.125 0.18269230769230768 0.25
0 0.4879807692307692 0.16105769230769232 0.13942307692307693 0.23798076923076922
0 0.5661057692307693 0.20432692307692307 0.06009615384615385 0.25
1 0.7463942307692307 0.2848557692307692 0.15144230769230768 0.10336538461538461
1 0.9567307692307693 0.2848557692307692 0.08173076923076923 0.10336538461538461
1 0.7463942307692307 0.027644230769230768 0.15625 0.055288461538461536
1 0.9567307692307693 0.027644230769230768 0.08173076923076923 0.055288461538461536
0 0.4206730769230769 0.5769230769230769 0.1875 0.1971153846153846
0 0.7331730769230769 0.78125 0.04807692307692308 0.04807692307692308