0 0.03485576923076923 0.07572115384615384 0.06971153846153846 0.15144230769230768
1 0.8942307692307693 0.2668269230769231 0.057692307692307696 0.08173076923076923
1 0.4879807692307692 0.25 0.05048076923076923 0.052884615384615384
1 0.5961538461538461 0.25721153846153844 0.028846153846153848 0.036057692307692304
1 0.625 0.25961538461538464 0.028846153846153848 0.040865384615384616
1 0.7307692307692307 0.25721153846153844 0.04326923076923077 0.055288461538461536
1 0.6947115384615384 0.25240384615384615 0.03365384615384615 0.052884615384615384
1 0.7572115384615384 0.24759615384615385 0.026442307692307692 0.040865384615384616
0 0.016826923076923076 0.7355769230769231 0.03365384615384615 0.09615384615384616
0 0.18028846153846154 0.7572115384615384 0.057692307692307696 0.057692307692307696
0 0.06971153846153846 0.78125 0.05048076923076923 0.057692307692307696
0 0.23798076923076922 0.7908653846153846 0.04326923076923077 0.05048076923076923
0 0.34975961538461536 0.6382211538461539 0.040865384615384616 0.040865384615384616
1 0.49278846153846156 0.6466346153846154 0.04807692307692308 0.057692307692307696
1 0.5504807692307693 0.6514423076923077 0.036057692307692304 0.04567307692307692
1 0.5889423076923077 0.6502403846153846 0.04807692307692308 0.06490384615384616
1 0.7764423076923077 0.6490384615384616 0.052884615384615384 0.06009615384615385
0 0.8389423076923077 0.6490384615384616 0.038461538461538464 0.052884615384615384
1 0.8725961538461539 0.6610576923076923 0.03365384615384615 0.04326923076923077
1 0.9447115384615384 0.6586538461538461 0.06009615384615385 0.06490384615384616