0 0.21394230769230768 0.3125 0.14182692307692307 0.19951923076923078
0 0.36778846153846156 0.3629807692307692 0.10336538461538461 0.13701923076923078
0 0.06971153846153846 0.34134615384615385 0.08173076923076923 0.14423076923076922
0 0.13942307692307693 0.31971153846153844 0.052884615384615384 0.16346153846153846
0 0.21514423076923078 0.03485576923076923 0.1466346153846154 0.06971153846153846
0 0.07091346153846154 0.007211538461538462 0.0889423076923077 0.014423076923076924
0 0.13942307692307693 0.02283653846153846 0.057692307692307696 0.04567307692307692
0 0.9507211538461539 0.43990384615384615 0.09375 0.1201923076923077
0 0.7235576923076923 0.3942307692307692 0.09615384615384616 0.125
0 0.49278846153846156 0.375 0.0889423076923077 0.11538461538461539
0 0.8221153846153846 0.8798076923076923 0.11538461538461539 0.11778846153846154
1 0.6730769230769231 0.8677884615384616 0.08173076923076923 0.09134615384615384
1 0.453125 0.8810096153846154 0.05048076923076923 0.0985576923076923