0 0.41586538461538464 0.04807692307692308 0.0673076923076923 0.08653846153846154
0 0.08052884615384616 0.028846153846153848 0.06971153846153846 0.057692307692307696
0 0.05889423076923077 0.09975961538461539 0.11778846153846154 0.11298076923076923
0 0.23798076923076922 0.0985576923076923 0.10336538461538461 0.1201923076923077
0 0.010817307692307692 0.0733173076923077 0.021634615384615384 0.07932692307692307
0 0.33653846153846156 0.013221153846153846 0.038461538461538464 0.026442307692307692
0 0.38341346153846156 0.015625 0.036057692307692304 0.03125
0 0.5024038461538461 0.025240384615384616 0.028846153846153848 0.04567307692307692
0 0.4567307692307692 0.019230769230769232 0.03365384615384615 0.038461538461538464
0 0.27163461538461536 0.9603365384615384 0.10096153846153846 0.07451923076923077
0 0.5552884615384616 0.7836538461538461 0.03125 0.040865384615384616
0 0.6105769230769231 0.7403846153846154 0.057692307692307696 0.06009615384615385
0 0.7692307692307693 0.7788461538461539 0.03125 0.052884615384615384
0 0.8774038461538461 0.7860576923076923 0.04567307692307692 0.05048076923076923
0 0.8894230769230769 0.7620192307692307 0.03365384615384615 0.040865384615384616
1 0.84375 0.7788461538461539 0.03125 0.04326923076923077
1 0.7235576923076923 0.7860576923076923 0.05048076923076923 0.057692307692307696
1 0.6586538461538461 0.7740384615384616 0.026442307692307692 0.040865384615384616