0 0.19951923076923078 0.10576923076923077 0.06971153846153846 0.08653846153846154
0 0.026442307692307692 0.13341346153846154 0.052884615384615384 0.07932692307692307
0 0.09375 0.1346153846153846 0.038461538461538464 0.05048076923076923
0 0.25 0.13701923076923078 0.04567307692307692 0.057692307692307696
0 0.31971153846153844 0.14423076923076922 0.028846153846153848 0.04326923076923077
1 0.3557692307692308 0.1346153846153846 0.04326923076923077 0.052884615384615384
0 0.5288461538461539 0.15625 0.06490384615384616 0.09134615384615384
0 0.8990384615384616 0.16826923076923078 0.057692307692307696 0.08653846153846154
0 0.7235576923076923 0.15144230769230768 0.055288461538461536 0.08173076923076923
0 0.6826923076923077 0.15144230769230768 0.04567307692307692 0.07211538461538461
0 0.5817307692307693 0.16346153846153846 0.04807692307692308 0.06971153846153846
1 0.8100961538461539 0.1778846153846154 0.040865384615384616 0.04807692307692308
0 0.31490384615384615 0.5600961538461539 0.125 0.1971153846153846
0 0.7379807692307693 0.41586538461538464 0.15384615384615385 0.1346153846153846