0 0.30528846153846156 0.038461538461538464 0.27884615384615385 0.07692307692307693
0 0.8245192307692307 0.4230769230769231 0.04807692307692308 0.06009615384615385
1 0.018028846153846152 0.4699519230769231 0.036057692307692304 0.021634615384615384
1 0.11778846153846154 0.4831730769230769 0.028846153846153848 0.04567307692307692
1 0.17548076923076922 0.46634615384615385 0.04326923076923077 0.014423076923076924
1 0.2536057692307692 0.4651442307692308 0.040865384615384616 0.01201923076923077
1 0.6370192307692307 0.7572115384615384 0.06971153846153846 0.08173076923076923
1 0.9819711538461539 0.7487980769230769 0.03125 0.06009615384615385
1 0.7307692307692307 0.7307692307692307 0.057692307692307696 0.06009615384615385
1 0.8846153846153846 0.7403846153846154 0.040865384615384616 0.055288461538461536
1 0.5865384615384616 0.7451923076923077 0.04567307692307692 0.057692307692307696
1 0.8365384615384616 0.7524038461538461 0.04326923076923077 0.055288461538461536