0 0.39663461538461536 0.3389423076923077 0.036057692307692304 0.05048076923076923
0 0.3173076923076923 0.18269230769230768 0.03365384615384615 0.04326923076923077
1 0.06610576923076923 0.34375 0.040865384615384616 0.04326923076923077
0 0.7716346153846154 0.125 0.07211538461538461 0.09375
0 0.9603365384615384 0.09375 0.07451923076923077 0.10096153846153846
0 0.6153846153846154 0.1466346153846154 0.07692307692307693 0.09134615384615384
0 0.33413461538461536 0.5072115384615384 0.08173076923076923 0.09615384615384616
0 0.21394230769230768 0.5432692307692307 0.06971153846153846 0.07451923076923077
0 0.75 0.6947115384615384 0.11298076923076923 0.14423076923076922
0 0.9747596153846154 0.7235576923076923 0.04567307692307692 0.15384615384615385
0 0.8894230769230769 0.7596153846153846 0.04807692307692308 0.06971153846153846
0 0.8461538461538461 0.7283653846153846 0.036057692307692304 0.055288461538461536
0 0.9399038461538461 0.7548076923076923 0.04326923076923077 0.057692307692307696