0 0.14903846153846154 0.27163461538461536 0.16346153846153846 0.24519230769230768
0 0.1502403846153846 0.028846153846153848 0.17067307692307693 0.057692307692307696
1 0.02403846153846154 0.5685096153846154 0.04807692307692308 0.08413461538461539
1 0.17548076923076922 0.6105769230769231 0.10096153846153846 0.11057692307692307
1 0.5576923076923077 0.6153846153846154 0.11538461538461539 0.11778846153846154
1 0.6802884615384616 0.5384615384615384 0.014423076923076924 0.0625
1 0.028846153846153848 0.4951923076923077 0.055288461538461536 0.052884615384615384
1 0.6514423076923077 0.5480769230769231 0.06490384615384616 0.07692307692307693
1 0.1466346153846154 0.49278846153846156 0.04567307692307692 0.06009615384615385
1 0.23798076923076922 0.4879807692307692 0.04567307692307692 0.05048076923076923
1 0.3125 0.4807692307692308 0.03125 0.040865384615384616
1 0.3329326923076923 0.46634615384615385 0.026442307692307692 0.03365384615384615
1 0.375 0.47836538461538464 0.03125 0.04567307692307692
1 0.5120192307692307 0.4735576923076923 0.03365384615384615 0.038461538461538464
1 0.6514423076923077 0.49278846153846156 0.036057692307692304 0.03365384615384615
1 0.59375 0.4807692307692308 0.04567307692307692 0.04567307692307692