0 0.5913461538461539 0.28125 0.06971153846153846 0.08653846153846154
0 0.6754807692307693 0.2764423076923077 0.14182692307692307 0.1875
0 0.9182692307692307 0.28125 0.11057692307692307 0.12980769230769232
0 0.7524038461538461 0.2692307692307692 0.07692307692307693 0.125
0 0.5024038461538461 0.25721153846153844 0.10576923076923077 0.33653846153846156
0 0.5036057692307693 0.03245192307692308 0.10817307692307693 0.06490384615384616
0 0.07451923076923077 0.49158653846153844 0.14903846153846154 0.06490384615384616
0 0.5048076923076923 0.9591346153846154 0.021634615384615384 0.028846153846153848
0 0.5985576923076923 0.9759615384615384 0.026442307692307692 0.03365384615384615
0 0.7848557692307693 0.9951923076923077 0.026442307692307692 0.004807692307692308
0 0.6346153846153846 0.6346153846153846 0.019230769230769232 0.03365384615384615
0 0.6346153846153846 0.5432692307692307 0.019230769230769232 0.03365384615384615