0 0.2860576923076923 0.17067307692307693 0.11778846153846154 0.15144230769230768
0 0.015625 0.1971153846153846 0.03125 0.14423076923076922
0 0.17548076923076922 0.19230769230769232 0.09134615384615384 0.1346153846153846
1 0.8245192307692307 0.1875 0.09134615384615384 0.10336538461538461
1 0.9783653846153846 0.19951923076923078 0.038461538461538464 0.052884615384615384
1 0.013221153846153846 0.796875 0.026442307692307692 0.07932692307692307
1 0.15625 0.8076923076923077 0.052884615384615384 0.06490384615384616
1 0.055288461538461536 0.8317307692307693 0.055288461538461536 0.06971153846153846
1 0.3173076923076923 0.8341346153846154 0.04807692307692308 0.06009615384615385
1 0.4182692307692308 0.8605769230769231 0.055288461538461536 0.052884615384615384
0 0.6298076923076923 0.6370192307692307 0.20192307692307693 0.09615384615384616