0 0.2091346153846154 0.10817307692307693 0.11538461538461539 0.12980769230769232
0 0.8221153846153846 0.016826923076923076 0.0673076923076923 0.03365384615384615
1 0.953125 0.016826923076923076 0.06971153846153846 0.03365384615384615
1 0.5769230769230769 0.021634615384615384 0.0673076923076923 0.04326923076923077
1 0.4182692307692308 0.016826923076923076 0.0673076923076923 0.03365384615384615
1 0.734375 0.026442307692307692 0.06009615384615385 0.052884615384615384
1 0.4675480769230769 0.016826923076923076 0.06009615384615385 0.03365384615384615
0 0.47596153846153844 0.78125 0.07932692307692307 0.10576923076923077
0 0.9627403846153846 0.7692307692307693 0.06971153846153846 0.22596153846153846
0 0.7427884615384616 0.8100961538461539 0.07451923076923077 0.10096153846153846
0 0.5432692307692307 0.8004807692307693 0.10576923076923077 0.13942307692307693
0 0.7139423076923077 0.7980769230769231 0.04807692307692308 0.06009615384615385
0 0.6754807692307693 0.8149038461538461 0.03365384615384615 0.0625