0 0.5108173076923077 0.04567307692307692 0.11298076923076923 0.09134615384615384
0 0.3870192307692308 0.042067307692307696 0.08653846153846154 0.08413461538461539
0 0.2824519230769231 0.07451923076923077 0.13221153846153846 0.14903846153846154
0 0.038461538461538464 0.06370192307692307 0.07692307692307693 0.12740384615384615
0 0.47596153846153844 0.7524038461538461 0.15384615384615385 0.16105769230769232
0 0.06490384615384616 0.8149038461538461 0.08173076923076923 0.10336538461538461
0 0.47716346153846156 0.4579326923076923 0.16105769230769232 0.036057692307692304
1 0.6514423076923077 0.5673076923076923 0.02403846153846154 0.04807692307692308
1 0.6826923076923077 0.5649038461538461 0.04567307692307692 0.06490384615384616
1 0.8701923076923077 0.5649038461538461 0.052884615384615384 0.06009615384615385
0 0.9326923076923077 0.5649038461538461 0.038461538461538464 0.052884615384615384
1 0.9663461538461539 0.5769230769230769 0.03365384615384615 0.04326923076923077