0 0.19831730769230768 0.2608173076923077 0.39663461538461536 0.18990384615384615
0 0.19831730769230768 0.0829326923076923 0.39663461538461536 0.1658653846153846
0 0.43509615384615385 0.6598557692307693 0.07211538461538461 0.0985576923076923
0 0.5048076923076923 0.6274038461538461 0.0625 0.08173076923076923
0 0.7692307692307693 0.6682692307692307 0.04326923076923077 0.05048076923076923
1 0.5625 0.6586538461538461 0.057692307692307696 0.057692307692307696
1 0.6802884615384616 0.6802884615384616 0.05048076923076923 0.0673076923076923
1 0.7860576923076923 0.7355769230769231 0.06490384615384616 0.06971153846153846
1 0.84375 0.6875 0.04807692307692308 0.04807692307692308
1 0.90625 0.6923076923076923 0.03125 0.04567307692307692
1 0.9915865384615384 0.8052884615384616 0.01201923076923077 0.052884615384615384
1 0.984375 0.6899038461538461 0.026442307692307692 0.052884615384615384
0 0.4375 0.3786057692307692 0.07692307692307693 0.040865384615384616
0 0.5060096153846154 0.3894230769230769 0.06490384615384616 0.0625