0 0.06490384615384616 0.10817307692307693 0.040865384615384616 0.055288461538461536
0 0.08653846153846154 0.12980769230769232 0.03365384615384615 0.055288461538461536
0 0.12980769230769232 0.13942307692307693 0.036057692307692304 0.038461538461538464
0 0.19471153846153846 0.1346153846153846 0.03125 0.04807692307692308
0 0.22355769230769232 0.14903846153846154 0.028846153846153848 0.036057692307692304
0 0.004807692307692308 0.16346153846153846 0.009615384615384616 0.038461538461538464
0 0.6959134615384616 0.3858173076923077 0.055288461538461536 0.021634615384615384
0 0.25240384615384615 0.8341346153846154 0.04807692307692308 0.04807692307692308
0 0.2283653846153846 0.46875 0.04567307692307692 0.04807692307692308
0 0.36778846153846156 0.4807692307692308 0.04326923076923077 0.04807692307692308
0 0.7884615384615384 0.4074519230769231 0.052884615384615384 0.016826923076923076