1 0.6081730769230769 0.06490384615384616 0.10576923076923077 0.12259615384615384
1 0.9423076923076923 0.03485576923076923 0.04807692307692308 0.06971153846153846
1 0.23317307692307693 0.6394230769230769 0.07451923076923077 0.08413461538461539
1 0.12259615384615384 0.7067307692307693 0.04326923076923077 0.05048076923076923
1 0.17548076923076922 0.6802884615384616 0.05048076923076923 0.0673076923076923
1 0.24519230769230768 0.6995192307692307 0.04567307692307692 0.057692307692307696
1 0.375 0.7403846153846154 0.038461538461538464 0.05048076923076923
1 0.23317307692307693 0.41346153846153844 0.07451923076923077 0.08413461538461539
1 0.12379807692307693 0.35096153846153844 0.04567307692307692 0.04326923076923077
1 0.17548076923076922 0.37259615384615385 0.05048076923076923 0.0673076923076923
1 0.24519230769230768 0.35697115384615385 0.04807692307692308 0.055288461538461536
1 0.375 0.33533653846153844 0.04326923076923077 0.01201923076923077
0 0.4375 0.8221153846153846 0.07692307692307693 0.10096153846153846
0 0.59375 0.8221153846153846 0.06971153846153846 0.09375