0 0.22355769230769232 0.009615384615384616 0.04807692307692308 0.019230769230769232
0 0.06009615384615385 0.4206730769230769 0.07211538461538461 0.0985576923076923
1 0.4074519230769231 0.44711538461538464 0.06009615384615385 0.09134615384615384
1 0.34375 0.4855769230769231 0.0625 0.07451923076923077
1 0.010817307692307692 0.4483173076923077 0.021634615384615384 0.06971153846153846
1 0.11057692307692307 0.46875 0.04567307692307692 0.06490384615384616
1 0.16826923076923078 0.47836538461538464 0.03365384615384615 0.04567307692307692
1 0.21153846153846154 0.49278846153846156 0.03125 0.04567307692307692
1 0.25 0.4831730769230769 0.03365384615384615 0.040865384615384616
0 0.6177884615384616 0.49278846153846156 0.11778846153846154 0.125
0 0.7271634615384616 0.41225961538461536 0.1466346153846154 0.1466346153846154