1 0.18509615384615385 0.16105769230769232 0.05048076923076923 0.055288461538461536
1 0.22596153846153846 0.15625 0.038461538461538464 0.038461538461538464
1 0.5 0.24519230769230768 0.07932692307692307 0.09375
1 0.007211538461538462 0.1346153846153846 0.014423076923076924 0.04807692307692308
1 0.06971153846153846 0.14182692307692307 0.036057692307692304 0.04807692307692308
1 0.3557692307692308 0.19471153846153846 0.06971153846153846 0.08173076923076923
1 0.9543269230769231 0.14423076923076922 0.07451923076923077 0.08413461538461539
1 0.7259615384615384 0.1346153846153846 0.06971153846153846 0.09375
1 0.5769230769230769 0.125 0.057692307692307696 0.09134615384615384
1 0.8365384615384616 0.13942307692307693 0.06971153846153846 0.08653846153846154
0 0.4639423076923077 0.9182692307692307 0.04807692307692308 0.05048076923076923
0 0.31971153846153844 0.7427884615384616 0.04807692307692308 0.057692307692307696
0 0.42788461538461536 0.7379807692307693 0.05048076923076923 0.05048076923076923
0 0.32091346153846156 0.6394230769230769 0.05048076923076923 0.019230769230769232
0 0.42788461538461536 0.6394230769230769 0.052884615384615384 0.019230769230769232