1 0.06009615384615385 0.0889423076923077 0.08173076923076923 0.0985576923076923
1 0.1971153846153846 0.11538461538461539 0.09615384615384616 0.09375
1 0.4855769230769231 0.09375 0.057692307692307696 0.07451923076923077
1 0.01201923076923077 0.06009615384615385 0.02403846153846154 0.08173076923076923
1 0.3557692307692308 0.0625 0.052884615384615384 0.06490384615384616
1 0.5240384615384616 0.14903846153846154 0.11057692307692307 0.09375
1 0.30528846153846156 0.055288461538461536 0.04567307692307692 0.055288461538461536
1 0.19471153846153846 0.04807692307692308 0.055288461538461536 0.057692307692307696
0 0.8016826923076923 0.013221153846153846 0.06009615384615385 0.026442307692307692
0 0.9903846153846154 0.15384615384615385 0.014423076923076924 0.04326923076923077
0 0.8149038461538461 0.8221153846153846 0.09134615384615384 0.10336538461538461