0 0.19951923076923078 0.1466346153846154 0.040865384615384616 0.04326923076923077
1 0.9795673076923077 0.09375 0.036057692307692304 0.1875
1 0.8004807692307693 0.07932692307692307 0.12259615384615384 0.14903846153846154
0 0.4963942307692308 0.4699519230769231 0.06009615384615385 0.18028846153846154
0 0.078125 0.45072115384615385 0.15625 0.14182692307692307
1 0.9326923076923077 0.6490384615384616 0.12980769230769232 0.12980769230769232
1 0.6466346153846154 0.6610576923076923 0.057692307692307696 0.06971153846153846
1 0.7668269230769231 0.6778846153846154 0.052884615384615384 0.05048076923076923
1 0.7235576923076923 0.6706730769230769 0.026442307692307692 0.04326923076923077
1 0.5384615384615384 0.6490384615384616 0.019230769230769232 0.04807692307692308
1 0.5697115384615384 0.6682692307692307 0.038461538461538464 0.052884615384615384