0 0.03125 0.43028846153846156 0.0625 0.1201923076923077
0 0.7764423076923077 0.2644230769230769 0.11298076923076923 0.1201923076923077
0 0.5240384615384616 0.34134615384615385 0.1466346153846154 0.1346153846153846
0 0.6081730769230769 0.08173076923076923 0.04807692307692308 0.06971153846153846
1 0.9831730769230769 0.07572115384615384 0.028846153846153848 0.06009615384615385
0 0.609375 0.02283653846153846 0.05048076923076923 0.04567307692307692
1 0.9831730769230769 0.02403846153846154 0.028846153846153848 0.04807692307692308
0 0.6658653846153846 0.9302884615384616 0.0673076923076923 0.06971153846153846
0 0.8653846153846154 0.90625 0.07692307692307693 0.09375
0 0.5144230769230769 0.9350961538461539 0.06009615384615385 0.057692307692307696
0 0.9326923076923077 0.9134615384615384 0.08173076923076923 0.10336538461538461