0 0.0673076923076923 0.10336538461538461 0.06971153846153846 0.08413461538461539
0 0.20673076923076922 0.04326923076923077 0.026442307692307692 0.03125
1 0.53125 0.125 0.07692307692307693 0.08653846153846154
1 0.7163461538461539 0.13942307692307693 0.07211538461538461 0.0985576923076923
1 0.9230769230769231 0.11538461538461539 0.09615384615384616 0.10096153846153846
1 0.3629807692307692 0.09375 0.10096153846153846 0.10336538461538461
1 0.84375 0.2091346153846154 0.0625 0.07692307692307693
1 0.6754807692307693 0.1778846153846154 0.04567307692307692 0.07932692307692307
1 0.6225961538461539 0.20192307692307693 0.04567307692307692 0.055288461538461536
1 0.3112980769230769 0.16947115384615385 0.026442307692307692 0.07451923076923077
1 0.41346153846153844 0.21634615384615385 0.04807692307692308 0.07451923076923077
0 0.35336538461538464 0.45913461538461536 0.11057692307692307 0.1201923076923077