1 0.3737980769230769 0.22355769230769232 0.10336538461538461 0.15865384615384615
0 0.5576923076923077 0.4375 0.11298076923076923 0.14182692307692307
0 0.8725961538461539 0.42788461538461536 0.1346153846153846 0.1346153846153846
0 0.78125 0.4110576923076923 0.09375 0.13701923076923078
0 0.9639423076923077 0.39663461538461536 0.0673076923076923 0.3173076923076923
0 0.9627403846153846 0.04326923076923077 0.06971153846153846 0.08653846153846154
0 0.5793269230769231 0.8509615384615384 0.06009615384615385 0.0625
0 0.9110576923076923 0.8629807692307693 0.06009615384615385 0.0625
0 0.46875 0.8846153846153846 0.057692307692307696 0.055288461538461536
0 0.9783653846153846 0.8918269230769231 0.03365384615384615 0.05048076923076923
0 0.9615384615384616 0.8076923076923077 0.03365384615384615 0.040865384615384616
0 0.8822115384615384 0.8173076923076923 0.038461538461538464 0.03125