0 0.08533653846153846 0.02283653846153846 0.07932692307692307 0.04567307692307692
0 0.1778846153846154 0.01201923076923077 0.07692307692307693 0.02403846153846154
0 0.7331730769230769 0.24519230769230768 0.13221153846153846 0.12980769230769232
1 0.9471153846153846 0.1201923076923077 0.10096153846153846 0.16346153846153846
1 0.8221153846153846 0.1201923076923077 0.09375 0.11778846153846154
1 0.5673076923076923 0.17548076923076922 0.15144230769230768 0.1658653846153846
1 0.5180288461538461 0.06850961538461539 0.13221153846153846 0.13701923076923078
1 0.9795673076923077 0.7283653846153846 0.036057692307692304 0.08653846153846154
1 0.7043269230769231 0.7307692307692307 0.057692307692307696 0.07451923076923077
1 0.8870192307692307 0.7403846153846154 0.05048076923076923 0.07692307692307693
1 0.3894230769230769 0.71875 0.057692307692307696 0.08173076923076923
1 0.5793269230769231 0.75 0.055288461538461536 0.06971153846153846