0 0.16346153846153846 0.09615384615384616 0.057692307692307696 0.055288461538461536
0 0.4014423076923077 0.11057692307692307 0.04326923076923077 0.055288461538461536
0 0.3762019230769231 0.01201923076923077 0.040865384615384616 0.02403846153846154
0 0.6730769230769231 0.22115384615384615 0.052884615384615384 0.06971153846153846
1 0.8245192307692307 0.24519230769230768 0.04807692307692308 0.057692307692307696
1 0.8822115384615384 0.25 0.036057692307692304 0.04567307692307692
1 0.9206730769230769 0.24759615384615385 0.04567307692307692 0.06490384615384616
0 0.04567307692307692 0.6706730769230769 0.07692307692307693 0.04326923076923077
0 0.8653846153846154 0.7091346153846154 0.09375 0.11778846153846154
0 0.6682692307692307 0.7560096153846154 0.07692307692307693 0.2091346153846154
0 0.6971153846153846 0.7524038461538461 0.06971153846153846 0.14423076923076922