0 0.6634615384615384 0.4423076923076923 0.038461538461538464 0.009615384615384616
0 0.7728365384615384 0.4387019230769231 0.036057692307692304 0.016826923076923076
0 0.45072115384615385 0.4362980769230769 0.036057692307692304 0.021634615384615384
0 0.3701923076923077 0.6490384615384616 0.08173076923076923 0.10096153846153846
0 0.057692307692307696 0.5408653846153846 0.06009615384615385 0.07932692307692307
0 0.055288461538461536 0.6370192307692307 0.06009615384615385 0.07692307692307693
0 0.14182692307692307 0.7043269230769231 0.08413461538461539 0.12259615384615384
0 0.3954326923076923 0.5973557692307693 0.040865384615384616 0.06971153846153846
0 0.17067307692307693 0.5985576923076923 0.05048076923076923 0.0673076923076923
0 0.4098557692307692 0.5396634615384616 0.01201923076923077 0.06009615384615385
0 0.33413461538461536 0.5072115384615384 0.04807692307692308 0.06009615384615385
0 0.2956730769230769 0.5889423076923077 0.052884615384615384 0.06009615384615385
0 0.14302884615384615 0.9771634615384616 0.0889423076923077 0.040865384615384616