0 0.3173076923076923 0.29927884615384615 0.3605769230769231 0.35336538461538464
0 0.47596153846153844 0.5769230769230769 0.1201923076923077 0.13701923076923078
0 0.0889423076923077 0.6298076923076923 0.0673076923076923 0.09615384615384616
0 0.21875 0.6466346153846154 0.08653846153846154 0.11778846153846154
0 0.7740384615384616 0.6802884615384616 0.12980769230769232 0.14423076923076922
0 0.9591346153846154 0.5985576923076923 0.07692307692307693 0.125
0 0.8653846153846154 0.6826923076923077 0.10336538461538461 0.11538461538461539
0 0.8473557692307693 0.5 0.10817307692307693 0.04326923076923077
0 0.6850961538461539 0.5060096153846154 0.10096153846153846 0.055288461538461536
0 0.9399038461538461 0.5673076923076923 0.11538461538461539 0.1346153846153846
1 0.6706730769230769 0.8088942307692307 0.125 0.14182692307692307
1 0.6706730769230769 0.9627403846153846 0.125 0.06971153846153846