0 0.1622596153846154 0.5096153846153846 0.1466346153846154 0.2403846153846154
0 0.018028846153846152 0.6081730769230769 0.036057692307692304 0.16826923076923078
1 0.9375 0.8966346153846154 0.10336538461538461 0.125
1 0.8173076923076923 0.8269230769230769 0.06490384615384616 0.0625
1 0.6610576923076923 0.8197115384615384 0.057692307692307696 0.055288461538461536
1 0.6033653846153846 0.9278846153846154 0.07692307692307693 0.07692307692307693
1 0.36538461538461536 0.8822115384615384 0.09615384615384616 0.10096153846153846
1 0.30288461538461536 0.8052884615384616 0.04567307692307692 0.04567307692307692
1 0.49759615384615385 0.8197115384615384 0.04567307692307692 0.052884615384615384
1 0.5721153846153846 0.8125 0.04807692307692308 0.052884615384615384
1 0.37259615384615385 0.8076923076923077 0.04326923076923077 0.040865384615384616