0 0.2980769230769231 0.18509615384615385 0.04326923076923077 0.04567307692307692
0 0.31971153846153844 0.004807692307692308 0.04807692307692308 0.009615384615384616
0 0.5841346153846154 0.038461538461538464 0.09615384615384616 0.07692307692307693
0 0.7740384615384616 0.03125 0.10576923076923077 0.0625
0 0.45072115384615385 0.040865384615384616 0.04567307692307692 0.08173076923076923
0 0.8882211538461539 0.05889423076923077 0.07932692307692307 0.11778846153846154
0 0.41346153846153844 0.84375 0.02403846153846154 0.10576923076923077
0 0.16826923076923078 0.8653846153846154 0.05048076923076923 0.06009615384615385
0 0.2692307692307692 0.8605769230769231 0.055288461538461536 0.04326923076923077
0 0.5096153846153846 0.7860576923076923 0.06971153846153846 0.057692307692307696
0 0.6538461538461539 0.8125 0.036057692307692304 0.040865384615384616
0 0.7908653846153846 0.8245192307692307 0.036057692307692304 0.04326923076923077
0 0.8365384615384616 0.8149038461538461 0.028846153846153848 0.040865384615384616