0 0.054086538461538464 0.03125 0.06490384615384616 0.0625
0 0.4567307692307692 0.21033653846153846 0.07692307692307693 0.18509615384615385
0 0.036057692307692304 0.5673076923076923 0.057692307692307696 0.06971153846153846
0 0.15384615384615385 0.5625 0.04567307692307692 0.06971153846153846
1 0.3125 0.5745192307692307 0.04567307692307692 0.06009615384615385
1 0.11057692307692307 0.5865384615384616 0.03365384615384615 0.040865384615384616
1 0.08173076923076923 0.5865384615384616 0.02403846153846154 0.036057692307692304
1 0.19471153846153846 0.5793269230769231 0.03365384615384615 0.055288461538461536
1 0.27163461538461536 0.5865384615384616 0.038461538461538464 0.04567307692307692
1 0.22355769230769232 0.5889423076923077 0.03125 0.038461538461538464
1 0.3918269230769231 0.59375 0.03125 0.04326923076923077
1 0.37259615384615385 0.59375 0.028846153846153848 0.03365384615384615
1 0.40865384615384615 0.5925480769230769 0.014423076923076924 0.036057692307692304
0 0.9158653846153846 0.7572115384615384 0.0625 0.08173076923076923
1 0.7524038461538461 0.7740384615384616 0.06971153846153846 0.08413461538461539
1 0.9735576923076923 0.765625 0.04807692307692308 0.09375
1 0.5360576923076923 0.7716346153846154 0.06009615384615385 0.08173076923076923
1 0.4543269230769231 0.7932692307692307 0.06009615384615385 0.08173076923076923