0 0.07451923076923077 0.09134615384615384 0.07211538461538461 0.0985576923076923
1 0.4254807692307692 0.11778846153846154 0.0673076923076923 0.0889423076923077
1 0.3581730769230769 0.15625 0.0625 0.07451923076923077
1 0.018028846153846152 0.11899038461538461 0.036057692307692304 0.06971153846153846
1 0.125 0.13942307692307693 0.04567307692307692 0.06490384615384616
1 0.18269230769230768 0.14903846153846154 0.03365384615384615 0.04567307692307692
1 0.22596153846153846 0.16346153846153846 0.03125 0.04567307692307692
1 0.2644230769230769 0.15384615384615385 0.03365384615384615 0.040865384615384616
1 0.5132211538461539 0.15745192307692307 0.026442307692307692 0.06009615384615385
0 0.6610576923076923 0.23076923076923078 0.1466346153846154 0.1778846153846154
0 0.7740384615384616 0.36538461538461536 0.0673076923076923 0.08413461538461539
0 0.9819711538461539 0.40384615384615385 0.03125 0.07211538461538461
0 0.8509615384615384 0.4182692307692308 0.038461538461538464 0.04567307692307692
0 0.9423076923076923 0.4230769230769231 0.03365384615384615 0.038461538461538464
0 0.07692307692307693 0.6682692307692307 0.15384615384615385 0.1971153846153846
0 0.8293269230769231 0.6237980769230769 0.11057692307692307 0.10817307692307693