0 0.07211538461538461 0.06490384615384616 0.08173076923076923 0.09615384615384616
0 0.5540865384615384 0.03485576923076923 0.10336538461538461 0.06971153846153846
0 0.6862980769230769 0.03485576923076923 0.0985576923076923 0.06971153846153846
0 0.47836538461538464 0.08653846153846154 0.0625 0.07451923076923077
0 0.35096153846153844 0.0889423076923077 0.0625 0.07451923076923077
0 0.24519230769230768 0.0985576923076923 0.06009615384615385 0.08173076923076923
0 0.19471153846153846 0.13221153846153846 0.04807692307692308 0.06009615384615385
0 0.31009615384615385 0.13221153846153846 0.04567307692307692 0.0625
0 0.40865384615384615 0.125 0.057692307692307696 0.057692307692307696
0 0.5913461538461539 0.7980769230769231 0.055288461538461536 0.06971153846153846
0 0.008413461538461538 0.8028846153846154 0.016826923076923076 0.0673076923076923
0 0.125 0.7836538461538461 0.04807692307692308 0.055288461538461536
1 0.35096153846153844 0.7860576923076923 0.04567307692307692 0.055288461538461536
1 0.49278846153846156 0.7740384615384616 0.040865384615384616 0.055288461538461536
1 0.7259615384615384 0.7548076923076923 0.08173076923076923 0.08173076923076923
0 0.8449519230769231 0.6838942307692307 0.15144230769230768 0.2283653846153846