0 0.08653846153846154 0.35336538461538464 0.0889423076923077 0.08653846153846154
0 0.20432692307692307 0.34615384615384615 0.06971153846153846 0.08413461538461539
0 0.39903846153846156 0.32211538461538464 0.08173076923076923 0.0985576923076923
0 0.3076923076923077 0.37740384615384615 0.06490384615384616 0.08173076923076923
0 0.5745192307692307 0.3245192307692308 0.09615384615384616 0.11538461538461539
0 0.7980769230769231 0.04447115384615385 0.08173076923076923 0.0889423076923077
0 0.9302884615384616 0.0889423076923077 0.0625 0.07211538461538461
0 0.6634615384615384 0.014423076923076924 0.028846153846153848 0.028846153846153848
0 0.8894230769230769 0.10336538461538461 0.040865384615384616 0.055288461538461536
1 0.7355769230769231 0.7379807692307693 0.0625 0.07451923076923077
1 0.9302884615384616 0.7139423076923077 0.09375 0.10576923076923077
1 0.7740384615384616 0.7235576923076923 0.03365384615384615 0.0625