0 0.018028846153846152 0.3004807692307692 0.036057692307692304 0.08173076923076923
0 0.13942307692307693 0.28846153846153844 0.0625 0.08413461538461539
0 0.25 0.2956730769230769 0.057692307692307696 0.08653846153846154
0 0.009615384615384616 0.19591346153846154 0.019230769230769232 0.06971153846153846
0 0.10336538461538461 0.20673076923076922 0.05048076923076923 0.0625
0 0.21153846153846154 0.22115384615384615 0.055288461538461536 0.06490384615384616
0 0.3173076923076923 0.22355769230769232 0.052884615384615384 0.06971153846153846
0 0.3701923076923077 0.27283653846153844 0.052884615384615384 0.07932692307692307
0 0.49038461538461536 0.18990384615384615 0.08653846153846154 0.11778846153846154
0 0.7235576923076923 0.11298076923076923 0.09375 0.10817307692307693
0 0.3449519230769231 0.5096153846153846 0.10336538461538461 0.10096153846153846
0 0.17668269230769232 0.5108173076923077 0.10817307692307693 0.10336538461538461
0 0.9735576923076923 0.5108173076923077 0.04807692307692308 0.06971153846153846
0 0.6778846153846154 0.5192307692307693 0.05048076923076923 0.06009615384615385
0 0.8149038461538461 0.5240384615384616 0.052884615384615384 0.057692307692307696
0 0.5384615384615384 0.5216346153846154 0.05048076923076923 0.0625
0 0.47596153846153844 0.5192307692307693 0.04326923076923077 0.052884615384615384
0 0.5048076923076923 0.5216346153846154 0.021634615384615384 0.04807692307692308
0 0.6225961538461539 0.5264423076923077 0.04326923076923077 0.057692307692307696