0 0.15144230769230768 0.19230769230769232 0.055288461538461536 0.04567307692307692
0 0.16826923076923078 0.09375 0.08413461538461539 0.06009615384615385
1 0.42788461538461536 0.04807692307692308 0.04326923076923077 0.057692307692307696
1 0.5192307692307693 0.0625 0.040865384615384616 0.05048076923076923
1 0.5841346153846154 0.055288461538461536 0.04567307692307692 0.052884615384615384
1 0.6177884615384616 0.06971153846153846 0.06009615384615385 0.0673076923076923
1 0.6514423076923077 0.04326923076923077 0.03365384615384615 0.04567307692307692
1 0.7139423076923077 0.055288461538461536 0.06009615384615385 0.06971153846153846
1 0.7932692307692307 0.0625 0.03125 0.05048076923076923
1 0.8245192307692307 0.04567307692307692 0.036057692307692304 0.0625
1 0.021634615384615384 0.5841346153846154 0.04326923076923077 0.09615384615384616
1 0.14423076923076922 0.5817307692307693 0.04567307692307692 0.07451923076923077
1 0.2764423076923077 0.59375 0.052884615384615384 0.06490384615384616
0 0.4879807692307692 0.6826923076923077 0.19230769230769232 0.25961538461538464