0 0.30649038461538464 0.10697115384615384 0.18028846153846154 0.21394230769230768
0 0.5769230769230769 0.1935096153846154 0.09615384615384616 0.15625
0 0.8942307692307693 0.4423076923076923 0.1346153846153846 0.17307692307692307
0 0.5769230769230769 0.05889423076923077 0.09615384615384616 0.11778846153846154
0 0.22355769230769232 0.8701923076923077 0.11538461538461539 0.11538461538461539
0 0.9615384615384616 0.7956730769230769 0.07211538461538461 0.09134615384615384
0 0.8365384615384616 0.8125 0.052884615384615384 0.06971153846153846
0 0.7355769230769231 0.8100961538461539 0.04807692307692308 0.0673076923076923
0 0.6201923076923077 0.9326923076923077 0.04326923076923077 0.04807692307692308
0 0.5480769230769231 0.8774038461538461 0.036057692307692304 0.052884615384615384
0 0.6466346153846154 0.8365384615384616 0.04567307692307692 0.055288461538461536
0 0.7836538461538461 0.8245192307692307 0.04326923076923077 0.057692307692307696