1 0.12980769230769232 0.17067307692307693 0.02403846153846154 0.038461538461538464
1 0.19471153846153846 0.16826923076923078 0.03365384615384615 0.038461538461538464
1 0.24519230769230768 0.18509615384615385 0.03365384615384615 0.04326923076923077
1 0.2860576923076923 0.16105769230769232 0.03365384615384615 0.04567307692307692
1 0.34134615384615385 0.16826923076923078 0.036057692307692304 0.04326923076923077
1 0.4230769230769231 0.17067307692307693 0.03125 0.04567307692307692
1 0.4567307692307692 0.17067307692307693 0.026442307692307692 0.040865384615384616
0 0.78125 0.3076923076923077 0.021634615384615384 0.038461538461538464
1 0.1658653846153846 0.71875 0.09134615384615384 0.10336538461538461
1 0.4014423076923077 0.7283653846153846 0.040865384615384616 0.06009615384615385
1 0.31971153846153844 0.7307692307692307 0.038461538461538464 0.052884615384615384
1 0.47115384615384615 0.7427884615384616 0.040865384615384616 0.04807692307692308
1 0.4423076923076923 0.7235576923076923 0.026442307692307692 0.036057692307692304
1 0.48677884615384615 0.7223557692307693 0.021634615384615384 0.036057692307692304