0 0.006009615384615385 0.47716346153846156 0.01201923076923077 0.04567307692307692
0 0.12980769230769232 0.42788461538461536 0.040865384615384616 0.04567307692307692
1 0.0625 0.5072115384615384 0.055288461538461536 0.055288461538461536
1 0.18269230769230768 0.4495192307692308 0.055288461538461536 0.04807692307692308
1 0.25721153846153844 0.3173076923076923 0.03365384615384615 0.03125
1 0.3125 0.3173076923076923 0.028846153846153848 0.02403846153846154
0 0.22115384615384615 0.3557692307692308 0.03365384615384615 0.03365384615384615
0 0.4639423076923077 0.16105769230769232 0.057692307692307696 0.0625
0 0.47115384615384615 0.2283653846153846 0.06490384615384616 0.06490384615384616
0 0.7091346153846154 0.22596153846153846 0.038461538461538464 0.04326923076923077
0 0.8557692307692307 0.19471153846153846 0.04567307692307692 0.052884615384615384
0 0.7283653846153846 0.8870192307692307 0.14423076923076922 0.15384615384615385