0 0.052884615384615384 0.33413461538461536 0.03125 0.038461538461538464
0 0.18990384615384615 0.2091346153846154 0.021634615384615384 0.04326923076923077
0 0.21634615384615385 0.2668269230769231 0.03365384615384615 0.026442307692307692
0 0.24519230769230768 0.23197115384615385 0.02403846153846154 0.03125
0 0.24639423076923078 0.2608173076923077 0.021634615384615384 0.040865384615384616
0 0.32211538461538464 0.06971153846153846 0.07692307692307693 0.11057692307692307
0 0.39663461538461536 0.04927884615384615 0.10096153846153846 0.0985576923076923
0 0.4639423076923077 0.040865384615384616 0.04567307692307692 0.055288461538461536
0 0.5600961538461539 0.028846153846153848 0.03125 0.04567307692307692
0 0.609375 0.04927884615384615 0.06490384615384616 0.0985576923076923
0 0.6490384615384616 0.03245192307692308 0.04326923076923077 0.06490384615384616
0 0.8221153846153846 0.055288461538461536 0.08173076923076923 0.10576923076923077
0 0.9459134615384616 0.07932692307692307 0.10336538461538461 0.15865384615384615
1 0.9326923076923077 0.8293269230769231 0.07932692307692307 0.0889423076923077
1 0.6201923076923077 0.7980769230769231 0.07692307692307693 0.10336538461538461
1 0.47115384615384615 0.8509615384615384 0.06971153846153846 0.08653846153846154
1 0.8052884615384616 0.8461538461538461 0.04807692307692308 0.06009615384615385