0 0.49399038461538464 0.02403846153846154 0.06971153846153846 0.04807692307692308
0 0.5697115384615384 0.06490384615384616 0.03365384615384615 0.03365384615384615
0 0.6875 0.06490384615384616 0.026442307692307692 0.03365384615384615
0 0.7764423076923077 0.04807692307692308 0.0889423076923077 0.07211538461538461
0 0.057692307692307696 0.5360576923076923 0.04807692307692308 0.055288461538461536
0 0.22115384615384615 0.53125 0.03365384615384615 0.04807692307692308
0 0.37259615384615385 0.53125 0.028846153846153848 0.03125
0 0.6778846153846154 0.7860576923076923 0.20432692307692307 0.25961538461538464
0 0.5060096153846154 0.8173076923076923 0.09375 0.2692307692307692
0 0.6790865384615384 0.4963942307692308 0.2091346153846154 0.11298076923076923
0 0.5084134615384616 0.4831730769230769 0.0985576923076923 0.08653846153846154