0 0.4807692307692308 0.17548076923076922 0.04326923076923077 0.0673076923076923
0 0.6322115384615384 0.18028846153846154 0.05048076923076923 0.055288461538461536
0 0.8725961538461539 0.17307692307692307 0.04567307692307692 0.057692307692307696
0 0.7427884615384616 0.1875 0.040865384615384616 0.05048076923076923
0 0.5216346153846154 0.18269230769230768 0.040865384615384616 0.05048076923076923
0 0.8365384615384616 0.18269230769230768 0.03365384615384615 0.05048076923076923
0 0.9182692307692307 0.18990384615384615 0.04326923076923077 0.04807692307692308
0 0.6875 0.1971153846153846 0.028846153846153848 0.040865384615384616
0 0.6538461538461539 0.1875 0.026442307692307692 0.040865384615384616
1 0.5721153846153846 0.1971153846153846 0.03125 0.040865384615384616
0 0.02403846153846154 0.43990384615384615 0.04807692307692308 0.05048076923076923
0 0.36538461538461536 0.41586538461538464 0.05048076923076923 0.0625
0 0.3918269230769231 0.4254807692307692 0.03365384615384615 0.057692307692307696
0 0.2932692307692308 0.43990384615384615 0.04326923076923077 0.057692307692307696
0 0.13221153846153846 0.4519230769230769 0.04326923076923077 0.06009615384615385
0 0.1778846153846154 0.46875 0.04807692307692308 0.057692307692307696
0 0.2283653846153846 0.4639423076923077 0.021634615384615384 0.03365384615384615
0 0.9615384615384616 0.7331730769230769 0.028846153846153848 0.026442307692307692
0 0.9807692307692307 0.8846153846153846 0.03125 0.028846153846153848
0 0.9447115384615384 0.8605769230769231 0.021634615384615384 0.028846153846153848
0 0.9663461538461539 0.8677884615384616 0.021634615384615384 0.02403846153846154