0 0.09134615384615384 0.18028846153846154 0.15144230769230768 0.15625
0 0.21875 0.18509615384615385 0.10817307692307693 0.11298076923076923
0 0.48197115384615385 0.18629807692307693 0.03125 0.11778846153846154
0 0.8918269230769231 0.3269230769230769 0.0625 0.0625
0 0.5432692307692307 0.13701923076923078 0.057692307692307696 0.06971153846153846
0 0.7740384615384616 0.3004807692307692 0.055288461538461536 0.052884615384615384
0 0.9423076923076923 0.31009615384615385 0.04567307692307692 0.0673076923076923
0 0.6057692307692307 0.6742788461538461 0.04807692307692308 0.01201923076923077
1 0.5144230769230769 0.6911057692307693 0.028846153846153848 0.04567307692307692
1 0.5745192307692307 0.7115384615384616 0.055288461538461536 0.04567307692307692
1 0.6802884615384616 0.6923076923076923 0.057692307692307696 0.04807692307692308