0 0.21394230769230768 0.10576923076923077 0.11778846153846154 0.13942307692307693
0 0.3605769230769231 0.04567307692307692 0.04807692307692308 0.05048076923076923
0 0.06610576923076923 0.014423076923076924 0.036057692307692304 0.028846153846153848
0 0.8293269230769231 0.20432692307692307 0.040865384615384616 0.055288461538461536
0 0.2283653846153846 0.7956730769230769 0.25721153846153844 0.27163461538461536
0 0.03485576923076923 0.921875 0.06971153846153846 0.15625
0 0.1201923076923077 0.8533653846153846 0.14182692307692307 0.22115384615384615
0 0.22956730769230768 0.5901442307692307 0.2620192307692308 0.08413461538461539
0 0.7307692307692307 0.84375 0.028846153846153848 0.03365384615384615
0 0.8581730769230769 0.8341346153846154 0.026442307692307692 0.036057692307692304
0 0.7307692307692307 0.5697115384615384 0.028846153846153848 0.03365384615384615
0 0.8581730769230769 0.5793269230769231 0.026442307692307692 0.036057692307692304