0 0.24759615384615385 0.026442307692307692 0.0673076923076923 0.052884615384615384
0 0.125 0.15865384615384615 0.09375 0.11057692307692307
0 0.013221153846153846 0.16706730769230768 0.026442307692307692 0.0889423076923077
0 0.1778846153846154 0.10817307692307693 0.05048076923076923 0.06009615384615385
0 0.5649038461538461 0.3076923076923077 0.040865384615384616 0.040865384615384616
0 0.5168269230769231 0.22596153846153846 0.04567307692307692 0.052884615384615384
0 0.34975961538461536 0.5793269230769231 0.27163461538461536 0.30288461538461536
0 0.7103365384615384 0.9663461538461539 0.07451923076923077 0.0625
0 0.5817307692307693 0.6225961538461539 0.0889423076923077 0.09375
0 0.8725961538461539 0.7115384615384616 0.0673076923076923 0.08173076923076923
0 0.5817307692307693 0.4879807692307692 0.0889423076923077 0.09375
0 0.8725961538461539 0.4362980769230769 0.07211538461538461 0.016826923076923076