0 0.007211538461538462 0.34375 0.014423076923076924 0.0625
0 0.2644230769230769 0.25721153846153844 0.06490384615384616 0.04807692307692308
0 0.31971153846153844 0.17067307692307693 0.05048076923076923 0.04567307692307692
0 0.9903846153846154 0.5276442307692307 0.014423076923076924 0.07451923076923077
1 0.8581730769230769 0.3605769230769231 0.040865384615384616 0.04567307692307692
1 0.22596153846153846 0.8125 0.07451923076923077 0.10576923076923077
1 0.14182692307692307 0.7908653846153846 0.06009615384615385 0.08653846153846154
1 0.3004807692307692 0.8028846153846154 0.09375 0.13221153846153846
1 0.4879807692307692 0.8245192307692307 0.14182692307692307 0.17067307692307693
1 0.6069711538461539 0.7103365384615384 0.18028846153846154 0.16105769230769232
1 0.05048076923076923 0.8221153846153846 0.04807692307692308 0.057692307692307696
1 0.09134615384615384 0.8125 0.040865384615384616 0.06009615384615385
0 0.7692307692307693 0.9783653846153846 0.07211538461538461 0.038461538461538464
0 0.84375 0.9350961538461539 0.055288461538461536 0.06009615384615385