0 0.06971153846153846 0.12980769230769232 0.13942307692307693 0.2403846153846154
0 0.0673076923076923 0.037259615384615384 0.1346153846153846 0.07451923076923077
0 0.2608173076923077 0.09495192307692307 0.20432692307692307 0.18990384615384615
0 0.33413461538461536 0.054086538461538464 0.18269230769230768 0.10817307692307693
0 0.45072115384615385 0.06971153846153846 0.09375 0.13942307692307693
1 0.6418269230769231 0.28125 0.07211538461538461 0.09134615384615384
1 0.5216346153846154 0.3293269230769231 0.04326923076923077 0.11057692307692307
1 0.8100961538461539 0.31490384615384615 0.055288461538461536 0.06490384615384616
1 0.9254807692307693 0.31490384615384615 0.04567307692307692 0.0673076923076923
0 0.17067307692307693 0.8918269230769231 0.09375 0.10096153846153846
0 0.08653846153846154 0.875 0.055288461538461536 0.07211538461538461
0 0.9807692307692307 0.6706730769230769 0.036057692307692304 0.04326923076923077