0 0.23197115384615385 0.47475961538461536 0.07932692307692307 0.021634615384615384
0 0.7175480769230769 0.010817307692307692 0.05048076923076923 0.021634615384615384
0 0.08173076923076923 0.7572115384615384 0.08173076923076923 0.10336538461538461
0 0.2860576923076923 0.8317307692307693 0.057692307692307696 0.09134615384615384
0 0.0829326923076923 0.49399038461538464 0.0889423076923077 0.01201923076923077
1 0.5432692307692307 0.8088942307692307 0.028846153846153848 0.0889423076923077
1 0.8677884615384616 0.8341346153846154 0.0673076923076923 0.0889423076923077
1 0.9699519230769231 0.8173076923076923 0.055288461538461536 0.08173076923076923
1 0.6778846153846154 0.7908653846153846 0.0625 0.08173076923076923
1 0.7596153846153846 0.8197115384615384 0.057692307692307696 0.07932692307692307
1 0.9350961538461539 0.8197115384615384 0.04807692307692308 0.07211538461538461