0 0.39903846153846156 0.027644230769230768 0.15384615384615385 0.055288461538461536
1 0.6069711538461539 0.13942307692307693 0.036057692307692304 0.04807692307692308
1 0.6418269230769231 0.1466346153846154 0.03365384615384615 0.040865384615384616
1 0.7043269230769231 0.13942307692307693 0.026442307692307692 0.03125
1 0.7692307692307693 0.14423076923076922 0.040865384615384616 0.04326923076923077
1 0.8389423076923077 0.13701923076923078 0.038461538461538464 0.04326923076923077
1 0.90625 0.12980769230769232 0.038461538461538464 0.038461538461538464
1 0.9519230769230769 0.12980769230769232 0.02403846153846154 0.036057692307692304
1 0.9891826923076923 0.125 0.016826923076923076 0.04807692307692308
0 0.06971153846153846 0.8004807692307693 0.04567307692307692 0.04567307692307692
0 0.17067307692307693 0.8341346153846154 0.04326923076923077 0.052884615384615384
0 0.6370192307692307 0.6177884615384616 0.08173076923076923 0.10336538461538461