0 0.08173076923076923 0.3245192307692308 0.0625 0.09375
0 0.6706730769230769 0.25240384615384615 0.14182692307692307 0.20432692307692307
0 0.7451923076923077 0.3269230769230769 0.09615384615384616 0.15865384615384615
0 0.5504807692307693 0.19471153846153846 0.05048076923076923 0.06971153846153846
0 0.9314903846153846 0.18629807692307693 0.13221153846153846 0.12259615384615384
1 0.6009615384615384 0.17067307692307693 0.08653846153846154 0.09375
1 0.8076923076923077 0.2091346153846154 0.057692307692307696 0.0889423076923077
0 0.6706730769230769 0.04807692307692308 0.14423076923076922 0.09615384615384616
0 0.5504807692307693 0.05048076923076923 0.05048076923076923 0.06971153846153846
1 0.6009615384615384 0.07451923076923077 0.08653846153846154 0.09375
1 0.8076923076923077 0.040865384615384616 0.06009615384615385 0.08173076923076923
0 0.09735576923076923 0.6682692307692307 0.19471153846153846 0.22115384615384615
0 0.2536057692307692 0.6538461538461539 0.25240384615384615 0.19230769230769232