0 0.01201923076923077 0.38221153846153844 0.02403846153846154 0.009615384615384616
1 0.026442307692307692 0.7019230769230769 0.04326923076923077 0.057692307692307696
1 0.12980769230769232 0.7115384615384616 0.040865384615384616 0.057692307692307696
1 0.2283653846153846 0.6850961538461539 0.0673076923076923 0.09375
1 0.3581730769230769 0.7043269230769231 0.055288461538461536 0.06009615384615385
1 0.4639423076923077 0.6899038461538461 0.06971153846153846 0.07932692307692307
1 0.59375 0.6538461538461539 0.0673076923076923 0.07692307692307693
1 0.7067307692307693 0.5456730769230769 0.06971153846153846 0.07932692307692307
1 0.984375 0.7331730769230769 0.026442307692307692 0.08173076923076923
1 0.8485576923076923 0.5480769230769231 0.06009615384615385 0.06490384615384616
1 0.9086538461538461 0.5649038461538461 0.038461538461538464 0.052884615384615384