0 0.6706730769230769 0.052884615384615384 0.052884615384615384 0.0673076923076923
0 0.8822115384615384 0.10096153846153846 0.06009615384615385 0.06971153846153846
0 0.8052884615384616 0.021634615384615384 0.057692307692307696 0.04326923076923077
0 0.703125 0.009615384615384616 0.05048076923076923 0.019230769230769232
1 0.013221153846153846 0.8725961538461539 0.026442307692307692 0.057692307692307696
1 0.11298076923076923 0.8798076923076923 0.038461538461538464 0.04807692307692308
1 0.14423076923076922 0.8629807692307693 0.03365384615384615 0.05048076923076923
1 0.1778846153846154 0.8774038461538461 0.04567307692307692 0.05048076923076923
1 0.29927884615384615 0.8569711538461539 0.01201923076923077 0.05048076923076923
0 0.5661057692307693 0.5721153846153846 0.08413461538461539 0.08653846153846154
0 0.43509615384615385 0.6057692307692307 0.06971153846153846 0.06971153846153846