0 0.2668269230769231 0.14182692307692307 0.09375 0.12740384615384615
1 0.125 0.1346153846153846 0.15384615384615385 0.1658653846153846
1 0.39903846153846156 0.2512019230769231 0.0625 0.08413461538461539
1 0.7475961538461539 0.2403846153846154 0.04807692307692308 0.057692307692307696
1 0.4879807692307692 0.22355769230769232 0.057692307692307696 0.06009615384615385
1 0.6418269230769231 0.23317307692307693 0.040865384615384616 0.055288461538461536
1 0.59375 0.24519230769230768 0.04326923076923077 0.055288461538461536
1 0.7884615384615384 0.24278846153846154 0.038461538461538464 0.04807692307692308
1 0.8557692307692307 0.25 0.028846153846153848 0.036057692307692304
1 0.8966346153846154 0.24759615384615385 0.03125 0.036057692307692304
0 0.5384615384615384 0.7211538461538461 0.07211538461538461 0.09375
0 0.9110576923076923 0.6646634615384616 0.09615384615384616 0.11298076923076923