1 0.18269230769230768 0.3918269230769231 0.057692307692307696 0.07211538461538461
1 0.34615384615384615 0.36778846153846156 0.057692307692307696 0.06971153846153846
1 0.03125 0.3918269230769231 0.05048076923076923 0.06971153846153846
1 0.08653846153846154 0.4110576923076923 0.028846153846153848 0.03365384615384615
1 0.12980769230769232 0.40384615384615385 0.026442307692307692 0.03365384615384615
1 0.49278846153846156 0.4182692307692308 0.04567307692307692 0.06009615384615385
1 0.7259615384615384 0.11057692307692307 0.055288461538461536 0.06971153846153846
1 0.8774038461538461 0.09615384615384616 0.055288461538461536 0.07932692307692307
1 0.5769230769230769 0.13942307692307693 0.03125 0.038461538461538464
0 0.5216346153846154 0.14302884615384615 0.004807692307692308 0.036057692307692304
1 0.7644230769230769 0.11057692307692307 0.03125 0.04807692307692308
1 0.7980769230769231 0.1346153846153846 0.03125 0.04567307692307692
0 0.46634615384615385 0.6177884615384616 0.06009615384615385 0.0673076923076923
1 0.3858173076923077 0.5805288461538461 0.11778846153846154 0.12259615384615384
1 0.07932692307692307 0.6177884615384616 0.0889423076923077 0.10576923076923077
1 0.010817307692307692 0.5985576923076923 0.021634615384615384 0.09134615384615384
1 0.19230769230769232 0.6514423076923077 0.06009615384615385 0.07211538461538461
1 0.3269230769230769 0.6634615384615384 0.0625 0.08413461538461539
0 0.8112980769230769 0.5697115384615384 0.12259615384615384 0.10096153846153846