0 0.5024038461538461 0.49038461538461536 0.09134615384615384 0.09375
0 0.2668269230769231 0.25721153846153844 0.2764423076923077 0.2620192307692308
0 0.0625 0.23076923076923078 0.07692307692307693 0.12259615384615384
0 0.2692307692307692 0.056490384615384616 0.28365384615384615 0.11298076923076923
0 0.06370192307692307 0.03485576923076923 0.08413461538461539 0.06971153846153846
0 0.6586538461538461 0.25 0.07211538461538461 0.09375
0 0.7451923076923077 0.25721153846153844 0.06490384615384616 0.07932692307692307
0 0.8653846153846154 0.2860576923076923 0.04567307692307692 0.06971153846153846
0 0.9591346153846154 0.28125 0.05048076923076923 0.07451923076923077
0 0.9158653846153846 0.28846153846153844 0.038461538461538464 0.06009615384615385
0 0.7860576923076923 0.27163461538461536 0.03365384615384615 0.07451923076923077
0 0.8317307692307693 0.6346153846153846 0.07211538461538461 0.09134615384615384
0 0.6442307692307693 0.6394230769230769 0.08173076923076923 0.10096153846153846
0 0.8846153846153846 0.6057692307692307 0.0625 0.07451923076923077
0 0.7680288461538461 0.5685096153846154 0.06009615384615385 0.040865384615384616
0 0.9278846153846154 0.5625 0.0625 0.028846153846153848
0 0.6826923076923077 0.5865384615384616 0.0673076923076923 0.0673076923076923
0 0.7043269230769231 0.5540865384615384 0.052884615384615384 0.01201923076923077