1 0.09615384615384616 0.2668269230769231 0.055288461538461536 0.0625
1 0.0625 0.25721153846153844 0.03365384615384615 0.052884615384615384
0 0.39783653846153844 0.02283653846153846 0.07451923076923077 0.04567307692307692
0 0.6189903846153846 0.013221153846153846 0.09375 0.026442307692307692
0 0.5709134615384616 0.025240384615384616 0.06971153846153846 0.05048076923076923
0 0.47115384615384615 0.10096153846153846 0.06009615384615385 0.06490384615384616
0 0.042067307692307696 0.7331730769230769 0.08413461538461539 0.13942307692307693
0 0.6682692307692307 0.5769230769230769 0.057692307692307696 0.014423076923076924
0 0.8341346153846154 0.5817307692307693 0.04807692307692308 0.02403846153846154
0 0.9326923076923077 0.5829326923076923 0.052884615384615384 0.026442307692307692
0 0.7872596153846154 0.578125 0.036057692307692304 0.016826923076923076