0 0.375 0.10576923076923077 0.14423076923076922 0.15384615384615385
0 0.036057692307692304 0.171875 0.07211538461538461 0.10336538461538461
1 0.19471153846153846 0.1971153846153846 0.08173076923076923 0.09134615384615384
1 0.4423076923076923 0.15384615384615385 0.07692307692307693 0.08173076923076923
0 0.7163461538461539 0.08653846153846154 0.0625 0.0889423076923077
0 0.6117788461538461 0.09014423076923077 0.026442307692307692 0.12259615384615384
0 0.9543269230769231 0.08533653846153846 0.08653846153846154 0.14182692307692307
0 0.65625 0.1935096153846154 0.11538461538461539 0.10336538461538461
1 0.2091346153846154 0.7860576923076923 0.07932692307692307 0.10817307692307693
1 0.02403846153846154 0.7944711538461539 0.04807692307692308 0.10817307692307693
1 0.3076923076923077 0.7764423076923077 0.11298076923076923 0.13701923076923078
1 0.5024038461538461 0.7764423076923077 0.08653846153846154 0.11057692307692307
0 0.9579326923076923 0.6057692307692307 0.07932692307692307 0.27403846153846156