0 0.359375 0.04807692307692308 0.12259615384615384 0.09615384615384616
0 0.7379807692307693 0.20432692307692307 0.14423076923076922 0.18269230769230768
0 0.8918269230769231 0.25961538461538464 0.11538461538461539 0.14182692307692307
0 0.31009615384615385 0.6730769230769231 0.03125 0.04326923076923077
0 0.5649038461538461 0.5913461538461539 0.06009615384615385 0.0625
0 0.8966346153846154 0.6033653846153846 0.06009615384615385 0.0625
0 0.9639423076923077 0.6322115384615384 0.03365384615384615 0.05048076923076923
0 0.9483173076923077 0.5637019230769231 0.036057692307692304 0.01201923076923077
0 0.8689903846153846 0.5661057692307693 0.040865384615384616 0.016826923076923076
0 0.5661057692307693 0.9723557692307693 0.06490384615384616 0.05048076923076923
0 0.8966346153846154 0.9663461538461539 0.06009615384615385 0.0625
0 0.9639423076923077 0.9375 0.03365384615384615 0.05048076923076923