0 0.09134615384615384 0.1201923076923077 0.057692307692307696 0.052884615384615384
0 0.013221153846153846 0.12379807692307693 0.026442307692307692 0.06490384615384616
1 0.040865384615384616 0.14423076923076922 0.052884615384615384 0.06009615384615385
1 0.20192307692307693 0.12980769230769232 0.04326923076923077 0.04567307692307692
1 0.34375 0.13701923076923078 0.03365384615384615 0.04326923076923077
1 0.3125 0.11057692307692307 0.036057692307692304 0.040865384615384616
1 0.2764423076923077 0.11538461538461539 0.028846153846153848 0.036057692307692304
1 0.06490384615384616 0.13701923076923078 0.03125 0.05048076923076923
0 0.36538461538461536 0.10817307692307693 0.03365384615384615 0.04567307692307692
0 0.8173076923076923 0.13701923076923078 0.20192307692307693 0.21634615384615385
0 0.6923076923076923 0.7139423076923077 0.06490384615384616 0.07692307692307693
0 0.5408653846153846 0.8221153846153846 0.052884615384615384 0.07211538461538461
0 0.7956730769230769 0.7548076923076923 0.057692307692307696 0.07451923076923077
0 0.8894230769230769 0.9447115384615384 0.07692307692307693 0.06490384615384616
0 0.6009615384615384 0.7860576923076923 0.055288461538461536 0.08413461538461539
0 0.47596153846153844 0.6346153846153846 0.057692307692307696 0.052884615384615384