0 0.34134615384615385 0.24519230769230768 0.06490384615384616 0.06971153846153846
0 0.008413461538461538 0.1778846153846154 0.016826923076923076 0.057692307692307696
0 0.009615384615384616 0.07932692307692307 0.019230769230769232 0.038461538461538464
0 0.3870192307692308 0.07692307692307693 0.04567307692307692 0.04567307692307692
0 0.43990384615384615 0.0829326923076923 0.014423076923076924 0.04567307692307692
0 0.5841346153846154 0.20192307692307693 0.055288461538461536 0.0673076923076923
0 0.7235576923076923 0.20192307692307693 0.052884615384615384 0.06490384615384616
0 0.8221153846153846 0.19471153846153846 0.036057692307692304 0.0625
0 0.9783653846153846 0.20793269230769232 0.038461538461538464 0.06009615384615385
0 0.5697115384615384 0.7572115384615384 0.07932692307692307 0.10096153846153846
0 0.8701923076923077 0.8125 0.08413461538461539 0.09375
1 0.6610576923076923 0.8221153846153846 0.0889423076923077 0.09134615384615384