0 0.28125 0.07932692307692307 0.0673076923076923 0.08173076923076923
0 0.45913461538461536 0.05048076923076923 0.06009615384615385 0.06971153846153846
0 0.14182692307692307 0.08413461538461539 0.04567307692307692 0.06490384615384616
0 0.19951923076923078 0.08653846153846154 0.040865384615384616 0.057692307692307696
0 0.33413461538461536 0.08653846153846154 0.040865384615384616 0.057692307692307696
0 0.4254807692307692 0.07932692307692307 0.03125 0.04567307692307692
0 0.07692307692307693 0.09134615384615384 0.04326923076923077 0.05048076923076923
0 0.010817307692307692 0.078125 0.021634615384615384 0.05048076923076923
0 0.4879807692307692 0.08173076923076923 0.036057692307692304 0.040865384615384616
0 0.22355769230769232 0.6490384615384616 0.06009615384615385 0.07932692307692307
0 0.055288461538461536 0.6153846153846154 0.08413461538461539 0.11778846153846154
0 0.2980769230769231 0.6153846153846154 0.0889423076923077 0.12740384615384615
0 0.015625 0.6574519230769231 0.03125 0.08413461538461539
0 0.45913461538461536 0.6153846153846154 0.07932692307692307 0.11298076923076923