0 0.015625 0.11778846153846154 0.03125 0.08653846153846154
0 0.23798076923076922 0.11298076923076923 0.0673076923076923 0.09375
0 0.11298076923076923 0.11778846153846154 0.057692307692307696 0.08413461538461539
0 0.05048076923076923 0.07692307692307693 0.055288461538461536 0.07932692307692307
1 0.19230769230769232 0.19471153846153846 0.06971153846153846 0.09375
1 0.2956730769230769 0.14182692307692307 0.06490384615384616 0.08413461538461539
1 0.06490384615384616 0.15144230769230768 0.057692307692307696 0.08173076923076923
0 0.5829326923076923 0.6201923076923077 0.07451923076923077 0.03365384615384615
0 0.5817307692307693 0.5384615384615384 0.057692307692307696 0.06490384615384616
0 0.6514423076923077 0.37740384615384615 0.03125 0.052884615384615384
0 0.7091346153846154 0.6057692307692307 0.04807692307692308 0.052884615384615384
0 0.8413461538461539 0.5216346153846154 0.040865384615384616 0.04567307692307692
0 0.8629807692307693 0.4951923076923077 0.04326923076923077 0.04567307692307692
0 0.9182692307692307 0.5336538461538461 0.05048076923076923 0.04326923076923077
0 0.3870192307692308 0.9230769230769231 0.07692307692307693 0.08173076923076923
0 0.234375 0.9615384615384616 0.06490384615384616 0.07211538461538461
0 0.06009615384615385 0.9567307692307693 0.06490384615384616 0.07692307692307693
0 0.13942307692307693 0.9567307692307693 0.05048076923076923 0.07211538461538461
0 0.3485576923076923 0.9302884615384616 0.05048076923076923 0.07692307692307693
0 0.5216346153846154 0.9615384615384616 0.03125 0.052884615384615384
0 0.03125 0.9567307692307693 0.040865384615384616 0.06971153846153846
0 0.28365384615384615 0.96875 0.028846153846153848 0.04326923076923077
0 0.9242788461538461 0.9699519230769231 0.06009615384615385 0.055288461538461536