0 0.27403846153846156 0.23076923076923078 0.03125 0.040865384615384616
0 0.09134615384615384 0.23076923076923078 0.03125 0.03365384615384615
0 0.3858173076923077 0.29086538461538464 0.021634615384615384 0.02403846153846154
0 0.6971153846153846 0.40865384615384615 0.02403846153846154 0.028846153846153848
0 0.6923076923076923 0.53125 0.02403846153846154 0.03125
0 0.36658653846153844 0.6274038461538461 0.06009615384615385 0.15865384615384615
0 0.2283653846153846 0.6995192307692307 0.11778846153846154 0.14423076923076922
0 0.03125 0.7211538461538461 0.0625 0.14423076923076922
0 0.8786057692307693 0.6105769230769231 0.15144230769230768 0.125
0 0.6947115384615384 0.6658653846153846 0.11778846153846154 0.14423076923076922
0 0.47115384615384615 0.6875 0.11298076923076923 0.14182692307692307
0 0.9831730769230769 0.6514423076923077 0.028846153846153848 0.11057692307692307