0 0.03125 0.17548076923076922 0.06009615384615385 0.07451923076923077
0 0.7608173076923077 0.020432692307692308 0.06971153846153846 0.040865384615384616
0 0.9771634615384616 0.03365384615384615 0.040865384615384616 0.0673076923076923
0 0.8173076923076923 0.02283653846153846 0.057692307692307696 0.04567307692307692
0 0.6382211538461539 0.025240384615384616 0.05048076923076923 0.05048076923076923
0 0.6778846153846154 0.018028846153846152 0.038461538461538464 0.036057692307692304
0 0.9543269230769231 0.016826923076923076 0.052884615384615384 0.03365384615384615
0 0.8990384615384616 0.018028846153846152 0.04807692307692308 0.036057692307692304
0 0.4951923076923077 0.5865384615384616 0.06490384615384616 0.0889423076923077
0 0.3870192307692308 0.5841346153846154 0.05048076923076923 0.06971153846153846
0 0.2620192307692308 0.5985576923076923 0.052884615384615384 0.06009615384615385