0 0.1466346153846154 0.21875 0.0673076923076923 0.09375
0 0.1466346153846154 0.009615384615384616 0.07211538461538461 0.019230769230769232
0 0.6033653846153846 0.3125 0.05048076923076923 0.06971153846153846
0 0.5408653846153846 0.3269230769230769 0.036057692307692304 0.04807692307692308
0 0.7403846153846154 0.3293269230769231 0.0625 0.07932692307692307
0 0.7836538461538461 0.30288461538461536 0.05048076923076923 0.0625
0 0.8966346153846154 0.3173076923076923 0.038461538461538464 0.05048076923076923
0 0.9399038461538461 0.31490384615384615 0.04567307692307692 0.06009615384615385
0 0.9807692307692307 0.30528846153846156 0.036057692307692304 0.04807692307692308
1 0.057692307692307696 0.6081730769230769 0.04326923076923077 0.04807692307692308
1 0.1201923076923077 0.5889423076923077 0.055288461538461536 0.057692307692307696
1 0.23798076923076922 0.59375 0.04326923076923077 0.05048076923076923
1 0.421875 0.6081730769230769 0.03125 0.0625
1 0.3269230769230769 0.6009615384615384 0.052884615384615384 0.05048076923076923
0 0.6802884615384616 0.5132211538461539 0.04807692307692308 0.05048076923076923
0 0.9375 0.5240384615384616 0.06490384615384616 0.057692307692307696
0 0.4483173076923077 0.5060096153846154 0.016826923076923076 0.036057692307692304
0 0.5649038461538461 0.5264423076923077 0.038461538461538464 0.040865384615384616
0 0.7307692307692307 0.5288461538461539 0.03125 0.040865384615384616
0 0.8173076923076923 0.5264423076923077 0.038461538461538464 0.04326923076923077
0 0.8870192307692307 0.5408653846153846 0.040865384615384616 0.04567307692307692