0 0.3004807692307692 0.25961538461538464 0.27403846153846156 0.27163461538461536
0 0.3016826923076923 0.06490384615384616 0.28125 0.12980769230769232
0 0.6754807692307693 0.11298076923076923 0.13701923076923078 0.18028846153846154
0 0.9555288461538461 0.09375 0.08413461538461539 0.14423076923076922
0 0.75 0.0985576923076923 0.06009615384615385 0.14182692307692307
1 0.026442307692307692 0.6165865384615384 0.052884615384615384 0.036057692307692304
1 0.15384615384615385 0.6105769230769231 0.04807692307692308 0.02403846153846154
1 0.28725961538461536 0.6141826923076923 0.055288461538461536 0.03125
1 0.5961538461538461 0.8004807692307693 0.02403846153846154 0.040865384615384616
1 0.6225961538461539 0.7908653846153846 0.04326923076923077 0.057692307692307696
1 0.6802884615384616 0.8052884615384616 0.04326923076923077 0.0673076923076923
1 0.7764423076923077 0.8125 0.038461538461538464 0.04326923076923077
1 0.8317307692307693 0.8004807692307693 0.036057692307692304 0.04567307692307692
1 0.8774038461538461 0.8149038461538461 0.040865384615384616 0.05048076923076923
1 0.9134615384615384 0.8076923076923077 0.040865384615384616 0.055288461538461536
1 0.9447115384615384 0.8052884615384616 0.036057692307692304 0.04567307692307692
1 0.9819711538461539 0.8137019230769231 0.03125 0.06009615384615385