0 0.3581730769230769 0.15384615384615385 0.1346153846153846 0.14423076923076922
0 0.9254807692307693 0.3173076923076923 0.14423076923076922 0.21153846153846154
0 0.8004807692307693 0.3004807692307692 0.125 0.19230769230769232
0 0.4567307692307692 0.9423076923076923 0.057692307692307696 0.10576923076923077
0 0.6394230769230769 0.9038461538461539 0.1201923076923077 0.17067307692307693
0 0.8545673076923077 0.9519230769230769 0.10336538461538461 0.09134615384615384
0 0.9483173076923077 0.953125 0.0985576923076923 0.0889423076923077
0 0.5625 0.9182692307692307 0.07692307692307693 0.12740384615384615
0 0.9867788461538461 0.9254807692307693 0.021634615384615384 0.0673076923076923
0 0.640625 0.6394230769230769 0.12740384615384615 0.0625
0 0.5625 0.6213942307692307 0.08173076923076923 0.026442307692307692