0 0.24519230769230768 0.20192307692307693 0.055288461538461536 0.07211538461538461
0 0.07932692307692307 0.1778846153846154 0.04567307692307692 0.0673076923076923
0 0.018028846153846152 0.19471153846153846 0.036057692307692304 0.0673076923076923
0 0.17548076923076922 0.18509615384615385 0.040865384615384616 0.0625
0 0.5 0.22596153846153846 0.036057692307692304 0.05048076923076923
1 0.9759615384615384 0.9471153846153846 0.04326923076923077 0.057692307692307696
1 0.421875 0.9242788461538461 0.026442307692307692 0.055288461538461536
1 0.47596153846153844 0.9182692307692307 0.03365384615384615 0.04807692307692308
1 0.625 0.9182692307692307 0.036057692307692304 0.05048076923076923
1 0.7115384615384616 0.9230769230769231 0.038461538461538464 0.05048076923076923
1 0.8052884615384616 0.9230769230769231 0.04567307692307692 0.05048076923076923
1 0.8822115384615384 0.9591346153846154 0.04567307692307692 0.04807692307692308
1 0.9399038461538461 0.9158653846153846 0.04326923076923077 0.052884615384615384