0 0.22355769230769232 0.21754807692307693 0.18269230769230768 0.11778846153846154
0 0.7463942307692307 0.1622596153846154 0.3581730769230769 0.2283653846153846
0 0.7451923076923077 0.015625 0.3605769230769231 0.03125
0 0.22596153846153846 0.5913461538461539 0.055288461538461536 0.07692307692307693
0 0.28125 0.6033653846153846 0.04326923076923077 0.0625
0 0.02403846153846154 0.6033653846153846 0.028846153846153848 0.04326923076923077
0 0.055288461538461536 0.6177884615384616 0.04326923076923077 0.04807692307692308
0 0.125 0.6153846153846154 0.04326923076923077 0.04567307692307692
0 0.3605769230769231 0.6033653846153846 0.052884615384615384 0.04807692307692308
0 0.43028846153846156 0.6033653846153846 0.040865384615384616 0.04567307692307692
0 0.5961538461538461 0.4254807692307692 0.18269230769230768 0.1971153846153846
0 0.9182692307692307 0.3786057692307692 0.15865384615384615 0.19951923076923078