1 0.3317307692307692 0.028846153846153848 0.07692307692307693 0.057692307692307696
1 0.39663461538461536 0.020432692307692308 0.07692307692307693 0.040865384615384616
1 0.24278846153846154 0.02403846153846154 0.11538461538461539 0.04807692307692308
0 0.5612980769230769 0.44711538461538464 0.026442307692307692 0.07211538461538461
0 0.6201923076923077 0.4230769230769231 0.04567307692307692 0.07211538461538461
0 0.875 0.43509615384615385 0.04326923076923077 0.052884615384615384
0 0.6129807692307693 0.3125 0.038461538461538464 0.04567307692307692
0 0.5721153846153846 0.28846153846153844 0.021634615384615384 0.036057692307692304
0 0.6466346153846154 0.2980769230769231 0.028846153846153848 0.04326923076923077
0 0.22115384615384615 0.7307692307692307 0.057692307692307696 0.06971153846153846
0 0.4206730769230769 0.7115384615384616 0.057692307692307696 0.07451923076923077