0 0.203125 0.03125 0.055288461538461536 0.0625
0 0.9519230769230769 0.4963942307692308 0.09134615384615384 0.10817307692307693
0 0.6610576923076923 0.36658653846153844 0.02403846153846154 0.11778846153846154
0 0.37740384615384615 0.75 0.0673076923076923 0.10096153846153846
0 0.2620192307692308 0.7716346153846154 0.0625 0.0889423076923077
0 0.5817307692307693 0.7524038461538461 0.06971153846153846 0.0985576923076923
0 0.02283653846153846 0.7475961538461539 0.04567307692307692 0.09615384615384616
0 0.43509615384615385 0.7716346153846154 0.04326923076923077 0.08173076923076923
0 0.15865384615384615 0.7572115384615384 0.09134615384615384 0.11538461538461539
0 0.3173076923076923 0.7451923076923077 0.052884615384615384 0.07692307692307693
0 0.21875 0.7415865384615384 0.057692307692307696 0.08413461538461539
0 0.4639423076923077 0.7716346153846154 0.038461538461538464 0.07451923076923077