0 0.3317307692307692 0.1658653846153846 0.0625 0.08413461538461539
0 0.06009615384615385 0.14903846153846154 0.10096153846153846 0.09134615384615384
0 0.6274038461538461 0.14783653846153846 0.019230769230769232 0.0985576923076923
0 0.49759615384615385 0.15865384615384615 0.04567307692307692 0.06971153846153846
0 0.5336538461538461 0.15625 0.04807692307692308 0.07451923076923077
0 0.8966346153846154 0.05048076923076923 0.04567307692307692 0.06971153846153846
0 0.7475961538461539 0.0673076923076923 0.04567307692307692 0.0673076923076923
0 0.6550480769230769 0.07451923076923077 0.03125 0.04807692307692308
0 0.7836538461538461 0.0625 0.028846153846153848 0.057692307692307696
0 0.9350961538461539 0.06009615384615385 0.038461538461538464 0.0625
0 0.8197115384615384 0.05048076923076923 0.04567307692307692 0.0625
0 0.9855769230769231 0.057692307692307696 0.021634615384615384 0.03365384615384615
0 0.5973557692307693 0.7584134615384616 0.07932692307692307 0.20432692307692307
0 0.06129807692307692 0.7512019230769231 0.12259615384615384 0.18028846153846154
0 0.20432692307692307 0.8581730769230769 0.07932692307692307 0.10817307692307693
0 0.09375 0.8677884615384616 0.10336538461538461 0.13221153846153846
1 0.9759615384615384 0.5360576923076923 0.04326923076923077 0.052884615384615384
1 0.6778846153846154 0.5300480769230769 0.04326923076923077 0.040865384615384616
1 0.7259615384615384 0.5252403846153846 0.04326923076923077 0.03125
1 0.8100961538461539 0.5216346153846154 0.04807692307692308 0.02403846153846154
1 0.8990384615384616 0.5180288461538461 0.04807692307692308 0.016826923076923076