0 0.09735576923076923 0.06009615384615385 0.19471153846153846 0.1201923076923077
0 0.5709134615384616 0.01201923076923077 0.08413461538461539 0.02403846153846154
0 0.04567307692307692 0.5384615384615384 0.07451923076923077 0.08173076923076923
0 0.14903846153846154 0.5697115384615384 0.10336538461538461 0.125
0 0.14903846153846154 0.9663461538461539 0.10576923076923077 0.057692307692307696
1 0.5120192307692307 0.6105769230769231 0.02403846153846154 0.057692307692307696
1 0.5576923076923077 0.6057692307692307 0.055288461538461536 0.057692307692307696
1 0.6298076923076923 0.6129807692307693 0.036057692307692304 0.04567307692307692
1 0.6658653846153846 0.6201923076923077 0.03365384615384615 0.040865384615384616
1 0.7283653846153846 0.6129807692307693 0.026442307692307692 0.03125
1 0.7932692307692307 0.6177884615384616 0.040865384615384616 0.04326923076923077
1 0.8629807692307693 0.6105769230769231 0.038461538461538464 0.04326923076923077
1 0.9302884615384616 0.6033653846153846 0.038461538461538464 0.038461538461538464
1 0.9759615384615384 0.6033653846153846 0.02403846153846154 0.036057692307692304