0 0.036057692307692304 0.1346153846153846 0.06490384615384616 0.09375
0 0.17307692307692307 0.12259615384615384 0.07932692307692307 0.11057692307692307
0 0.01201923076923077 0.23798076923076922 0.02403846153846154 0.11538461538461539
0 0.47836538461538464 0.18269230769230768 0.10096153846153846 0.15384615384615385
0 0.24759615384615385 0.2403846153846154 0.11778846153846154 0.12259615384615384
0 0.7379807692307693 0.27163461538461536 0.040865384615384616 0.038461538461538464
0 0.8100961538461539 0.27403846153846156 0.036057692307692304 0.038461538461538464
0 0.8605769230769231 0.2548076923076923 0.036057692307692304 0.036057692307692304
0 0.9182692307692307 0.2620192307692308 0.036057692307692304 0.038461538461538464
0 0.96875 0.24519230769230768 0.03365384615384615 0.03125
0 0.6466346153846154 0.24278846153846154 0.03365384615384615 0.038461538461538464
0 0.6875 0.27403846153846156 0.028846153846153848 0.03365384615384615
0 0.6129807692307693 0.2764423076923077 0.009615384615384616 0.03365384615384615
0 0.1346153846153846 0.7091346153846154 0.12980769230769232 0.16346153846153846
0 0.6875 0.5661057692307693 0.15865384615384615 0.15625