0 0.37740384615384615 0.2692307692307692 0.06971153846153846 0.07692307692307693
0 0.5865384615384616 0.28125 0.057692307692307696 0.06971153846153846
0 0.45913461538461536 0.28365384615384615 0.04567307692307692 0.06009615384615385
0 0.5072115384615384 0.2956730769230769 0.04567307692307692 0.0625
0 0.5504807692307693 0.3125 0.04567307692307692 0.06009615384615385
0 0.6105769230769231 0.2848557692307692 0.009615384615384616 0.06009615384615385
0 0.8557692307692307 0.09615384615384616 0.09375 0.12980769230769232
0 0.6358173076923077 0.07091346153846154 0.036057692307692304 0.14182692307692307
0 0.6911057692307693 0.0625 0.10336538461538461 0.125
1 0.010817307692307692 0.8221153846153846 0.021634615384615384 0.07211538461538461
1 0.25 0.8461538461538461 0.055288461538461536 0.057692307692307696
0 0.12980769230769232 0.8485576923076923 0.04567307692307692 0.06009615384615385
1 0.16826923076923078 0.8461538461538461 0.03365384615384615 0.04807692307692308
0 0.8581730769230769 0.6947115384615384 0.057692307692307696 0.06971153846153846