0 0.3269230769230769 0.27884615384615385 0.05048076923076923 0.057692307692307696
0 0.18028846153846154 0.04326923076923077 0.04326923076923077 0.04567307692307692
0 0.4519230769230769 0.28846153846153844 0.028846153846153848 0.028846153846153848
0 0.9326923076923077 0.2980769230769231 0.07932692307692307 0.11298076923076923
0 0.6418269230769231 0.3605769230769231 0.07692307692307693 0.125
0 0.7956730769230769 0.3317307692307692 0.10096153846153846 0.12980769230769232
0 0.7163461538461539 0.3701923076923077 0.04567307692307692 0.057692307692307696
0 0.9735576923076923 0.34615384615384615 0.04807692307692308 0.07211538461538461
0 0.13701923076923078 0.5769230769230769 0.16826923076923078 0.1778846153846154
0 0.40625 0.6586538461538461 0.0625 0.04807692307692308
0 0.5697115384615384 0.6850961538461539 0.17307692307692307 0.20432692307692307