0 0.07932692307692307 0.3088942307692308 0.04807692307692308 0.055288461538461536
0 0.009615384615384616 0.3173076923076923 0.019230769230769232 0.038461538461538464
0 0.04326923076923077 0.31009615384615385 0.026442307692307692 0.04567307692307692
0 0.15865384615384615 0.2980769230769231 0.05048076923076923 0.06971153846153846
0 0.41466346153846156 0.31009615384615385 0.05048076923076923 0.052884615384615384
0 0.3641826923076923 0.3137019230769231 0.036057692307692304 0.04567307692307692
0 0.25961538461538464 0.3125 0.03365384615384615 0.04807692307692308
0 0.22355769230769232 0.31490384615384615 0.038461538461538464 0.04326923076923077
0 0.19471153846153846 0.3137019230769231 0.028846153846153848 0.04567307692307692
0 0.7764423076923077 0.17548076923076922 0.35096153846153844 0.32211538461538464
0 0.40865384615384615 0.9663461538461539 0.021634615384615384 0.03125
0 0.34615384615384615 0.9783653846153846 0.021634615384615384 0.03365384615384615
0 0.7427884615384616 0.45913461538461536 0.07692307692307693 0.0889423076923077
0 0.8149038461538461 0.4375 0.08653846153846154 0.0889423076923077