0 0.1778846153846154 0.09495192307692307 0.3557692307692308 0.18990384615384615
1 0.71875 0.03125 0.0673076923076923 0.0625
1 0.8521634615384616 0.020432692307692308 0.06490384615384616 0.040865384615384616
1 0.6129807692307693 0.028846153846153848 0.08173076923076923 0.057692307692307696
1 0.5528846153846154 0.028846153846153848 0.057692307692307696 0.057692307692307696
1 0.890625 0.010817307692307692 0.036057692307692304 0.021634615384615384
0 0.12259615384615384 0.8557692307692307 0.036057692307692304 0.04326923076923077
1 0.5096153846153846 0.4879807692307692 0.038461538461538464 0.052884615384615384
1 0.5552884615384616 0.47836538461538464 0.03125 0.038461538461538464
1 0.5384615384615384 0.49278846153846156 0.021634615384615384 0.03365384615384615
1 0.5961538461538461 0.4831730769230769 0.03365384615384615 0.03365384615384615
1 0.6586538461538461 0.4879807692307692 0.03365384615384615 0.04567307692307692
1 0.7055288461538461 0.4795673076923077 0.055288461538461536 0.06009615384615385
1 0.8605769230769231 0.4675480769230769 0.04807692307692308 0.036057692307692304