0 0.1466346153846154 0.28846153846153844 0.11538461538461539 0.12259615384615384
0 0.43990384615384615 0.2932692307692308 0.05048076923076923 0.0625
0 0.2283653846153846 0.2980769230769231 0.055288461538461536 0.08653846153846154
0 0.42788461538461536 0.22596153846153846 0.038461538461538464 0.055288461538461536
0 0.10817307692307693 0.28846153846153844 0.04567307692307692 0.06009615384615385
0 0.8473557692307693 0.027644230769230768 0.10336538461538461 0.055288461538461536
0 0.9639423076923077 0.027644230769230768 0.0673076923076923 0.055288461538461536
0 0.7716346153846154 0.07211538461538461 0.0625 0.07451923076923077
0 0.6442307692307693 0.07451923076923077 0.0625 0.07451923076923077
0 0.5384615384615384 0.08413461538461539 0.06009615384615385 0.08173076923076923
0 0.4963942307692308 0.11778846153846154 0.036057692307692304 0.0625
0 0.6033653846153846 0.11778846153846154 0.04567307692307692 0.0625
0 0.7019230769230769 0.11057692307692307 0.057692307692307696 0.057692307692307696
0 0.12740384615384615 0.8173076923076923 0.06490384615384616 0.06971153846153846