0 0.18269230769230768 0.29086538461538464 0.07932692307692307 0.0889423076923077
0 0.09615384615384616 0.07692307692307693 0.07451923076923077 0.08173076923076923
0 0.625 0.19951923076923078 0.0625 0.08413461538461539
0 0.35336538461538464 0.18269230769230768 0.10096153846153846 0.09134615384615384
0 0.9543269230769231 0.1814903846153846 0.08653846153846154 0.0985576923076923
0 0.7908653846153846 0.19230769230769232 0.04567307692307692 0.06971153846153846
0 0.8269230769230769 0.18990384615384615 0.04807692307692308 0.07451923076923077
1 0.17067307692307693 0.6394230769230769 0.07932692307692307 0.09134615384615384
1 0.27163461538461536 0.6274038461538461 0.04807692307692308 0.1201923076923077
1 0.2548076923076923 0.6274038461538461 0.08173076923076923 0.09134615384615384
0 0.8978365384615384 0.9579326923076923 0.19951923076923078 0.07932692307692307
0 0.7331730769230769 0.9519230769230769 0.0673076923076923 0.0673076923076923
0 0.35096153846153844 0.9639423076923077 0.09134615384615384 0.0673076923076923
0 0.6754807692307693 0.9735576923076923 0.10096153846153846 0.04807692307692308