0 0.34134615384615385 0.4110576923076923 0.06971153846153846 0.09375
1 0.7884615384615384 0.17307692307692307 0.12980769230769232 0.18269230769230768
1 0.9555288461538461 0.22716346153846154 0.08413461538461539 0.15625
1 0.6814903846153846 0.19110576923076922 0.08413461538461539 0.12259615384615384
1 0.8533653846153846 0.2091346153846154 0.0673076923076923 0.15384615384615385
0 0.3161057692307692 0.9026442307692307 0.18028846153846154 0.18990384615384615
0 0.1658653846153846 0.9375 0.21634615384615385 0.1201923076923077
1 0.042067307692307696 0.9362980769230769 0.08413461538461539 0.12259615384615384
1 0.5661057692307693 0.9050480769230769 0.14182692307692307 0.18509615384615385
0 0.9927884615384616 0.8461538461538461 0.009615384615384616 0.03365384615384615
0 0.8942307692307693 0.8245192307692307 0.02403846153846154 0.028846153846153848