0 0.21875 0.21634615384615385 0.06009615384615385 0.07211538461538461
0 0.17548076923076922 0.18028846153846154 0.055288461538461536 0.052884615384615384
0 0.08173076923076923 0.09134615384615384 0.04567307692307692 0.04807692307692308
0 0.2860576923076923 0.13221153846153846 0.04807692307692308 0.0673076923076923
0 0.22115384615384615 0.30288461538461536 0.07692307692307693 0.07211538461538461
0 0.6959134615384616 0.08052884615384616 0.25240384615384615 0.16105769230769232
0 0.9050480769230769 0.10096153846153846 0.18509615384615385 0.20192307692307693
0 0.8149038461538461 0.057692307692307696 0.15865384615384615 0.11538461538461539
0 0.31971153846153844 0.5120192307692307 0.14903846153846154 0.13942307692307693
0 0.8293269230769231 0.6730769230769231 0.0625 0.0673076923076923
0 0.6490384615384616 0.6778846153846154 0.057692307692307696 0.06490384615384616