0 0.40625 0.11778846153846154 0.04807692307692308 0.06490384615384616
0 0.016826923076923076 0.09975961538461539 0.03365384615384615 0.06490384615384616
0 0.0985576923076923 0.0889423076923077 0.04326923076923077 0.055288461538461536
0 0.20192307692307693 0.11057692307692307 0.05048076923076923 0.052884615384615384
0 0.28846153846153844 0.12259615384615384 0.04567307692307692 0.055288461538461536
0 0.15144230769230768 0.8846153846153846 0.04567307692307692 0.05048076923076923
0 0.07692307692307693 0.75 0.04326923076923077 0.057692307692307696
0 0.19230769230769232 0.7163461538461539 0.04326923076923077 0.057692307692307696
0 0.2644230769230769 0.7740384615384616 0.052884615384615384 0.052884615384615384
0 0.39903846153846156 0.7884615384615384 0.05048076923076923 0.06490384615384616
1 0.23557692307692307 0.8894230769230769 0.055288461538461536 0.04807692307692308
0 0.07692307692307693 0.5192307692307693 0.04326923076923077 0.057692307692307696
0 0.19230769230769232 0.5528846153846154 0.04326923076923077 0.057692307692307696
0 0.265625 0.5012019230769231 0.055288461538461536 0.04567307692307692
0 0.39903846153846156 0.4963942307692308 0.052884615384615384 0.036057692307692304
0 0.5673076923076923 0.859375 0.09615384615384616 0.13221153846153846
0 0.7067307692307693 0.8461538461538461 0.10576923076923077 0.13701923076923078
0 0.7079326923076923 0.49158653846153844 0.11298076923076923 0.026442307692307692