0 0.20673076923076922 0.13221153846153846 0.04326923076923077 0.06490384615384616
0 0.007211538461538462 0.27283653846153844 0.014423076923076924 0.06490384615384616
0 0.41586538461538464 0.25240384615384615 0.04807692307692308 0.057692307692307696
0 0.3798076923076923 0.14423076923076922 0.04807692307692308 0.055288461538461536
0 0.43509615384615385 0.1466346153846154 0.04326923076923077 0.057692307692307696
0 0.12740384615384615 0.004807692307692308 0.04326923076923077 0.009615384615384616
0 0.15745192307692307 0.016826923076923076 0.04567307692307692 0.03365384615384615
0 0.96875 0.3641826923076923 0.057692307692307696 0.10336538461538461
1 0.18509615384615385 0.6802884615384616 0.08173076923076923 0.09615384615384616
1 0.30528846153846156 0.6802884615384616 0.06971153846153846 0.08173076923076923
1 0.014423076923076924 0.6790865384615384 0.028846153846153848 0.11298076923076923
1 0.4567307692307692 0.6658653846153846 0.08653846153846154 0.10817307692307693
1 0.10817307692307693 0.6658653846153846 0.057692307692307696 0.08173076923076923
1 0.5252403846153846 0.6298076923076923 0.06009615384615385 0.15384615384615385
1 0.27884615384615385 0.6346153846153846 0.055288461538461536 0.0625
0 0.8533653846153846 0.5384615384615384 0.14903846153846154 0.18990384615384615