0 0.14182692307692307 0.21875 0.08413461538461539 0.13701923076923078
0 0.5420673076923077 0.27884615384615385 0.026442307692307692 0.10576923076923077
1 0.34615384615384615 0.35096153846153844 0.06490384615384616 0.07692307692307693
0 0.5829326923076923 0.37740384615384615 0.05048076923076923 0.1778846153846154
0 0.21634615384615385 0.8173076923076923 0.04567307692307692 0.04807692307692308
0 0.2668269230769231 0.8677884615384616 0.057692307692307696 0.04567307692307692
0 0.7235576923076923 0.6490384615384616 0.052884615384615384 0.052884615384615384
0 0.9182692307692307 0.7139423076923077 0.06009615384615385 0.0625
0 0.5829326923076923 0.7259615384615384 0.05048076923076923 0.0625
0 0.875 0.6490384615384616 0.052884615384615384 0.057692307692307696
0 0.7572115384615384 0.6995192307692307 0.0673076923076923 0.0625