0 0.6430288461538461 0.140625 0.1466346153846154 0.13221153846153846
0 0.23076923076923078 0.6850961538461539 0.03365384615384615 0.038461538461538464
0 0.2283653846153846 0.4254807692307692 0.028846153846153848 0.04326923076923077
0 0.3629807692307692 0.8581730769230769 0.03365384615384615 0.038461538461538464
0 0.2283653846153846 0.21754807692307693 0.03365384615384615 0.016826923076923076
0 0.6875 0.5745192307692307 0.06009615384615385 0.0673076923076923
0 0.8052884615384616 0.6081730769230769 0.0625 0.0625
0 0.5528846153846154 0.5528846153846154 0.038461538461538464 0.04807692307692308
0 0.9134615384615384 0.5721153846153846 0.040865384615384616 0.04567307692307692
0 0.6875 0.2247596153846154 0.0625 0.03125
0 0.5540865384615384 0.23076923076923078 0.040865384615384616 0.04326923076923077
0 0.9134615384615384 0.21995192307692307 0.04326923076923077 0.021634615384615384