1 0.01201923076923077 0.25721153846153844 0.02403846153846154 0.038461538461538464
1 0.03365384615384615 0.27403846153846156 0.04567307692307692 0.04807692307692308
1 0.10336538461538461 0.27163461538461536 0.04567307692307692 0.055288461538461536
1 0.21394230769230768 0.27884615384615385 0.038461538461538464 0.04807692307692308
1 0.24519230769230768 0.2620192307692308 0.03365384615384615 0.05048076923076923
1 0.27884615384615385 0.2764423076923077 0.04567307692307692 0.05048076923076923
1 0.42788461538461536 0.27403846153846156 0.03365384615384615 0.04567307692307692
1 0.40865384615384615 0.2548076923076923 0.026442307692307692 0.04807692307692308
1 0.5600961538461539 0.25961538461538464 0.036057692307692304 0.04567307692307692
0 0.6141826923076923 0.171875 0.05048076923076923 0.07451923076923077
0 0.8533653846153846 0.15144230769230768 0.057692307692307696 0.06009615384615385
0 0.9350961538461539 0.125 0.052884615384615384 0.06009615384615385
0 0.7115384615384616 0.15384615384615385 0.05048076923076923 0.055288461538461536
0 0.6610576923076923 0.16105769230769232 0.040865384615384616 0.04567307692307692
0 0.96875 0.14182692307692307 0.03365384615384615 0.04326923076923077
0 0.25240384615384615 0.8076923076923077 0.14903846153846154 0.18990384615384615
0 0.515625 0.8569711538461539 0.14182692307692307 0.18028846153846154
0 0.25240384615384615 0.5985576923076923 0.15384615384615385 0.038461538461538464
0 0.8076923076923077 0.7403846153846154 0.0625 0.08173076923076923
0 0.6682692307692307 0.7908653846153846 0.04567307692307692 0.05048076923076923