0 0.0985576923076923 0.04326923076923077 0.07211538461538461 0.08653846153846154
0 0.1466346153846154 0.05048076923076923 0.04567307692307692 0.07211538461538461
0 0.1971153846153846 0.057692307692307696 0.04326923076923077 0.057692307692307696
0 0.2283653846153846 0.040865384615384616 0.038461538461538464 0.06009615384615385
0 0.3317307692307692 0.07211538461538461 0.040865384615384616 0.04567307692307692
0 0.38221153846153844 0.06971153846153846 0.036057692307692304 0.04567307692307692
0 0.4567307692307692 0.06490384615384616 0.038461538461538464 0.05048076923076923
1 0.2956730769230769 0.055288461538461536 0.028846153846153848 0.040865384615384616
1 0.24519230769230768 0.0673076923076923 0.026442307692307692 0.03365384615384615
0 0.6129807692307693 0.013221153846153846 0.08173076923076923 0.026442307692307692
0 0.3581730769230769 0.5697115384615384 0.25961538461538464 0.08173076923076923
0 0.057692307692307696 0.5709134615384616 0.11538461538461539 0.08413461538461539
0 0.6478365384615384 0.6502403846153846 0.20432692307692307 0.24278846153846154