1 0.4050480769230769 0.008413461538461538 0.040865384615384616 0.016826923076923076
0 0.8798076923076923 0.10096153846153846 0.14423076923076922 0.18269230769230768
0 0.5504807692307693 0.14182692307692307 0.12980769230769232 0.1778846153846154
1 0.37259615384615385 0.5408653846153846 0.06490384615384616 0.0889423076923077
1 0.07451923076923077 0.5192307692307693 0.08173076923076923 0.10817307692307693
1 0.24759615384615385 0.49759615384615385 0.10576923076923077 0.1346153846153846
1 0.02403846153846154 0.5528846153846154 0.040865384615384616 0.0673076923076923
1 0.12740384615384615 0.5336538461538461 0.040865384615384616 0.0673076923076923
1 0.15625 0.5456730769230769 0.040865384615384616 0.055288461538461536
0 0.5649038461538461 0.4182692307692308 0.07211538461538461 0.09375
0 0.9375 0.3605769230769231 0.09375 0.11298076923076923