0 0.06009615384615385 0.12139423076923077 0.1201923076923077 0.21875
0 0.3004807692307692 0.0889423076923077 0.16346153846153846 0.1778846153846154
0 0.7524038461538461 0.3894230769230769 0.04567307692307692 0.07211538461538461
0 0.6213942307692307 0.40625 0.04567307692307692 0.0673076923076923
0 0.8798076923076923 0.38461538461538464 0.052884615384615384 0.0673076923076923
0 0.8149038461538461 0.39903846153846156 0.04807692307692308 0.06971153846153846
0 0.9495192307692307 0.27403846153846156 0.057692307692307696 0.07211538461538461
0 0.8485576923076923 0.25721153846153844 0.052884615384615384 0.06971153846153846
0 0.7043269230769231 0.4014423076923077 0.04567307692307692 0.06971153846153846
0 0.7572115384615384 0.14423076923076922 0.04807692307692308 0.07211538461538461
0 0.9735576923076923 0.4182692307692308 0.04807692307692308 0.07211538461538461
0 0.6057692307692307 0.2860576923076923 0.014423076923076924 0.07692307692307693
0 0.6947115384615384 0.27163461538461536 0.036057692307692304 0.0625
0 0.39663461538461536 0.6778846153846154 0.036057692307692304 0.04567307692307692