0 0.3629807692307692 0.49038461538461536 0.04326923076923077 0.04807692307692308
0 0.4375 0.23798076923076922 0.03365384615384615 0.040865384615384616
1 0.47475961538461536 0.10697115384615384 0.03125 0.05048076923076923
1 0.49278846153846156 0.0985576923076923 0.028846153846153848 0.04807692307692308
1 0.5889423076923077 0.0985576923076923 0.04567307692307692 0.057692307692307696
1 0.6490384615384616 0.11057692307692307 0.04807692307692308 0.06009615384615385
1 0.6995192307692307 0.11298076923076923 0.036057692307692304 0.04807692307692308
1 0.7524038461538461 0.10576923076923077 0.05048076923076923 0.0625
1 0.7980769230769231 0.10817307692307693 0.04567307692307692 0.055288461538461536
1 0.234375 0.9459134615384616 0.08413461538461539 0.10336538461538461
0 0.7235576923076923 0.7091346153846154 0.0985576923076923 0.12980769230769232
0 0.9855769230769231 0.6670673076923077 0.02403846153846154 0.04567307692307692