0 0.26802884615384615 0.23677884615384615 0.13221153846153846 0.16105769230769232
0 0.019230769230769232 0.7103365384615384 0.038461538461538464 0.06009615384615385
0 0.33413461538461536 0.7379807692307693 0.0625 0.0625
0 0.2860576923076923 0.7644230769230769 0.040865384615384616 0.057692307692307696
1 0.5024038461538461 0.6466346153846154 0.028846153846153848 0.036057692307692304
1 0.5288461538461539 0.6634615384615384 0.04567307692307692 0.04807692307692308
1 0.5985576923076923 0.6610576923076923 0.04567307692307692 0.055288461538461536
1 0.7091346153846154 0.6682692307692307 0.038461538461538464 0.04807692307692308
1 0.7403846153846154 0.6514423076923077 0.03365384615384615 0.05048076923076923
1 0.7740384615384616 0.6658653846153846 0.04567307692307692 0.05048076923076923
1 0.9230769230769231 0.6634615384615384 0.03365384615384615 0.04567307692307692
1 0.9038461538461539 0.6442307692307693 0.026442307692307692 0.04807692307692308