0 0.20192307692307693 0.06971153846153846 0.17307692307692307 0.13942307692307693
0 0.8894230769230769 0.41586538461538464 0.07211538461538461 0.07932692307692307
0 0.6766826923076923 0.46274038461538464 0.07451923076923077 0.06971153846153846
1 0.39663461538461536 0.5745192307692307 0.03365384615384615 0.03125
1 0.4543269230769231 0.5913461538461539 0.03365384615384615 0.04326923076923077
1 0.5456730769230769 0.6009615384615384 0.04567307692307692 0.04567307692307692
1 0.5769230769230769 0.5841346153846154 0.026442307692307692 0.03365384615384615
1 0.6033653846153846 0.5793269230769231 0.03365384615384615 0.04567307692307692
1 0.6466346153846154 0.5961538461538461 0.03125 0.03125
1 0.6778846153846154 0.6057692307692307 0.04326923076923077 0.04807692307692308
1 0.7331730769230769 0.6105769230769231 0.036057692307692304 0.040865384615384616
1 0.8197115384615384 0.5985576923076923 0.04326923076923077 0.04807692307692308
1 0.8966346153846154 0.6057692307692307 0.038461538461538464 0.04567307692307692
1 0.9615384615384616 0.6225961538461539 0.040865384615384616 0.038461538461538464