0 0.11057692307692307 0.3293269230769231 0.06971153846153846 0.08653846153846154
0 0.19471153846153846 0.3245192307692308 0.14182692307692307 0.1875
0 0.4375 0.3293269230769231 0.11057692307692307 0.12980769230769232
0 0.27163461538461536 0.3173076923076923 0.07692307692307693 0.125
0 0.037259615384615384 0.30528846153846156 0.07451923076923077 0.33653846153846156
0 0.1971153846153846 0.009615384615384616 0.14903846153846154 0.019230769230769232
0 0.038461538461538464 0.056490384615384616 0.07692307692307693 0.11298076923076923
0 0.5408653846153846 0.3894230769230769 0.02403846153846154 0.07692307692307693
0 0.7788461538461539 0.2980769230769231 0.08413461538461539 0.13701923076923078
1 0.9735576923076923 0.43149038461538464 0.04807692307692308 0.07932692307692307
0 0.3004807692307692 0.8269230769230769 0.057692307692307696 0.0625
0 0.3076923076923077 0.8942307692307693 0.06490384615384616 0.06490384615384616
0 0.5901442307692307 0.7223557692307693 0.12259615384615384 0.10817307692307693