0 0.4014423076923077 0.09014423076923077 0.25961538461538464 0.18028846153846154
0 0.025240384615384616 0.1814903846153846 0.05048076923076923 0.06971153846153846
0 0.10576923076923077 0.1778846153846154 0.052884615384615384 0.06490384615384616
0 0.10096153846153846 0.016826923076923076 0.03365384615384615 0.03365384615384615
0 0.8028846153846154 0.19471153846153846 0.17067307692307693 0.1778846153846154
0 0.7235576923076923 0.0673076923076923 0.09615384615384616 0.09134615384615384
0 0.3485576923076923 0.5769230769230769 0.15144230769230768 0.14903846153846154
0 0.15865384615384615 0.5721153846153846 0.13942307692307693 0.13221153846153846
0 0.9230769230769231 0.45913461538461536 0.04807692307692308 0.06490384615384616
0 0.8076923076923077 0.47836538461538464 0.04567307692307692 0.06009615384615385
0 0.9891826923076923 0.46274038461538464 0.016826923076923076 0.06009615384615385
0 0.6971153846153846 0.5456730769230769 0.06009615384615385 0.04807692307692308
0 0.7043269230769231 0.46875 0.03365384615384615 0.04567307692307692