1 0.25240384615384615 0.23317307692307693 0.04326923076923077 0.057692307692307696
1 0.12740384615384615 0.1971153846153846 0.06009615384615385 0.0625
1 0.06009615384615385 0.21875 0.038461538461538464 0.05048076923076923
1 0.021634615384615384 0.21514423076923078 0.04326923076923077 0.06490384615384616
0 0.5120192307692307 0.3125 0.07211538461538461 0.10096153846153846
0 0.7379807692307693 0.3870192307692308 0.06490384615384616 0.07692307692307693
0 0.7956730769230769 0.37740384615384615 0.0673076923076923 0.09375
0 0.3269230769230769 0.3425480769230769 0.038461538461538464 0.10336538461538461
1 0.6514423076923077 0.37740384615384615 0.0673076923076923 0.08413461538461539
1 0.8293269230769231 0.4495192307692308 0.06009615384615385 0.07211538461538461
0 0.19951923076923078 0.8269230769230769 0.15144230769230768 0.1658653846153846
0 0.20192307692307693 0.6358173076923077 0.15865384615384615 0.09375