0 0.038461538461538464 0.2692307692307692 0.07692307692307693 0.23557692307692307
0 0.040865384615384616 0.07692307692307693 0.08173076923076923 0.15384615384615385
0 0.9903846153846154 0.28846153846153844 0.014423076923076924 0.07211538461538461
0 0.5456730769230769 0.23798076923076922 0.04567307692307692 0.055288461538461536
0 0.5072115384615384 0.28365384615384615 0.036057692307692304 0.04326923076923077
0 0.5793269230769231 0.2548076923076923 0.028846153846153848 0.03365384615384615
0 0.6778846153846154 0.29086538461538464 0.04807692307692308 0.038461538461538464
0 0.6802884615384616 0.22596153846153846 0.040865384615384616 0.038461538461538464
0 0.7572115384615384 0.23557692307692307 0.04326923076923077 0.038461538461538464
0 0.7668269230769231 0.21634615384615385 0.028846153846153848 0.03365384615384615
0 0.8197115384615384 0.22355769230769232 0.028846153846153848 0.036057692307692304
1 0.3485576923076923 0.8882211538461539 0.03365384615384615 0.040865384615384616
0 0.6875 0.6947115384615384 0.06971153846153846 0.09375