0 0.44471153846153844 0.2932692307692308 0.13221153846153846 0.1466346153846154
0 0.21875 0.24759615384615385 0.125 0.18269230769230768
0 0.3004807692307692 0.30288461538461536 0.12980769230769232 0.1466346153846154
0 0.7860576923076923 0.1875 0.23317307692307693 0.2548076923076923
0 0.6069711538461539 0.27283653846153844 0.13701923076923078 0.17067307692307693
0 0.7884615384615384 0.018028846153846152 0.2403846153846154 0.036057692307692304
0 0.10817307692307693 0.8341346153846154 0.16346153846153846 0.21634615384615385
0 0.75 0.6682692307692307 0.03365384615384615 0.040865384615384616
0 0.7211538461538461 0.6057692307692307 0.028846153846153848 0.03125
0 0.8341346153846154 0.7115384615384616 0.04567307692307692 0.04567307692307692
0 0.8365384615384616 0.6346153846153846 0.03125 0.03125