0 0.2620192307692308 0.4206730769230769 0.12980769230769232 0.15384615384615385
0 0.19951923076923078 0.16826923076923078 0.04567307692307692 0.04807692307692308
0 0.7524038461538461 0.29086538461538464 0.04807692307692308 0.0673076923076923
0 0.41586538461538464 0.3004807692307692 0.03125 0.04567307692307692
0 0.46634615384615385 0.2932692307692308 0.03365384615384615 0.04807692307692308
0 0.5048076923076923 0.3125 0.04567307692307692 0.057692307692307696
0 0.5865384615384616 0.28846153846153844 0.04567307692307692 0.055288461538461536
0 0.7091346153846154 0.3076923076923077 0.036057692307692304 0.05048076923076923
0 0.6826923076923077 0.2932692307692308 0.03125 0.04567307692307692
0 0.8269230769230769 0.29086538461538464 0.036057692307692304 0.04567307692307692
0 0.8677884615384616 0.29086538461538464 0.03365384615384615 0.05048076923076923
0 0.9086538461538461 0.30528846153846156 0.040865384615384616 0.052884615384615384
0 0.9819711538461539 0.28725961538461536 0.03125 0.055288461538461536
0 0.8990384615384616 0.5961538461538461 0.1346153846153846 0.1346153846153846
0 0.9783653846153846 0.6334134615384616 0.038461538461538464 0.17067307692307693