0 0.0889423076923077 0.06490384615384616 0.08413461538461539 0.11778846153846154
0 0.46153846153846156 0.04447115384615385 0.11538461538461539 0.0889423076923077
0 0.24639423076923078 0.057692307692307696 0.0985576923076923 0.11538461538461539
0 0.11538461538461539 0.39663461538461536 0.026442307692307692 0.03365384615384615
0 0.2620192307692308 0.3389423076923077 0.021634615384615384 0.03125
0 0.34134615384615385 0.30528846153846156 0.026442307692307692 0.03365384615384615
0 0.7764423076923077 0.43990384615384615 0.06490384615384616 0.0889423076923077
0 0.7235576923076923 0.43990384615384615 0.055288461538461536 0.07211538461538461
0 0.9903846153846154 0.46033653846153844 0.014423076923076924 0.0889423076923077
0 0.9230769230769231 0.44471153846153844 0.06971153846153846 0.09134615384615384
0 0.8774038461538461 0.4543269230769231 0.04807692307692308 0.08173076923076923