0 0.2620192307692308 0.375 0.08173076923076923 0.10817307692307693
0 0.5504807692307693 0.13942307692307693 0.0985576923076923 0.1346153846153846
0 0.06971153846153846 0.40865384615384615 0.055288461538461536 0.0625
0 0.4254807692307692 0.25721153846153844 0.05048076923076923 0.06971153846153846
0 0.7115384615384616 0.3004807692307692 0.04326923076923077 0.038461538461538464
0 0.0625 0.27403846153846156 0.02403846153846154 0.028846153846153848
0 0.5516826923076923 0.02283653846153846 0.10336538461538461 0.04567307692307692
0 0.8473557692307693 0.171875 0.17548076923076922 0.34375
0 0.734375 0.8016826923076923 0.04567307692307692 0.06971153846153846
0 0.42788461538461536 0.75 0.04807692307692308 0.057692307692307696
0 0.052884615384615384 0.5697115384615384 0.028846153846153848 0.03365384615384615
0 0.11057692307692307 0.6105769230769231 0.026442307692307692 0.028846153846153848
0 0.1971153846153846 0.6346153846153846 0.028846153846153848 0.03125
0 0.5 0.6586538461538461 0.026442307692307692 0.038461538461538464
0 0.75 0.49038461538461536 0.014423076923076924 0.038461538461538464
0 0.6418269230769231 0.5625 0.026442307692307692 0.038461538461538464
0 0.5745192307692307 0.5961538461538461 0.021634615384615384 0.038461538461538464
0 0.5913461538461539 0.6274038461538461 0.028846153846153848 0.03365384615384615