0 0.33533653846153844 0.06129807692307692 0.06009615384615385 0.12259615384615384
0 0.13942307692307693 0.07211538461538461 0.125 0.14423076923076922
0 0.31009615384615385 0.08173076923076923 0.07211538461538461 0.12740384615384615
0 0.5492788461538461 0.20673076923076922 0.3629807692307692 0.41346153846153844
0 0.34134615384615385 0.8966346153846154 0.04807692307692308 0.07211538461538461
0 0.24278846153846154 0.8942307692307693 0.04807692307692308 0.0673076923076923
0 0.010817307692307692 0.9399038461538461 0.021634615384615384 0.057692307692307696
0 0.055288461538461536 0.9615384615384616 0.036057692307692304 0.052884615384615384
0 0.15384615384615385 0.9206730769230769 0.04567307692307692 0.055288461538461536
0 0.29086538461538464 0.9086538461538461 0.04326923076923077 0.057692307692307696
0 0.9014423076923077 0.7163461538461539 0.057692307692307696 0.06490384615384616
0 0.6081730769230769 0.6947115384615384 0.021634615384615384 0.038461538461538464