0 0.1346153846153846 0.0625 0.057692307692307696 0.06971153846153846
0 0.8870192307692307 0.14182692307692307 0.10096153846153846 0.11538461538461539
0 0.7980769230769231 0.16105769230769232 0.07692307692307693 0.08173076923076923
0 0.7043269230769231 0.14182692307692307 0.0625 0.08413461538461539
1 0.5096153846153846 0.11778846153846154 0.09615384615384616 0.10096153846153846
1 0.5673076923076923 0.18269230769230768 0.057692307692307696 0.07692307692307693
1 0.6442307692307693 0.18028846153846154 0.040865384615384616 0.06009615384615385
1 0.3858173076923077 0.7163461538461539 0.036057692307692304 0.07211538461538461
1 0.6634615384615384 0.8004807692307693 0.04567307692307692 0.057692307692307696
1 0.5408653846153846 0.9447115384615384 0.04326923076923077 0.10576923076923077
1 0.40865384615384615 0.7283653846153846 0.03365384615384615 0.05048076923076923
1 0.47115384615384615 0.7331730769230769 0.04567307692307692 0.057692307692307696
1 0.5552884615384616 0.7451923076923077 0.04567307692307692 0.05048076923076923
1 0.8004807692307693 0.7596153846153846 0.03365384615384615 0.04326923076923077