0 0.45913461538461536 0.17307692307692307 0.11057692307692307 0.14182692307692307
0 0.6081730769230769 0.12980769230769232 0.09375 0.125
0 0.33653846153846156 0.1778846153846154 0.08413461538461539 0.11538461538461539
0 0.23076923076923078 0.21875 0.12980769230769232 0.16346153846153846
0 0.29086538461538464 0.10576923076923077 0.07692307692307693 0.0889423076923077
0 0.013221153846153846 0.203125 0.026442307692307692 0.15625
0 0.6694711538461539 0.3786057692307692 0.021634615384615384 0.036057692307692304
0 0.7331730769230769 0.3798076923076923 0.02403846153846154 0.036057692307692304
0 0.7956730769230769 0.375 0.028846153846153848 0.028846153846153848
0 0.8725961538461539 0.375 0.028846153846153848 0.03125
0 0.15384615384615385 0.8942307692307693 0.038461538461538464 0.05048076923076923
0 0.20192307692307693 0.9399038461538461 0.05048076923076923 0.055288461538461536
0 0.34134615384615385 0.8341346153846154 0.05048076923076923 0.04567307692307692
0 0.47596153846153844 0.7740384615384616 0.05048076923076923 0.04567307692307692