0 0.7403846153846154 0.1875 0.03125 0.04807692307692308
0 0.78125 0.1778846153846154 0.04326923076923077 0.057692307692307696
0 0.8341346153846154 0.20432692307692307 0.028846153846153848 0.038461538461538464
0 0.9350961538461539 0.1971153846153846 0.04567307692307692 0.055288461538461536
1 0.6322115384615384 0.7836538461538461 0.0625 0.08413461538461539
1 0.9038461538461539 0.8197115384615384 0.09375 0.09134615384615384
1 0.7956730769230769 0.8149038461538461 0.07932692307692307 0.07692307692307693
1 0.49759615384615385 0.8245192307692307 0.036057692307692304 0.055288461538461536
1 0.5264423076923077 0.8197115384615384 0.028846153846153848 0.055288461538461536
1 0.7163461538461539 0.8269230769230769 0.038461538461538464 0.040865384615384616
1 0.4519230769230769 0.8653846153846154 0.040865384615384616 0.057692307692307696
1 0.96875 0.8389423076923077 0.03365384615384615 0.05048076923076923