0 0.5997596153846154 0.12259615384615384 0.08413461538461539 0.16346153846153846
0 0.6454326923076923 0.020432692307692308 0.10817307692307693 0.040865384615384616
0 0.5300480769230769 0.38341346153846156 0.05048076923076923 0.0985576923076923
0 0.41346153846153844 0.35336538461538464 0.10096153846153846 0.11057692307692307
0 0.010817307692307692 0.38100961538461536 0.021634615384615384 0.13701923076923078
0 0.16105769230769232 0.3581730769230769 0.0889423076923077 0.1201923076923077
0 0.25721153846153844 0.3942307692307692 0.08653846153846154 0.10576923076923077
0 0.026442307692307692 0.4110576923076923 0.052884615384615384 0.07932692307692307
1 0.78125 0.6009615384615384 0.07211538461538461 0.08413461538461539
1 0.9158653846153846 0.5865384615384616 0.08653846153846154 0.10576923076923077
1 0.5829326923076923 0.5949519230769231 0.05048076923076923 0.08413461538461539