0 0.3473557692307692 0.453125 0.021634615384615384 0.007211538461538462
0 0.04447115384615385 0.4495192307692308 0.016826923076923076 0.014423076923076924
1 0.5384615384615384 0.36538461538461536 0.06971153846153846 0.0889423076923077
1 0.8317307692307693 0.3870192307692308 0.08173076923076923 0.10576923076923077
1 0.9134615384615384 0.3581730769230769 0.09375 0.1201923076923077
1 0.7572115384615384 0.3870192307692308 0.06490384615384616 0.08173076923076923
1 0.6442307692307693 0.3581730769230769 0.08173076923076923 0.12980769230769232
1 0.6923076923076923 0.36538461538461536 0.05048076923076923 0.09375
0 0.010817307692307692 0.5432692307692307 0.021634615384615384 0.1201923076923077
0 0.08653846153846154 0.6153846153846154 0.08413461538461539 0.09375
0 0.8822115384615384 0.7259615384615384 0.23076923076923078 0.375