0 0.2403846153846154 0.11778846153846154 0.08413461538461539 0.07451923076923077
0 0.03125 0.06129807692307692 0.0625 0.08413461538461539
0 0.7836538461538461 0.34134615384615385 0.07211538461538461 0.09134615384615384
0 0.5216346153846154 0.31490384615384615 0.0673076923076923 0.09134615384615384
0 0.6514423076923077 0.40625 0.07451923076923077 0.07932692307692307
0 0.49038461538461536 0.2956730769230769 0.04567307692307692 0.06490384615384616
0 0.7836538461538461 0.003605769230769231 0.07692307692307693 0.007211538461538462
0 0.5228365384615384 0.016826923076923076 0.07451923076923077 0.03365384615384615
0 0.49278846153846156 0.019230769230769232 0.052884615384615384 0.038461538461538464
0 0.3076923076923077 0.7824519230769231 0.1971153846153846 0.10817307692307693
0 0.6430288461538461 0.9867788461538461 0.11778846153846154 0.021634615384615384
0 0.9579326923076923 0.9807692307692307 0.07932692307692307 0.03365384615384615
0 0.6430288461538461 0.7355769230769231 0.12259615384615384 0.014423076923076924
0 0.9567307692307693 0.7427884615384616 0.08173076923076923 0.028846153846153848