0 0.27163461538461536 0.2932692307692308 0.14182692307692307 0.1778846153846154
0 0.7019230769230769 0.06971153846153846 0.0673076923076923 0.09375
0 0.5829326923076923 0.07451923076923077 0.05048076923076923 0.08653846153846154
1 0.65625 0.15144230769230768 0.06971153846153846 0.09375
1 0.7596153846153846 0.0985576923076923 0.06490384615384616 0.08413461538461539
0 0.0985576923076923 0.6754807692307693 0.07932692307692307 0.09375
1 0.7019230769230769 0.6850961538461539 0.057692307692307696 0.07692307692307693
1 0.9375 0.7163461538461539 0.057692307692307696 0.06971153846153846
1 0.6394230769230769 0.7211538461538461 0.03365384615384615 0.04326923076923077
1 0.6057692307692307 0.7211538461538461 0.028846153846153848 0.04567307692307692
1 0.8197115384615384 0.7043269230769231 0.03365384615384615 0.04567307692307692
1 0.8605769230769231 0.7235576923076923 0.038461538461538464 0.052884615384615384