0 0.05048076923076923 0.15865384615384615 0.10096153846153846 0.14423076923076922
0 0.09375 0.2620192307692308 0.06971153846153846 0.08173076923076923
0 0.17548076923076922 0.2860576923076923 0.052884615384615384 0.0673076923076923
0 0.43990384615384615 0.27884615384615385 0.038461538461538464 0.04807692307692308
0 0.625 0.27884615384615385 0.03125 0.04567307692307692
0 0.25721153846153844 0.2860576923076923 0.028846153846153848 0.04567307692307692
0 0.5745192307692307 0.29086538461538464 0.038461538461538464 0.04567307692307692
0 0.3942307692307692 0.3245192307692308 0.03365384615384615 0.03365384615384615
0 0.2091346153846154 0.30288461538461536 0.036057692307692304 0.04567307692307692
0 0.8557692307692307 0.27283653846153844 0.27403846153846156 0.2860576923076923
0 0.9663461538461539 0.3629807692307692 0.0625 0.10576923076923077
0 0.8569711538461539 0.054086538461538464 0.2764423076923077 0.10817307692307693
1 0.13221153846153846 0.6658653846153846 0.1466346153846154 0.17307692307692307
1 0.3557692307692308 0.6105769230769231 0.125 0.13942307692307693
1 0.021634615384615384 0.6887019230769231 0.04326923076923077 0.07451923076923077
1 0.6298076923076923 0.6875 0.10336538461538461 0.12740384615384615
1 0.8125 0.7475961538461539 0.03365384615384615 0.04326923076923077
1 0.8221153846153846 0.7788461538461539 0.04807692307692308 0.05048076923076923
1 0.9771634615384616 0.8185096153846154 0.040865384615384616 0.04567307692307692