0 0.7103365384615384 0.21995192307692307 0.18028846153846154 0.19471153846153846
0 0.875 0.0889423076923077 0.11778846153846154 0.10576923076923077
0 0.35336538461538464 0.4879807692307692 0.0673076923076923 0.0985576923076923
0 0.4855769230769231 0.5144230769230769 0.10096153846153846 0.18269230769230768
0 0.25 0.5120192307692307 0.09134615384615384 0.10817307692307693
0 0.18028846153846154 0.5817307692307693 0.125 0.15144230769230768
0 0.3076923076923077 0.5216346153846154 0.04326923076923077 0.06490384615384616
0 0.015625 0.5456730769230769 0.03125 0.057692307692307696
0 0.07692307692307693 0.5456730769230769 0.03365384615384615 0.04807692307692308
0 0.11538461538461539 0.5384615384615384 0.038461538461538464 0.052884615384615384
0 0.3545673076923077 0.36177884615384615 0.06971153846153846 0.08413461538461539
0 0.4855769230769231 0.3701923076923077 0.10096153846153846 0.10096153846153846
0 0.2512019230769231 0.35216346153846156 0.09375 0.06490384615384616
0 0.1814903846153846 0.3293269230769231 0.13221153846153846 0.019230769230769232
0 0.3088942307692308 0.33653846153846156 0.04567307692307692 0.03365384615384615
0 0.11658653846153846 0.32572115384615385 0.040865384615384616 0.01201923076923077
0 0.7115384615384616 0.6370192307692307 0.03365384615384615 0.04807692307692308
0 0.6802884615384616 0.6322115384615384 0.03365384615384615 0.04567307692307692
0 0.7740384615384616 0.6394230769230769 0.038461538461538464 0.04567307692307692
0 0.8125 0.6274038461538461 0.03365384615384615 0.04326923076923077
0 0.8629807692307693 0.6322115384615384 0.04326923076923077 0.057692307692307696
0 0.9254807692307693 0.5961538461538461 0.09134615384615384 0.10336538461538461
0 0.96875 0.6225961538461539 0.036057692307692304 0.052884615384615384