0 0.9302884615384616 0.35096153846153844 0.09375 0.08173076923076923
0 0.6754807692307693 0.15384615384615385 0.03365384615384615 0.04326923076923077
0 0.16826923076923078 0.7692307692307693 0.08173076923076923 0.09375
0 0.27403846153846156 0.8725961538461539 0.06971153846153846 0.08173076923076923
0 0.28125 0.9735576923076923 0.08173076923076923 0.04807692307692308
1 0.33653846153846156 0.875 0.06009615384615385 0.06009615384615385
1 0.46634615384615385 0.7956730769230769 0.04807692307692308 0.04807692307692308
0 0.40865384615384615 0.8677884615384616 0.055288461538461536 0.055288461538461536
1 0.40625 0.7283653846153846 0.057692307692307696 0.0673076923076923
0 0.5961538461538461 0.7043269230769231 0.07932692307692307 0.10817307692307693
0 0.7475961538461539 0.6778846153846154 0.12259615384615384 0.14182692307692307