0 0.3245192307692308 0.44711538461538464 0.07932692307692307 0.08413461538461539
1 0.3233173076923077 0.4951923076923077 0.08413461538461539 0.04326923076923077
0 0.8413461538461539 0.15384615384615385 0.0673076923076923 0.08173076923076923
0 0.9639423076923077 0.07451923076923077 0.057692307692307696 0.057692307692307696
0 0.6875 0.04326923076923077 0.040865384615384616 0.057692307692307696
0 0.7620192307692307 0.038461538461538464 0.040865384615384616 0.04807692307692308
0 0.3762019230769231 0.5612980769230769 0.06009615384615385 0.08413461538461539
0 0.44471153846153844 0.578125 0.11057692307692307 0.11778846153846154
0 0.3004807692307692 0.5721153846153846 0.04567307692307692 0.0625
0 0.17548076923076922 0.6033653846153846 0.03125 0.03365384615384615
0 0.24519230769230768 0.5745192307692307 0.03365384615384615 0.04807692307692308
0 0.12259615384615384 0.6009615384615384 0.026442307692307692 0.036057692307692304
0 0.07211538461538461 0.6033653846153846 0.026442307692307692 0.03365384615384615
1 0.9423076923076923 0.6057692307692307 0.04567307692307692 0.052884615384615384
1 0.7091346153846154 0.59375 0.038461538461538464 0.057692307692307696
1 0.7932692307692307 0.6298076923076923 0.03365384615384615 0.040865384615384616
1 0.8725961538461539 0.6610576923076923 0.026442307692307692 0.03365384615384615