0 0.1466346153846154 0.5336538461538461 0.1875 0.1971153846153846
0 0.5384615384615384 0.6418269230769231 0.055288461538461536 0.07692307692307693
0 0.59375 0.6538461538461539 0.04326923076923077 0.0625
0 0.9038461538461539 0.6418269230769231 0.04326923076923077 0.05048076923076923
0 0.3701923076923077 0.6694711538461539 0.04326923076923077 0.05048076923076923
0 0.4375 0.6658653846153846 0.04326923076923077 0.04567307692307692
0 0.6730769230769231 0.6538461538461539 0.052884615384615384 0.04807692307692308
0 0.7427884615384616 0.6538461538461539 0.040865384615384616 0.04567307692307692
0 0.8317307692307693 0.6274038461538461 0.036057692307692304 0.057692307692307696
0 0.8677884615384616 0.625 0.03125 0.057692307692307696
0 0.9471153846153846 0.6370192307692307 0.04326923076923077 0.057692307692307696