1 0.054086538461538464 0.014423076923076924 0.08413461538461539 0.028846153846153848
1 0.7668269230769231 0.06490384615384616 0.06490384615384616 0.08413461538461539
1 0.6550480769230769 0.03245192307692308 0.07451923076923077 0.06490384615384616
1 0.5841346153846154 0.039663461538461536 0.07211538461538461 0.07932692307692307
1 0.8918269230769231 0.05048076923076923 0.0673076923076923 0.08413461538461539
1 0.984375 0.06129807692307692 0.026442307692307692 0.07451923076923077
1 0.9519230769230769 0.05048076923076923 0.04567307692307692 0.0625
1 0.8774038461538461 0.026442307692307692 0.0625 0.052884615384615384
1 0.7091346153846154 0.055288461538461536 0.03365384615384615 0.055288461538461536
0 0.41346153846153844 0.6274038461538461 0.052884615384615384 0.0673076923076923
0 0.36538461538461536 0.6466346153846154 0.05048076923076923 0.07451923076923077
0 0.038461538461538464 0.6514423076923077 0.038461538461538464 0.05048076923076923
0 0.08653846153846154 0.6442307692307693 0.038461538461538464 0.05048076923076923
0 0.125 0.6538461538461539 0.03125 0.05048076923076923
0 0.9615384615384616 0.7896634615384616 0.07211538461538461 0.08413461538461539