0 0.28125 0.2548076923076923 0.055288461538461536 0.08653846153846154
0 0.38221153846153844 0.2692307692307692 0.052884615384615384 0.06971153846153846
0 0.6165865384615384 0.2692307692307692 0.021634615384615384 0.07211538461538461
0 0.6911057692307693 0.03485576923076923 0.10817307692307693 0.06971153846153846
0 0.5216346153846154 0.7019230769230769 0.07932692307692307 0.07932692307692307
0 0.32211538461538464 0.7235576923076923 0.06009615384615385 0.07692307692307693
0 0.1658653846153846 0.7043269230769231 0.05048076923076923 0.0625
0 0.09134615384615384 0.6899038461538461 0.04807692307692308 0.057692307692307696
0 0.7716346153846154 0.5168269230769231 0.06971153846153846 0.09134615384615384
0 0.9675480769230769 0.48677884615384615 0.06009615384615385 0.055288461538461536
0 0.7091346153846154 0.5120192307692307 0.06009615384615385 0.08413461538461539
0 0.6418269230769231 0.49759615384615385 0.02403846153846154 0.07692307692307693