0 0.1201923076923077 0.1466346153846154 0.15144230769230768 0.18269230769230768
0 0.6538461538461539 0.21153846153846154 0.06490384615384616 0.09375
0 0.8076923076923077 0.1778846153846154 0.055288461538461536 0.07211538461538461
0 0.12620192307692307 0.953125 0.07932692307692307 0.0889423076923077
0 0.31490384615384615 0.9423076923076923 0.08173076923076923 0.0985576923076923
0 0.04807692307692308 0.9639423076923077 0.09615384615384616 0.0673076923076923
0 0.25961538461538464 0.8389423076923077 0.06490384615384616 0.09375
0 0.13221153846153846 0.8052884615384616 0.05048076923076923 0.08413461538461539
0 0.31490384615384615 0.7788461538461539 0.052884615384615384 0.07211538461538461
0 0.5480769230769231 0.7740384615384616 0.06009615384615385 0.09375
0 0.49038461538461536 0.9615384615384616 0.09615384615384616 0.07211538461538461