1 0.055288461538461536 0.018028846153846152 0.09615384615384616 0.036057692307692304
1 0.30408653846153844 0.02283653846153846 0.06009615384615385 0.04567307692307692
1 0.22956730769230768 0.01201923076923077 0.10336538461538461 0.02403846153846154
1 0.41586538461538464 0.02403846153846154 0.09615384615384616 0.04807692307692308
1 0.14903846153846154 0.02403846153846154 0.04326923076923077 0.04807692307692308
1 0.46153846153846156 0.030048076923076924 0.028846153846153848 0.06009615384615385
1 0.5973557692307693 0.007211538461538462 0.026442307692307692 0.014423076923076924
1 0.6394230769230769 0.009615384615384616 0.03365384615384615 0.019230769230769232
1 0.6694711538461539 0.008413461538461538 0.026442307692307692 0.016826923076923076
1 0.7199519230769231 0.006009615384615385 0.026442307692307692 0.01201923076923077
1 0.7487980769230769 0.010817307692307692 0.036057692307692304 0.021634615384615384
1 0.7860576923076923 0.007211538461538462 0.03365384615384615 0.014423076923076924
0 0.4411057692307692 0.6850961538461539 0.06971153846153846 0.09615384615384616