0 0.9158653846153846 0.12259615384615384 0.057692307692307696 0.07211538461538461
0 0.9903846153846154 0.1201923076923077 0.014423076923076924 0.07692307692307693
0 0.8173076923076923 0.12259615384615384 0.052884615384615384 0.0673076923076923
0 0.6610576923076923 0.1346153846153846 0.052884615384615384 0.06490384615384616
0 0.7451923076923077 0.13942307692307693 0.055288461538461536 0.0673076923076923
0 0.5841346153846154 0.13221153846153846 0.04567307692307692 0.06009615384615385
0 0.5108173076923077 0.15625 0.04567307692307692 0.0625
0 0.453125 0.5228365384615384 0.06490384615384616 0.10817307692307693
0 0.33653846153846156 0.5096153846153846 0.08653846153846154 0.10336538461538461
0 0.8846153846153846 0.5721153846153846 0.15384615384615385 0.16826923076923078
0 0.7956730769230769 0.6634615384615384 0.07211538461538461 0.0889423076923077
0 0.6971153846153846 0.6033653846153846 0.125 0.16105769230769232
0 0.5144230769230769 0.6358173076923077 0.052884615384615384 0.13701923076923078
0 0.6346153846153846 0.6610576923076923 0.06971153846153846 0.08653846153846154
0 0.5576923076923077 0.6850961538461539 0.06490384615384616 0.0889423076923077