0 0.4266826923076923 0.27163461538461536 0.07932692307692307 0.11538461538461539
0 0.19230769230769232 0.15625 0.10576923076923077 0.10576923076923077
0 0.5649038461538461 0.07932692307692307 0.1201923076923077 0.15865384615384615
0 0.04326923076923077 0.5576923076923077 0.0673076923076923 0.10096153846153846
0 0.17307692307692307 0.5348557692307693 0.1778846153846154 0.11298076923076923
1 0.9519230769230769 0.5252403846153846 0.08173076923076923 0.09375
1 0.6610576923076923 0.5216346153846154 0.057692307692307696 0.08173076923076923
1 0.5528846153846154 0.5072115384615384 0.09615384615384616 0.057692307692307696
1 0.7956730769230769 0.5408653846153846 0.052884615384615384 0.07692307692307693
1 0.8725961538461539 0.53125 0.055288461538461536 0.0673076923076923
1 0.7596153846153846 0.5408653846153846 0.04326923076923077 0.06971153846153846
1 0.7283653846153846 0.5408653846153846 0.026442307692307692 0.04567307692307692