0 0.578125 0.34615384615384615 0.07932692307692307 0.0625
0 0.44591346153846156 0.3317307692307692 0.0985576923076923 0.09134615384615384
0 0.6129807692307693 0.31009615384615385 0.038461538461538464 0.05048076923076923
0 0.6514423076923077 0.27884615384615385 0.04567307692307692 0.04567307692307692
1 0.25240384615384615 0.6346153846153846 0.0889423076923077 0.10576923076923077
1 0.018028846153846152 0.5757211538461539 0.036057692307692304 0.12259615384615384
1 0.15384615384615385 0.6153846153846154 0.07692307692307693 0.0889423076923077
0 0.11057692307692307 0.6442307692307693 0.055288461538461536 0.08173076923076923
0 0.3798076923076923 0.7572115384615384 0.028846153846153848 0.040865384615384616
0 0.5336538461538461 0.7596153846153846 0.021634615384615384 0.03125
0 0.4543269230769231 0.7620192307692307 0.03365384615384615 0.036057692307692304
1 0.4855769230769231 0.7524038461538461 0.03365384615384615 0.04567307692307692
1 0.5985576923076923 0.7644230769230769 0.03365384615384615 0.03365384615384615
1 0.6802884615384616 0.7692307692307693 0.026442307692307692 0.03125
1 0.7403846153846154 0.78125 0.03125 0.040865384615384616