0 0.2091346153846154 0.23317307692307693 0.1466346153846154 0.19230769230769232
0 0.21033653846153846 0.06370192307692307 0.15144230769230768 0.12740384615384615
0 0.7776442307692307 0.30408653846153844 0.19951923076923078 0.1466346153846154
0 0.5985576923076923 0.25841346153846156 0.15865384615384615 0.23798076923076922
0 0.9158653846153846 0.25 0.16346153846153846 0.20192307692307693
0 0.5997596153846154 0.04326923076923077 0.16105769230769232 0.08653846153846154
0 0.9158653846153846 0.037259615384615384 0.16346153846153846 0.07451923076923077
0 0.04807692307692308 0.7235576923076923 0.0889423076923077 0.08173076923076923
0 0.20432692307692307 0.6706730769230769 0.125 0.13701923076923078
0 0.4519230769230769 0.7451923076923077 0.057692307692307696 0.07211538461538461
0 0.78125 0.5552884615384616 0.0625 0.07451923076923077
0 0.9903846153846154 0.5564903846153846 0.014423076923076924 0.06971153846153846
0 0.9375 0.5721153846153846 0.04807692307692308 0.06490384615384616