0 0.43509615384615385 0.4411057692307692 0.125 0.06971153846153846
0 0.21875 0.17067307692307693 0.11538461538461539 0.1201923076923077
0 0.34615384615384615 0.09134615384615384 0.036057692307692304 0.04807692307692308
0 0.18269230769230768 0.08173076923076923 0.03125 0.036057692307692304
0 0.06009615384615385 0.07692307692307693 0.040865384615384616 0.04567307692307692
0 0.34615384615384615 0.006009615384615385 0.038461538461538464 0.01201923076923077
0 0.18269230769230768 0.007211538461538462 0.03365384615384615 0.014423076923076924
0 0.06009615384615385 0.01201923076923077 0.04326923076923077 0.02403846153846154
0 0.6658653846153846 0.41346153846153844 0.09375 0.09134615384615384
0 0.8125 0.8485576923076923 0.04807692307692308 0.06490384615384616
0 0.5144230769230769 0.8197115384615384 0.028846153846153848 0.057692307692307696
0 0.6081730769230769 0.8413461538461539 0.05048076923076923 0.052884615384615384
0 0.6947115384615384 0.8533653846153846 0.04567307692307692 0.055288461538461536