0 0.2980769230769231 0.20673076923076922 0.04807692307692308 0.0673076923076923
0 0.14903846153846154 0.2091346153846154 0.04567307692307692 0.057692307692307696
0 0.06971153846153846 0.21394230769230768 0.03125 0.04567307692307692
0 0.2403846153846154 0.20432692307692307 0.028846153846153848 0.04807692307692308
0 0.21634615384615385 0.21634615384615385 0.040865384615384616 0.057692307692307696
0 0.6009615384615384 0.09134615384615384 0.04807692307692308 0.0673076923076923
0 0.734375 0.020432692307692308 0.07451923076923077 0.040865384615384616
0 0.6466346153846154 0.1201923076923077 0.028846153846153848 0.040865384615384616
0 0.6923076923076923 0.1346153846153846 0.02403846153846154 0.04326923076923077
0 0.028846153846153848 0.40865384615384615 0.04326923076923077 0.05048076923076923
0 0.20673076923076922 0.43990384615384615 0.036057692307692304 0.040865384615384616
0 0.33413461538461536 0.4254807692307692 0.028846153846153848 0.028846153846153848
0 0.27163461538461536 0.4326923076923077 0.019230769230769232 0.028846153846153848
0 0.7331730769230769 0.5480769230769231 0.1658653846153846 0.16346153846153846