0 0.6538461538461539 0.18028846153846154 0.04807692307692308 0.18269230769230768
0 0.9711538461538461 0.25721153846153844 0.052884615384615384 0.09134615384615384
0 0.8822115384615384 0.1971153846153846 0.125 0.16105769230769232
0 0.6826923076923077 0.2283653846153846 0.08413461538461539 0.1346153846153846
0 0.8197115384615384 0.2548076923076923 0.06971153846153846 0.08653846153846154
0 0.7427884615384616 0.27884615384615385 0.06490384615384616 0.0889423076923077
0 0.09615384615384616 0.5096153846153846 0.08173076923076923 0.10576923076923077
0 0.23076923076923078 0.49278846153846156 0.0673076923076923 0.07451923076923077
0 0.33653846153846156 0.4855769230769231 0.11057692307692307 0.14903846153846154
0 0.4110576923076923 0.5048076923076923 0.06009615384615385 0.07451923076923077
0 0.5528846153846154 0.5048076923076923 0.07451923076923077 0.0985576923076923
0 0.6009615384615384 0.484375 0.052884615384615384 0.15144230769230768