1 0.19951923076923078 0.13942307692307693 0.055288461538461536 0.06971153846153846
1 0.10336538461538461 0.16105769230769232 0.038461538461538464 0.055288461538461536
1 0.015625 0.15865384615384615 0.03125 0.04326923076923077
0 0.8028846153846154 0.27884615384615385 0.07211538461538461 0.08173076923076923
0 0.125 0.65625 0.08173076923076923 0.09375
0 0.23076923076923078 0.7596153846153846 0.06971153846153846 0.08173076923076923
0 0.23798076923076922 0.8653846153846154 0.07932692307692307 0.055288461538461536
1 0.2932692307692308 0.7620192307692307 0.06009615384615385 0.06009615384615385
1 0.4230769230769231 0.6826923076923077 0.04807692307692308 0.04807692307692308
0 0.36538461538461536 0.7548076923076923 0.055288461538461536 0.055288461538461536
1 0.3629807692307692 0.6153846153846154 0.057692307692307696 0.0673076923076923
0 0.9110576923076923 0.5216346153846154 0.057692307692307696 0.07692307692307693
0 0.8197115384615384 0.4879807692307692 0.06971153846153846 0.10096153846153846
0 0.6442307692307693 0.47115384615384615 0.08413461538461539 0.11057692307692307
0 0.8894230769230769 0.4951923076923077 0.038461538461538464 0.057692307692307696