1 0.2283653846153846 0.22115384615384615 0.06971153846153846 0.08653846153846154
1 0.3942307692307692 0.25 0.0673076923076923 0.07932692307692307
1 0.02403846153846154 0.23557692307692307 0.04807692307692308 0.09615384615384616
1 0.5985576923076923 0.2620192307692308 0.06009615384615385 0.06971153846153846
1 0.5 0.27163461538461536 0.05048076923076923 0.06009615384615385
1 0.31971153846153844 0.27163461538461536 0.04326923076923077 0.05048076923076923
0 0.5 0.4879807692307692 0.11538461538461539 0.09615384615384616
0 0.6911057692307693 0.7548076923076923 0.04567307692307692 0.08173076923076923
0 0.8725961538461539 0.7716346153846154 0.04807692307692308 0.057692307692307696
0 0.9891826923076923 0.7728365384615384 0.016826923076923076 0.06490384615384616
0 0.7908653846153846 0.7644230769230769 0.04807692307692308 0.057692307692307696
0 0.6923076923076923 0.4579326923076923 0.04807692307692308 0.036057692307692304
0 0.8737980769230769 0.44471153846153844 0.055288461538461536 0.009615384615384616
0 0.9879807692307693 0.44591346153846156 0.019230769230769232 0.01201923076923077
0 0.7908653846153846 0.4483173076923077 0.052884615384615384 0.016826923076923076