0 0.30288461538461536 0.32211538461538464 0.057692307692307696 0.05048076923076923
0 0.41346153846153844 0.4110576923076923 0.040865384615384616 0.04807692307692308
0 0.37740384615384615 0.3269230769230769 0.04567307692307692 0.04567307692307692
0 0.47115384615384615 0.3317307692307692 0.04567307692307692 0.055288461538461536
0 0.019230769230769232 0.7055288461538461 0.038461538461538464 0.0889423076923077
0 0.20192307692307693 0.7331730769230769 0.04567307692307692 0.055288461538461536
0 0.16346153846153846 0.7788461538461539 0.036057692307692304 0.04326923076923077
0 0.23557692307692307 0.75 0.028846153846153848 0.03365384615384615
0 0.33413461538461536 0.7860576923076923 0.04807692307692308 0.038461538461538464
0 0.33653846153846156 0.7211538461538461 0.040865384615384616 0.038461538461538464
0 0.41346153846153844 0.7307692307692307 0.04326923076923077 0.038461538461538464
0 0.4230769230769231 0.7115384615384616 0.028846153846153848 0.03365384615384615
0 0.47596153846153844 0.71875 0.028846153846153848 0.036057692307692304
1 0.8677884615384616 0.6490384615384616 0.07932692307692307 0.0985576923076923
1 0.6274038461538461 0.6274038461538461 0.019230769230769232 0.10576923076923077
1 0.9807692307692307 0.6574519230769231 0.03365384615384615 0.12259615384615384