0 0.07451923076923077 0.25721153846153844 0.03125 0.040865384615384616
0 0.12980769230769232 0.21394230769230768 0.057692307692307696 0.06009615384615385
0 0.28846153846153844 0.25240384615384615 0.03125 0.052884615384615384
0 0.39663461538461536 0.25961538461538464 0.04567307692307692 0.05048076923076923
0 0.40865384615384615 0.23557692307692307 0.03365384615384615 0.040865384615384616
1 0.3629807692307692 0.25240384615384615 0.03125 0.04326923076923077
1 0.24278846153846154 0.25961538461538464 0.05048076923076923 0.057692307692307696
1 0.1778846153846154 0.24759615384615385 0.026442307692307692 0.040865384615384616
0 0.5324519230769231 0.5576923076923077 0.026442307692307692 0.04807692307692308
0 0.90625 0.45913461538461536 0.028846153846153848 0.03125
0 0.59375 0.7584134615384616 0.14903846153846154 0.3004807692307692