0 0.06850961538461539 0.054086538461538464 0.13701923076923078 0.10817307692307693
0 0.17307692307692307 0.04807692307692308 0.1201923076923077 0.09615384615384616
1 0.2091346153846154 0.43028846153846156 0.0673076923076923 0.0625
1 0.09735576923076923 0.40865384615384615 0.07451923076923077 0.019230769230769232
1 0.03125 0.41586538461538464 0.0625 0.03365384615384615
1 0.15264423076923078 0.4182692307692308 0.036057692307692304 0.038461538461538464
0 0.49038461538461536 0.8100961538461539 0.04326923076923077 0.052884615384615384
0 0.39903846153846156 0.8509615384615384 0.03365384615384615 0.040865384615384616
0 0.8413461538461539 0.8942307692307693 0.038461538461538464 0.040865384615384616
0 0.9110576923076923 0.7475961538461539 0.03365384615384615 0.038461538461538464
0 0.8052884615384616 0.7668269230769231 0.040865384615384616 0.040865384615384616
0 0.71875 0.7932692307692307 0.03365384615384615 0.04326923076923077
0 0.5913461538461539 0.8028846153846154 0.04807692307692308 0.05048076923076923
0 0.5576923076923077 0.8052884615384616 0.036057692307692304 0.04567307692307692
1 0.4375 0.8533653846153846 0.028846153846153848 0.036057692307692304
1 0.6538461538461539 0.7884615384615384 0.040865384615384616 0.04567307692307692