1 0.36899038461538464 0.38341346153846156 0.036057692307692304 0.026442307692307692
1 0.5168269230769231 0.38221153846153844 0.038461538461538464 0.028846153846153848
1 0.6045673076923077 0.38461538461538464 0.040865384615384616 0.02403846153846154
1 0.6971153846153846 0.38461538461538464 0.04807692307692308 0.02403846153846154
1 0.8329326923076923 0.38100961538461536 0.04567307692307692 0.03125
1 0.8004807692307693 0.46634615384615385 0.06971153846153846 0.07932692307692307
1 0.9375 0.4855769230769231 0.0625 0.07692307692307693
1 0.6418269230769231 0.4735576923076923 0.0625 0.06971153846153846
1 0.9795673076923077 0.4831730769230769 0.036057692307692304 0.07692307692307693
1 0.8701923076923077 0.46875 0.057692307692307696 0.0673076923076923
1 0.5360576923076923 0.5024038461538461 0.04326923076923077 0.052884615384615384