0 0.38822115384615385 0.01201923076923077 0.06009615384615385 0.02403846153846154
0 0.4651442307692308 0.020432692307692308 0.055288461538461536 0.040865384615384616
0 0.7295673076923077 0.01201923076923077 0.040865384615384616 0.02403846153846154
0 0.9134615384615384 0.010817307692307692 0.03365384615384615 0.021634615384615384
0 0.546875 0.014423076923076924 0.03125 0.028846153846153848
0 0.8641826923076923 0.016826923076923076 0.040865384615384616 0.03365384615384615
0 0.6826923076923077 0.04326923076923077 0.03365384615384615 0.03365384615384615
0 0.49759615384615385 0.02283653846153846 0.038461538461538464 0.04567307692307692
0 0.24278846153846154 0.5408653846153846 0.04807692307692308 0.057692307692307696
0 0.03365384615384615 0.53125 0.052884615384615384 0.06009615384615385
0 0.0673076923076923 0.5480769230769231 0.03365384615384615 0.04326923076923077
0 0.36899038461538464 0.5204326923076923 0.021634615384615384 0.07451923076923077
0 0.8605769230769231 0.8149038461538461 0.07692307692307693 0.09375