0 0.14903846153846154 0.2956730769230769 0.125 0.15144230769230768
0 0.2764423076923077 0.30528846153846156 0.09134615384615384 0.11778846153846154
0 0.8822115384615384 0.4423076923076923 0.036057692307692304 0.03365384615384615
0 0.4831730769230769 0.5288461538461539 0.03365384615384615 0.014423076923076924
0 0.5432692307692307 0.37259615384615385 0.036057692307692304 0.036057692307692304
0 0.6658653846153846 0.28125 0.038461538461538464 0.03365384615384615
0 0.6682692307692307 0.375 0.038461538461538464 0.038461538461538464
0 0.5360576923076923 0.2620192307692308 0.026442307692307692 0.028846153846153848
0 0.5697115384615384 0.24759615384615385 0.036057692307692304 0.03365384615384615
0 0.6153846153846154 0.2403846153846154 0.03125 0.040865384615384616
0 0.0673076923076923 0.875 0.1346153846153846 0.22115384615384615
0 0.32091346153846156 0.9759615384615384 0.06490384615384616 0.04326923076923077
0 0.3858173076923077 0.9435096153846154 0.021634615384615384 0.055288461538461536
0 0.06971153846153846 0.5973557692307693 0.13942307692307693 0.11778846153846154
0 0.5168269230769231 0.6514423076923077 0.055288461538461536 0.08413461538461539
0 0.8870192307692307 0.6370192307692307 0.06971153846153846 0.08413461538461539
0 0.6682692307692307 0.6298076923076923 0.06009615384615385 0.08173076923076923
0 0.7379807692307693 0.65625 0.052884615384615384 0.06971153846153846
0 0.7884615384615384 0.6514423076923077 0.04567307692307692 0.06971153846153846
0 0.4266826923076923 0.6598557692307693 0.055288461538461536 0.07451923076923077
0 0.46634615384615385 0.6538461538461539 0.03365384615384615 0.06971153846153846
0 0.6346153846153846 0.6658653846153846 0.03125 0.04326923076923077
0 0.9302884615384616 0.6586538461538461 0.040865384615384616 0.0673076923076923
0 0.6057692307692307 0.6730769230769231 0.026442307692307692 0.040865384615384616