0 0.7692307692307693 0.17307692307692307 0.22115384615384615 0.28846153846153844
0 0.11778846153846154 0.4855769230769231 0.04326923076923077 0.06490384615384616
0 0.0673076923076923 0.36778846153846156 0.03365384615384615 0.040865384615384616
0 0.04447115384615385 0.34615384615384615 0.036057692307692304 0.052884615384615384
0 0.3269230769230769 0.6057692307692307 0.040865384615384616 0.06490384615384616
0 0.5120192307692307 0.6105769230769231 0.052884615384615384 0.055288461538461536
0 0.2860576923076923 0.49759615384615385 0.04326923076923077 0.057692307692307696
0 0.34615384615384615 0.5048076923076923 0.05048076923076923 0.06490384615384616
0 0.5216346153846154 0.5024038461538461 0.04807692307692308 0.057692307692307696
0 0.5625 0.49759615384615385 0.03125 0.04807692307692308
0 0.9663461538461539 0.390625 0.0625 0.06971153846153846
0 0.9663461538461539 0.3389423076923077 0.0625 0.038461538461538464