0 0.3629807692307692 0.021634615384615384 0.1778846153846154 0.04326923076923077
0 0.4375 0.9158653846153846 0.0673076923076923 0.08653846153846154
0 0.10096153846153846 0.8894230769230769 0.0673076923076923 0.06971153846153846
0 0.07932692307692307 0.9543269230769231 0.1201923076923077 0.08653846153846154
0 0.25961538461538464 0.9519230769230769 0.10576923076923077 0.09134615384615384
0 0.021634615384615384 0.9411057692307693 0.04326923076923077 0.07932692307692307
0 0.008413461538461538 0.8689903846153846 0.016826923076923076 0.06009615384615385
0 0.25961538461538464 0.8461538461538461 0.03125 0.03365384615384615
0 0.3581730769230769 0.875 0.036057692307692304 0.036057692307692304
0 0.40384615384615385 0.875 0.03365384615384615 0.04326923076923077
0 0.6586538461538461 0.90625 0.040865384615384616 0.040865384615384616
0 0.5649038461538461 0.8822115384615384 0.028846153846153848 0.038461538461538464
0 0.5264423076923077 0.8918269230769231 0.03125 0.04326923076923077
0 0.47836538461538464 0.8846153846153846 0.03125 0.038461538461538464
0 0.9435096153846154 0.6262019230769231 0.10817307692307693 0.25240384615384615