0 0.21634615384615385 0.057692307692307696 0.11538461538461539 0.11538461538461539
0 0.7536057692307693 0.3701923076923077 0.06009615384615385 0.052884615384615384
1 0.18990384615384615 0.5793269230769231 0.07692307692307693 0.09615384615384616
1 0.39663461538461536 0.6153846153846154 0.08173076923076923 0.09615384615384616
0 0.5144230769230769 0.5793269230769231 0.07211538461538461 0.1875
0 0.8701923076923077 0.5384615384615384 0.0625 0.10336538461538461
0 0.625 0.53125 0.057692307692307696 0.07211538461538461
0 0.6899038461538461 0.53125 0.036057692307692304 0.06009615384615385
0 0.9651442307692307 0.5552884615384616 0.06490384615384616 0.12980769230769232
1 0.5697115384615384 0.6009615384615384 0.07692307692307693 0.125
1 0.6466346153846154 0.625 0.0673076923076923 0.09615384615384616
1 0.7403846153846154 0.5336538461538461 0.03125 0.04326923076923077
1 0.8028846153846154 0.5432692307692307 0.04807692307692308 0.057692307692307696
0 0.5168269230769231 0.4362980769230769 0.07692307692307693 0.07451923076923077
0 0.8713942307692307 0.43509615384615385 0.06490384615384616 0.07211538461538461
0 0.6262019230769231 0.43149038461538464 0.06009615384615385 0.06490384615384616
0 0.6899038461538461 0.42788461538461536 0.038461538461538464 0.057692307692307696
0 0.9651442307692307 0.4326923076923077 0.06490384615384616 0.0673076923076923
1 0.5697115384615384 0.4110576923076923 0.08173076923076923 0.02403846153846154
1 0.7403846153846154 0.4230769230769231 0.03125 0.04326923076923077
1 0.8040865384615384 0.421875 0.05048076923076923 0.04567307692307692