0 0.11057692307692307 0.25721153846153844 0.055288461538461536 0.07211538461538461
1 0.8846153846153846 0.23317307692307693 0.08413461538461539 0.0985576923076923
1 0.7716346153846154 0.24759615384615385 0.09134615384615384 0.10576923076923077
1 0.6899038461538461 0.21634615384615385 0.09615384615384616 0.11778846153846154
1 0.20552884615384615 0.41466346153846156 0.07932692307692307 0.03125
1 0.38822115384615385 0.42427884615384615 0.13701923076923078 0.05048076923076923
1 0.5096153846153846 0.4495192307692308 0.07211538461538461 0.08653846153846154
1 0.08413461538461539 0.4266826923076923 0.08173076923076923 0.055288461538461536
0 0.7139423076923077 0.6899038461538461 0.07211538461538461 0.07692307692307693
0 0.7139423076923077 0.5865384615384616 0.057692307692307696 0.06490384615384616
0 0.7836538461538461 0.4254807692307692 0.03125 0.052884615384615384
0 0.8413461538461539 0.6538461538461539 0.04807692307692308 0.052884615384615384
0 0.9735576923076923 0.5697115384615384 0.040865384615384616 0.04567307692307692
0 0.9855769230769231 0.5432692307692307 0.02403846153846154 0.04807692307692308