0 0.11298076923076923 0.10817307692307693 0.17548076923076922 0.18509615384615385
0 0.5216346153846154 0.0673076923076923 0.0625 0.10336538461538461
0 0.2764423076923077 0.06009615384615385 0.057692307692307696 0.07211538461538461
0 0.34134615384615385 0.06009615384615385 0.036057692307692304 0.06009615384615385
0 0.625 0.08413461538461539 0.08173076923076923 0.12740384615384615
1 0.22115384615384615 0.12980769230769232 0.07692307692307693 0.125
1 0.2980769230769231 0.15384615384615385 0.0673076923076923 0.09615384615384616
1 0.3918269230769231 0.0625 0.03125 0.04326923076923077
1 0.4543269230769231 0.07211538461538461 0.04807692307692308 0.057692307692307696
1 0.7139423076923077 0.10576923076923077 0.2091346153846154 0.19471153846153846
0 0.8918269230769231 0.29086538461538464 0.04807692307692308 0.057692307692307696
0 0.8461538461538461 0.3245192307692308 0.03365384615384615 0.04567307692307692
0 0.9495192307692307 0.3293269230769231 0.03125 0.05048076923076923
0 0.9867788461538461 0.3004807692307692 0.021634615384615384 0.052884615384615384
0 0.18509615384615385 0.8028846153846154 0.27884615384615385 0.28365384615384615
0 0.18028846153846154 0.6370192307692307 0.19230769230769232 0.1346153846153846
0 0.43990384615384615 0.6478365384615384 0.14423076923076922 0.15625
0 0.5817307692307693 0.7115384615384616 0.10336538461538461 0.14182692307692307
0 0.6947115384615384 0.6826923076923077 0.13942307692307693 0.1466346153846154
0 0.9675480769230769 0.8112980769230769 0.06009615384615385 0.08413461538461539