0 0.125 0.08653846153846154 0.07451923076923077 0.09134615384615384
0 0.2283653846153846 0.07211538461538461 0.0673076923076923 0.08413461538461539
0 0.27403846153846156 0.14182692307692307 0.08173076923076923 0.09615384615384616
0 0.17427884615384615 0.036057692307692304 0.055288461538461536 0.07211538461538461
0 0.0673076923076923 0.04567307692307692 0.052884615384615384 0.07451923076923077
0 0.9206730769230769 0.21995192307692307 0.15384615384615385 0.19471153846153846
1 0.6610576923076923 0.21875 0.10817307692307693 0.11298076923076923
1 0.49278846153846156 0.2091346153846154 0.07932692307692307 0.10576923076923077
0 0.9206730769230769 0.042067307692307696 0.15384615384615385 0.08413461538461539
1 0.6634615384615384 0.021634615384615384 0.11538461538461539 0.04326923076923077
1 0.49278846153846156 0.02403846153846154 0.08173076923076923 0.04807692307692308
0 0.49038461538461536 0.7668269230769231 0.057692307692307696 0.055288461538461536