0 0.5048076923076923 0.052884615384615384 0.04807692307692308 0.0625
0 0.3605769230769231 0.028846153846153848 0.04326923076923077 0.057692307692307696
0 0.5853365384615384 0.06129807692307692 0.021634615384615384 0.055288461538461536
1 0.29086538461538464 0.04807692307692308 0.0625 0.06971153846153846
0 0.6177884615384616 0.27524038461538464 0.038461538461538464 0.18028846153846154
0 0.96875 0.37740384615384615 0.057692307692307696 0.08173076923076923
0 0.6790865384615384 0.40384615384615385 0.06971153846153846 0.0673076923076923
0 0.8978365384615384 0.42427884615384615 0.06009615384615385 0.026442307692307692
0 0.5288461538461539 0.6322115384615384 0.09375 0.11778846153846154
0 0.2980769230769231 0.8677884615384616 0.11778846153846154 0.1346153846153846
0 0.27884615384615385 0.7259615384615384 0.052884615384615384 0.057692307692307696
0 0.3581730769230769 0.7572115384615384 0.04326923076923077 0.052884615384615384
0 0.5288461538461539 0.5120192307692307 0.09375 0.11778846153846154
0 0.2800480769230769 0.44591346153846156 0.06009615384615385 0.01201923076923077
0 0.7980769230769231 0.5961538461538461 0.39903846153846156 0.3125
0 0.8894230769230769 0.5649038461538461 0.21634615384615385 0.25