0 0.05889423076923077 0.020432692307692308 0.11778846153846154 0.040865384615384616
0 0.3942307692307692 0.027644230769230768 0.10096153846153846 0.055288461538461536
0 0.90625 0.31971153846153844 0.10096153846153846 0.125
0 0.6081730769230769 0.35096153846153844 0.04567307692307692 0.06971153846153846
0 0.7932692307692307 0.28365384615384615 0.11298076923076923 0.14182692307692307
0 0.7331730769230769 0.33413461538461536 0.057692307692307696 0.09134615384615384
0 0.5612980769230769 0.35096153846153844 0.026442307692307692 0.07211538461538461
0 0.6971153846153846 0.35096153846153844 0.03365384615384615 0.08413461538461539
0 0.6682692307692307 0.375 0.04567307692307692 0.06490384615384616
0 0.90625 0.018028846153846152 0.10576923076923077 0.036057692307692304
0 0.7944711538461539 0.039663461538461536 0.11778846153846154 0.07932692307692307
0 0.734375 0.002403846153846154 0.06490384615384616 0.004807692307692308
0 0.7235576923076923 0.6514423076923077 0.06971153846153846 0.08173076923076923
0 0.6526442307692307 0.6189903846153846 0.0889423076923077 0.0985576923076923