0 0.5024038461538461 0.09375 0.07692307692307693 0.10576923076923077
0 0.07091346153846154 0.078125 0.13221153846153846 0.15625
0 0.39663461538461536 0.10096153846153846 0.09134615384615384 0.11057692307692307
0 0.18509615384615385 0.08653846153846154 0.07932692307692307 0.11538461538461539
0 0.32211538461538464 0.10096153846153846 0.06009615384615385 0.08173076923076923
0 0.24519230769230768 0.0985576923076923 0.04567307692307692 0.07932692307692307
0 0.5552884615384616 0.10817307692307693 0.040865384615384616 0.057692307692307696
0 0.6490384615384616 0.08413461538461539 0.05048076923076923 0.0625
0 0.6057692307692307 0.10576923076923077 0.03365384615384615 0.057692307692307696
0 0.2860576923076923 0.11057692307692307 0.03365384615384615 0.06971153846153846
0 0.6959134615384616 0.4074519230769231 0.01201923076923077 0.07932692307692307
0 0.9134615384615384 0.38461538461538464 0.04567307692307692 0.07211538461538461
0 0.7788461538461539 0.4014423076923077 0.04807692307692308 0.06490384615384616
0 0.9747596153846154 0.3942307692307692 0.04567307692307692 0.07211538461538461
0 0.9903846153846154 0.25240384615384615 0.014423076923076924 0.07211538461538461
0 0.8653846153846154 0.39663461538461536 0.04567307692307692 0.06971153846153846
0 0.9182692307692307 0.13942307692307693 0.04807692307692308 0.07211538461538461
0 0.75 0.28125 0.04326923076923077 0.07451923076923077
0 0.8557692307692307 0.2668269230769231 0.036057692307692304 0.0625
0 0.4254807692307692 0.7788461538461539 0.08413461538461539 0.07451923076923077
0 0.015625 0.6502403846153846 0.03125 0.08413461538461539
0 0.2091346153846154 0.7211538461538461 0.07451923076923077 0.08173076923076923
0 0.7716346153846154 0.7331730769230769 0.03365384615384615 0.04567307692307692
0 0.9735576923076923 0.7644230769230769 0.03365384615384615 0.036057692307692304
0 0.7067307692307693 0.7235576923076923 0.026442307692307692 0.038461538461538464
0 0.8677884615384616 0.6875 0.02403846153846154 0.036057692307692304
0 0.8461538461538461 0.6706730769230769 0.028846153846153848 0.038461538461538464
0 0.9182692307692307 0.6586538461538461 0.03125 0.03365384615384615