0 0.6298076923076923 0.3269230769230769 0.06490384615384616 0.0673076923076923
0 0.8149038461538461 0.3125 0.057692307692307696 0.08173076923076923
0 0.48197115384615385 0.2692307692307692 0.026442307692307692 0.0625
0 0.8701923076923077 0.33653846153846156 0.057692307692307696 0.06009615384615385
0 0.875 0.41346153846153844 0.057692307692307696 0.05048076923076923
0 0.6310096153846154 0.01201923076923077 0.06971153846153846 0.02403846153846154
0 0.8161057692307693 0.02283653846153846 0.06490384615384616 0.04567307692307692
0 0.48197115384615385 0.04326923076923077 0.026442307692307692 0.0625
0 0.8701923076923077 0.004807692307692308 0.0625 0.009615384615384616
0 0.1658653846153846 0.8052884615384616 0.125 0.15865384615384615
0 0.3629807692307692 0.8461538461538461 0.15625 0.15865384615384615
0 0.5829326923076923 0.6225961538461539 0.15625 0.1875