1 0.19951923076923078 0.1201923076923077 0.15865384615384615 0.17307692307692307
1 0.08413461538461539 0.1971153846153846 0.11778846153846154 0.15865384615384615
1 0.015625 0.20192307692307693 0.03125 0.14423076923076922
1 0.45913461538461536 0.1971153846153846 0.052884615384615384 0.11538461538461539
1 0.04447115384615385 0.20072115384615385 0.0889423076923077 0.1466346153846154
0 0.6658653846153846 0.16105769230769232 0.055288461538461536 0.07692307692307693
0 0.7211538461538461 0.17307692307692307 0.04326923076923077 0.0625
0 0.5036057692307693 0.18870192307692307 0.03125 0.05048076923076923
0 0.5649038461538461 0.18509615384615385 0.04326923076923077 0.04567307692307692
0 0.8004807692307693 0.17307692307692307 0.052884615384615384 0.04807692307692308
0 0.8701923076923077 0.17307692307692307 0.040865384615384616 0.04567307692307692
0 0.9591346153846154 0.1466346153846154 0.036057692307692304 0.057692307692307696
0 0.9879807692307693 0.14543269230769232 0.019230769230769232 0.06009615384615385
1 0.01201923076923077 0.6141826923076923 0.02403846153846154 0.10336538461538461
1 0.4423076923076923 0.6370192307692307 0.07932692307692307 0.0985576923076923
1 0.3629807692307692 0.6057692307692307 0.057692307692307696 0.07451923076923077
1 0.25721153846153844 0.6298076923076923 0.026442307692307692 0.055288461538461536
1 0.21394230769230768 0.6274038461538461 0.057692307692307696 0.08413461538461539
1 0.17307692307692307 0.6225961538461539 0.03365384615384615 0.08413461538461539
0 0.8413461538461539 0.5889423076923077 0.06971153846153846 0.10096153846153846
0 0.6153846153846154 0.5889423076923077 0.0985576923076923 0.12259615384615384
0 0.8990384615384616 0.6322115384615384 0.04807692307692308 0.052884615384615384
0 0.7451923076923077 0.6706730769230769 0.04326923076923077 0.057692307692307696