0 0.11538461538461539 0.3629807692307692 0.04326923076923077 0.052884615384615384
0 0.02403846153846154 0.40384615384615385 0.03365384615384615 0.040865384615384616
0 0.4519230769230769 0.44711538461538464 0.009615384615384616 0.04326923076923077
0 0.43028846153846156 0.31971153846153844 0.040865384615384616 0.040865384615384616
0 0.34375 0.34615384615384615 0.03365384615384615 0.04326923076923077
0 0.21634615384615385 0.3557692307692308 0.04807692307692308 0.05048076923076923
0 0.18269230769230768 0.3581730769230769 0.036057692307692304 0.04567307692307692
1 0.0625 0.40625 0.028846153846153848 0.036057692307692304
1 0.27884615384615385 0.34134615384615385 0.040865384615384616 0.04567307692307692
0 0.5120192307692307 0.07692307692307693 0.10576923076923077 0.15384615384615385
0 0.8485576923076923 0.2091346153846154 0.15384615384615385 0.14182692307692307
0 0.9555288461538461 0.07211538461538461 0.08413461538461539 0.13942307692307693
0 0.90625 0.10096153846153846 0.07451923076923077 0.0889423076923077
0 0.7211538461538461 0.07091346153846154 0.1346153846153846 0.14182692307692307