0 0.11057692307692307 0.24278846153846154 0.04567307692307692 0.057692307692307696
0 0.04807692307692308 0.3557692307692308 0.038461538461538464 0.019230769230769232
0 0.11057692307692307 0.11778846153846154 0.04567307692307692 0.057692307692307696
0 0.04927884615384615 0.008413461538461538 0.040865384615384616 0.016826923076923076
0 0.9182692307692307 0.14423076923076922 0.0625 0.08173076923076923
0 0.5877403846153846 0.328125 0.0889423076923077 0.07451923076923077
0 0.8245192307692307 0.17067307692307693 0.07692307692307693 0.08653846153846154
1 0.7668269230769231 0.18028846153846154 0.06490384615384616 0.07692307692307693
1 0.4951923076923077 0.5168269230769231 0.0625 0.08653846153846154
1 0.3317307692307692 0.5384615384615384 0.07932692307692307 0.08653846153846154
1 0.23557692307692307 0.5480769230769231 0.06971153846153846 0.08173076923076923
1 0.1658653846153846 0.5384615384615384 0.052884615384615384 0.07451923076923077
0 0.9375 0.5204326923076923 0.1201923076923077 0.30528846153846156