0 0.20552884615384615 0.06850961538461539 0.19471153846153846 0.13701923076923078
1 0.8076923076923077 0.2283653846153846 0.04807692307692308 0.057692307692307696
1 0.7019230769230769 0.22115384615384615 0.040865384615384616 0.055288461538461536
1 0.6634615384615384 0.23317307692307693 0.028846153846153848 0.057692307692307696
1 0.8485576923076923 0.23076923076923078 0.038461538461538464 0.04807692307692308
1 0.9158653846153846 0.23798076923076922 0.028846153846153848 0.036057692307692304
1 0.9567307692307693 0.23557692307692307 0.03125 0.036057692307692304
1 0.3942307692307692 0.9495192307692307 0.057692307692307696 0.07211538461538461
1 0.10096153846153846 0.9651442307692307 0.052884615384615384 0.06490384615384616
1 0.5576923076923077 0.9254807692307693 0.057692307692307696 0.06971153846153846
1 0.24278846153846154 0.9495192307692307 0.05048076923076923 0.06971153846153846
1 0.03125 0.9591346153846154 0.04567307692307692 0.055288461538461536
1 0.2980769230769231 0.96875 0.028846153846153848 0.03365384615384615
1 0.34134615384615385 0.9615384615384616 0.026442307692307692 0.03365384615384615
1 0.671875 0.7536057692307693 0.04567307692307692 0.11298076923076923
1 0.7548076923076923 0.7740384615384616 0.08173076923076923 0.10576923076923077
1 0.8461538461538461 0.7668269230769231 0.02403846153846154 0.028846153846153848
1 0.9495192307692307 0.6778846153846154 0.09615384615384616 0.16826923076923078