0 0.23557692307692307 0.17067307692307693 0.10576923076923077 0.12980769230769232
0 0.10096153846153846 0.1778846153846154 0.057692307692307696 0.07451923076923077
0 0.6322115384615384 0.12980769230769232 0.08653846153846154 0.11298076923076923
0 0.9771634615384616 0.10576923076923077 0.040865384615384616 0.09615384615384616
0 0.9014423076923077 0.10576923076923077 0.08413461538461539 0.11538461538461539
0 0.5336538461538461 0.07211538461538461 0.09134615384615384 0.13942307692307693
0 0.7524038461538461 0.13942307692307693 0.06971153846153846 0.0985576923076923
0 0.4987980769230769 0.1346153846153846 0.021634615384615384 0.10096153846153846
0 0.8389423076923077 0.6262019230769231 0.052884615384615384 0.016826923076923076
0 0.7223557692307693 0.6262019230769231 0.05048076923076923 0.016826923076923076
0 0.5528846153846154 0.6346153846153846 0.052884615384615384 0.03365384615384615
0 0.7560096153846154 0.6298076923076923 0.036057692307692304 0.02403846153846154
0 0.8064903846153846 0.6237980769230769 0.036057692307692304 0.01201923076923077