0 0.5480769230769231 0.057692307692307696 0.052884615384615384 0.0673076923076923
0 0.7596153846153846 0.10576923076923077 0.06009615384615385 0.06971153846153846
0 0.6826923076923077 0.02403846153846154 0.057692307692307696 0.04807692307692308
0 0.5805288461538461 0.01201923076923077 0.05048076923076923 0.02403846153846154
0 0.515625 0.007211538461538462 0.06009615384615385 0.014423076923076924
1 0.15384615384615385 0.6634615384615384 0.14182692307692307 0.17307692307692307
1 0.8461538461538461 0.5793269230769231 0.15865384615384615 0.17307692307692307
1 0.7307692307692307 0.65625 0.11778846153846154 0.15865384615384615
1 0.5288461538461539 0.6923076923076923 0.0625 0.07451923076923077
1 0.6201923076923077 0.6610576923076923 0.11298076923076923 0.14182692307692307
1 0.6754807692307693 0.6586538461538461 0.11778846153846154 0.14423076923076922