1 0.7620192307692307 0.03365384615384615 0.10576923076923077 0.0673076923076923
1 0.3942307692307692 0.38221153846153844 0.07451923076923077 0.08413461538461539
1 0.6466346153846154 0.36778846153846156 0.06009615384615385 0.0673076923076923
1 0.45913461538461536 0.3557692307692308 0.040865384615384616 0.057692307692307696
1 0.5216346153846154 0.35336538461538464 0.04567307692307692 0.0625
1 0.5817307692307693 0.3701923076923077 0.04326923076923077 0.055288461538461536
1 0.34134615384615385 0.35336538461538464 0.040865384615384616 0.04807692307692308
0 0.27403846153846156 0.7379807692307693 0.04326923076923077 0.21634615384615385
0 0.08653846153846154 0.7860576923076923 0.12259615384615384 0.16105769230769232
0 0.25721153846153844 0.8052884615384616 0.07211538461538461 0.12740384615384615
0 0.32091346153846156 0.5480769230769231 0.04567307692307692 0.057692307692307696
1 0.9098557692307693 0.5492788461538461 0.06009615384615385 0.06009615384615385
1 0.43990384615384615 0.5552884615384616 0.052884615384615384 0.057692307692307696
1 0.8112980769230769 0.5276442307692307 0.055288461538461536 0.016826923076923076
1 0.5288461538461539 0.5552884615384616 0.038461538461538464 0.04567307692307692
1 0.640625 0.5408653846153846 0.05048076923076923 0.04326923076923077
1 0.7175480769230769 0.5360576923076923 0.05048076923076923 0.03365384615384615