0 0.578125 0.0829326923076923 0.036057692307692304 0.12740384615384615
0 0.3125 0.11298076923076923 0.04567307692307692 0.06971153846153846
0 0.49759615384615385 0.05889423076923077 0.11538461538461539 0.11778846153846154
0 0.04326923076923077 0.07932692307692307 0.07692307692307693 0.11538461538461539
0 0.4375 0.09615384615384616 0.057692307692307696 0.09134615384615384
0 0.25721153846153844 0.11298076923076923 0.040865384615384616 0.06971153846153846
0 0.23076923076923078 0.11538461538461539 0.04567307692307692 0.0673076923076923
0 0.1466346153846154 0.11538461538461539 0.03365384615384615 0.04567307692307692
0 0.18509615384615385 0.12740384615384615 0.03365384615384615 0.055288461538461536
0 0.4014423076923077 0.11298076923076923 0.03365384615384615 0.08413461538461539
0 0.37259615384615385 0.13701923076923078 0.04567307692307692 0.06490384615384616
0 0.8990384615384616 0.08774038461538461 0.1971153846153846 0.17548076923076922
0 0.038461538461538464 0.6682692307692307 0.04567307692307692 0.04326923076923077
0 0.18028846153846154 0.6201923076923077 0.040865384615384616 0.04567307692307692
1 0.018028846153846152 0.7235576923076923 0.036057692307692304 0.04807692307692308
1 0.11298076923076923 0.6995192307692307 0.055288461538461536 0.055288461538461536
1 0.23317307692307693 0.6418269230769231 0.055288461538461536 0.04807692307692308
0 0.27283653846153844 0.5576923076923077 0.036057692307692304 0.019230769230769232