0 0.5072115384615384 0.18990384615384615 0.14182692307692307 0.1778846153846154
1 0.9399038461538461 0.1466346153846154 0.07932692307692307 0.0889423076923077
1 0.6382211538461539 0.11538461538461539 0.06009615384615385 0.10576923076923077
1 0.8125 0.16346153846153846 0.04807692307692308 0.06009615384615385
0 0.3954326923076923 0.48677884615384615 0.18028846153846154 0.055288461538461536
0 0.24519230769230768 0.5336538461538461 0.21634615384615385 0.14903846153846154
1 0.09975961538461539 0.49399038461538464 0.12740384615384615 0.06971153846153846
0 0.7163461538461539 0.7620192307692307 0.0673076923076923 0.09375
0 0.6153846153846154 0.7668269230769231 0.014423076923076924 0.08653846153846154
1 0.6706730769230769 0.84375 0.06971153846153846 0.09375
1 0.7740384615384616 0.7908653846153846 0.06490384615384616 0.08413461538461539