0 0.1466346153846154 0.30288461538461536 0.04567307692307692 0.0673076923076923
0 0.003605769230769231 0.3233173076923077 0.007211538461538462 0.036057692307692304
0 0.4423076923076923 0.125 0.06971153846153846 0.06971153846153846
0 0.33653846153846156 0.17067307692307693 0.06009615384615385 0.0673076923076923
0 0.9447115384615384 0.125 0.052884615384615384 0.06009615384615385
0 0.3894230769230769 0.1778846153846154 0.06009615384615385 0.06009615384615385
0 0.6754807692307693 0.15144230769230768 0.04807692307692308 0.055288461538461536
0 0.8125 0.5120192307692307 0.04567307692307692 0.04326923076923077
0 0.21394230769230768 0.7908653846153846 0.0625 0.07451923076923077
0 0.10817307692307693 0.8004807692307693 0.06009615384615385 0.08173076923076923
0 0.057692307692307696 0.8341346153846154 0.04807692307692308 0.06009615384615385
0 0.17307692307692307 0.8341346153846154 0.04567307692307692 0.0625
0 0.37740384615384615 0.9158653846153846 0.09134615384615384 0.10096153846153846