0 0.052884615384615384 0.23076923076923078 0.055288461538461536 0.07692307692307693
0 0.10336538461538461 0.2091346153846154 0.057692307692307696 0.0889423076923077
0 0.18028846153846154 0.24278846153846154 0.057692307692307696 0.07692307692307693
0 0.4230769230769231 0.21153846153846154 0.028846153846153848 0.08653846153846154
0 0.7307692307692307 0.4495192307692308 0.04807692307692308 0.057692307692307696
0 0.5 0.33413461538461536 0.028846153846153848 0.03125
0 0.8028846153846154 0.3581730769230769 0.026442307692307692 0.038461538461538464
0 0.9447115384615384 0.2620192307692308 0.026442307692307692 0.038461538461538464
0 0.8774038461538461 0.2956730769230769 0.021634615384615384 0.038461538461538464
0 0.8942307692307693 0.3269230769230769 0.028846153846153848 0.03365384615384615
0 0.2403846153846154 0.703125 0.1875 0.18990384615384615