0 0.27283653846153844 0.23317307692307693 0.04567307692307692 0.07211538461538461
1 0.038461538461538464 0.22115384615384615 0.04567307692307692 0.055288461538461536
1 0.18028846153846154 0.2091346153846154 0.040865384615384616 0.055288461538461536
0 0.9002403846153846 0.3870192307692308 0.06490384615384616 0.038461538461538464
0 0.34615384615384615 0.3317307692307692 0.06009615384615385 0.07932692307692307
0 0.34375 0.39783653846153844 0.0625 0.016826923076923076
0 0.78125 0.35336538461538464 0.057692307692307696 0.0673076923076923
0 0.9423076923076923 0.3317307692307692 0.06009615384615385 0.08653846153846154
0 0.6983173076923077 0.3798076923076923 0.06971153846153846 0.052884615384615384
0 0.45913461538461536 0.38100961538461536 0.052884615384615384 0.05048076923076923
0 0.71875 0.3293269230769231 0.05048076923076923 0.057692307692307696
0 0.6225961538461539 0.2980769230769231 0.04807692307692308 0.06009615384615385
0 0.5853365384615384 0.37740384615384615 0.055288461538461536 0.057692307692307696
0 0.25721153846153844 0.6225961538461539 0.04326923076923077 0.06490384615384616
0 0.03125 0.7692307692307693 0.052884615384615384 0.057692307692307696
0 0.20673076923076922 0.5048076923076923 0.03365384615384615 0.040865384615384616
0 0.18269230769230768 0.4807692307692308 0.03365384615384615 0.052884615384615384
0 0.8173076923076923 0.7980769230769231 0.0673076923076923 0.0673076923076923