0 0.02403846153846154 0.23317307692307693 0.04807692307692308 0.10096153846153846
0 0.1658653846153846 0.21394230769230768 0.08413461538461539 0.10096153846153846
0 0.28846153846153844 0.2283653846153846 0.07211538461538461 0.0985576923076923
0 0.14182692307692307 0.6754807692307693 0.0985576923076923 0.09615384615384616
0 0.15144230769230768 0.44471153846153844 0.028846153846153848 0.04326923076923077
0 0.25 0.43990384615384615 0.02403846153846154 0.036057692307692304
0 0.4495192307692308 0.6658653846153846 0.0673076923076923 0.07932692307692307
0 0.5480769230769231 0.65625 0.057692307692307696 0.07692307692307693
0 0.6274038461538461 0.6610576923076923 0.05048076923076923 0.0673076923076923
0 0.6875 0.6826923076923077 0.038461538461538464 0.05048076923076923
0 0.7355769230769231 0.6754807692307693 0.038461538461538464 0.05048076923076923
0 0.7740384615384616 0.6850961538461539 0.03125 0.05048076923076923