0 0.11538461538461539 0.13221153846153846 0.11538461538461539 0.12980769230769232
0 0.6298076923076923 0.07211538461538461 0.17307692307692307 0.14423076923076922
0 0.8762019230769231 0.09014423076923077 0.17548076923076922 0.18028846153846154
0 0.3293269230769231 0.8269230769230769 0.04567307692307692 0.04326923076923077
0 0.5336538461538461 0.8701923076923077 0.12980769230769232 0.16346153846153846
0 0.5961538461538461 0.7139423076923077 0.07932692307692307 0.08173076923076923
0 0.6081730769230769 0.7908653846153846 0.12259615384615384 0.09615384615384616
0 0.7259615384615384 0.8413461538461539 0.0889423076923077 0.10576923076923077
0 0.7043269230769231 0.6826923076923077 0.057692307692307696 0.07211538461538461
0 0.7524038461538461 0.7043269230769231 0.06009615384615385 0.07211538461538461
0 0.7764423076923077 0.7668269230769231 0.08413461538461539 0.08173076923076923
0 0.9254807692307693 0.8221153846153846 0.14423076923076922 0.16826923076923078
0 0.8725961538461539 0.7644230769230769 0.08413461538461539 0.0985576923076923
0 0.9230769230769231 0.6923076923076923 0.07692307692307693 0.08653846153846154