0 0.1346153846153846 0.18990384615384615 0.13942307692307693 0.11778846153846154
0 0.7427884615384616 0.37740384615384615 0.057692307692307696 0.06009615384615385
0 0.8245192307692307 0.35096153846153844 0.052884615384615384 0.06009615384615385
0 0.6009615384615384 0.3798076923076923 0.05048076923076923 0.055288461538461536
0 0.5504807692307693 0.38461538461538464 0.04326923076923077 0.04326923076923077
0 0.8581730769230769 0.36778846153846156 0.03365384615384615 0.04326923076923077
0 0.7427884615384616 0.03125 0.057692307692307696 0.06009615384615385
0 0.8245192307692307 0.057692307692307696 0.052884615384615384 0.06009615384615385
0 0.6009615384615384 0.028846153846153848 0.05048076923076923 0.055288461538461536
0 0.5504807692307693 0.02283653846153846 0.04326923076923077 0.04567307692307692
0 0.8581730769230769 0.040865384615384616 0.03365384615384615 0.04326923076923077
0 0.3485576923076923 0.625 0.07211538461538461 0.08173076923076923
0 0.59375 0.5564903846153846 0.14903846153846154 0.22355769230769232