0 0.007211538461538462 0.2403846153846154 0.014423076923076924 0.09134615384615384
0 0.2620192307692308 0.24519230769230768 0.07211538461538461 0.07932692307692307
0 0.0625 0.2403846153846154 0.04807692307692308 0.06971153846153846
0 0.10336538461538461 0.2403846153846154 0.03365384615384615 0.05048076923076923
0 0.22355769230769232 0.2403846153846154 0.036057692307692304 0.055288461538461536
0 0.9014423076923077 0.15144230769230768 0.09375 0.10336538461538461
0 0.7091346153846154 0.14903846153846154 0.09375 0.11538461538461539
0 0.4375 0.12259615384615384 0.09615384615384616 0.12740384615384615
0 0.5264423076923077 0.13942307692307693 0.0985576923076923 0.12740384615384615
0 0.33774038461538464 0.12860576923076922 0.06009615384615385 0.13221153846153846
0 0.8629807692307693 0.15384615384615385 0.07932692307692307 0.09375
0 0.9543269230769231 0.13221153846153846 0.055288461538461536 0.11057692307692307
0 0.15625 0.5769230769230769 0.0889423076923077 0.0673076923076923
0 0.21394230769230768 0.6322115384615384 0.04567307692307692 0.06971153846153846
0 0.5384615384615384 0.5216346153846154 0.10096153846153846 0.0673076923076923
0 0.5925480769230769 0.5 0.08413461538461539 0.02403846153846154