0 0.11057692307692307 0.3173076923076923 0.06490384615384616 0.0625
0 0.36538461538461536 0.41346153846153844 0.06009615384615385 0.057692307692307696
0 0.2668269230769231 0.27884615384615385 0.0625 0.07451923076923077
0 0.02283653846153846 0.13221153846153846 0.04567307692307692 0.057692307692307696
0 0.35336538461538464 0.13701923076923078 0.04326923076923077 0.052884615384615384
0 0.3605769230769231 0.28846153846153844 0.0673076923076923 0.06971153846153846
1 0.08653846153846154 0.19471153846153846 0.057692307692307696 0.0625
1 0.19230769230769232 0.40625 0.0625 0.0625
1 0.46634615384615385 0.2644230769230769 0.057692307692307696 0.040865384615384616
0 0.36538461538461536 0.5144230769230769 0.06009615384615385 0.057692307692307696
1 0.19230769230769232 0.5216346153846154 0.0625 0.0625
0 0.8557692307692307 0.0889423076923077 0.2548076923076923 0.1778846153846154
0 0.17548076923076922 0.9098557692307693 0.18269230769230768 0.17548076923076922