0 0.46875 0.0733173076923077 0.057692307692307696 0.1466346153846154
1 0.3004807692307692 0.6899038461538461 0.16105769230769232 0.19471153846153846
1 0.09375 0.8317307692307693 0.08173076923076923 0.10576923076923077
1 0.22596153846153846 0.7980769230769231 0.06971153846153846 0.10817307692307693
1 0.6057692307692307 0.7860576923076923 0.05048076923076923 0.0673076923076923
1 0.5108173076923077 0.7632211538461539 0.021634615384615384 0.06490384615384616
1 0.5552884615384616 0.7860576923076923 0.04567307692307692 0.06490384615384616
1 0.7211538461538461 0.7716346153846154 0.03365384615384615 0.04326923076923077
1 0.7307692307692307 0.8028846153846154 0.04807692307692308 0.05048076923076923
1 0.8894230769230769 0.8413461538461539 0.04807692307692308 0.04326923076923077
1 0.9591346153846154 0.8341346153846154 0.05048076923076923 0.05048076923076923