0 0.1778846153846154 0.33653846153846156 0.08173076923076923 0.09134615384615384
0 0.375 0.3245192307692308 0.06971153846153846 0.06971153846153846
0 0.4951923076923077 0.09375 0.055288461538461536 0.038461538461538464
0 0.15144230769230768 0.15384615384615385 0.040865384615384616 0.04567307692307692
0 0.5288461538461539 0.10576923076923077 0.040865384615384616 0.04567307692307692
0 0.5769230769230769 0.10817307692307693 0.02403846153846154 0.03365384615384615
0 0.6286057692307693 0.09735576923076923 0.016826923076923076 0.03125
0 0.4951923076923077 0.05048076923076923 0.055288461538461536 0.038461538461538464
0 0.15144230769230768 0.007211538461538462 0.04326923076923077 0.014423076923076924
0 0.5288461538461539 0.038461538461538464 0.040865384615384616 0.04567307692307692
0 0.5769230769230769 0.036057692307692304 0.02403846153846154 0.03365384615384615
0 0.6286057692307693 0.04927884615384615 0.016826923076923076 0.03125
0 0.7211538461538461 0.7704326923076923 0.16346153846153846 0.29086538461538464