0 0.23076923076923078 0.15625 0.13701923076923078 0.19471153846153846
0 0.0625 0.14423076923076922 0.07211538461538461 0.19951923076923078
0 0.32211538461538464 0.10576923076923077 0.04807692307692308 0.16826923076923078
0 0.17908653846153846 0.07451923076923077 0.11778846153846154 0.14903846153846154
0 0.11658653846153846 0.06490384615384616 0.09375 0.12980769230769232
0 0.055288461538461536 0.030048076923076924 0.0625 0.06009615384615385
0 0.21153846153846154 0.021634615384615384 0.09615384615384616 0.04326923076923077
0 0.25841346153846156 0.010817307692307692 0.07451923076923077 0.021634615384615384
0 0.01201923076923077 0.14423076923076922 0.02403846153846154 0.20192307692307693
0 0.01201923076923077 0.030048076923076924 0.02403846153846154 0.06009615384615385
0 0.6875 0.28365384615384615 0.07211538461538461 0.06971153846153846
0 0.6538461538461539 0.34615384615384615 0.057692307692307696 0.0625
0 0.6875 0.04326923076923077 0.07211538461538461 0.06971153846153846
0 0.6538461538461539 0.007211538461538462 0.06009615384615385 0.014423076923076924
0 0.1466346153846154 0.7019230769230769 0.036057692307692304 0.052884615384615384
0 0.23557692307692307 0.7067307692307693 0.038461538461538464 0.06009615384615385
0 0.18990384615384615 0.7307692307692307 0.03365384615384615 0.03365384615384615
0 0.3076923076923077 0.7259615384615384 0.03365384615384615 0.04326923076923077
0 0.8894230769230769 0.6802884615384616 0.1346153846153846 0.14903846153846154
0 0.6346153846153846 0.6418269230769231 0.12740384615384615 0.17307692307692307