0 0.03485576923076923 0.010817307692307692 0.06971153846153846 0.021634615384615384
0 0.36177884615384615 0.018028846153846152 0.06009615384615385 0.036057692307692304
0 0.08413461538461539 0.019230769230769232 0.04807692307692308 0.038461538461538464
0 0.15504807692307693 0.019230769230769232 0.03125 0.038461538461538464
1 0.19230769230769232 0.015625 0.04807692307692308 0.03125
0 0.3088942307692308 0.006009615384615385 0.040865384615384616 0.01201923076923077
0 0.4098557692307692 0.010817307692307692 0.036057692307692304 0.021634615384615384
0 0.484375 0.010817307692307692 0.04567307692307692 0.021634615384615384
0 0.8533653846153846 0.03125 0.0625 0.0625
0 0.5841346153846154 0.17548076923076922 0.04567307692307692 0.05048076923076923
0 0.6298076923076923 0.1778846153846154 0.06009615384615385 0.06971153846153846
0 0.5853365384615384 0.47836538461538464 0.05048076923076923 0.014423076923076924
0 0.6310096153846154 0.47115384615384615 0.06490384615384616 0.028846153846153848