0 0.2980769230769231 0.11057692307692307 0.08173076923076923 0.09375
0 0.45913461538461536 0.040865384615384616 0.08413461538461539 0.06490384615384616
0 0.16826923076923078 0.14903846153846154 0.06971153846153846 0.06971153846153846
1 0.5793269230769231 0.6201923076923077 0.07451923076923077 0.10096153846153846
1 0.20192307692307693 0.6033653846153846 0.09134615384615384 0.11298076923076923
1 0.38461538461538464 0.6057692307692307 0.07692307692307693 0.11298076923076923
1 0.5192307692307693 0.6153846153846154 0.055288461538461536 0.0985576923076923
1 0.6274038461538461 0.6346153846153846 0.019230769230769232 0.08173076923076923
1 0.015625 0.578125 0.03125 0.10817307692307693
1 0.203125 0.43149038461538464 0.09375 0.026442307692307692
1 0.3858173076923077 0.43028846153846156 0.07932692307692307 0.02403846153846154