0 0.9771634615384616 0.1622596153846154 0.040865384615384616 0.06009615384615385
0 0.6670673076923077 0.46274038461538464 0.03125 0.007211538461538462
0 0.5180288461538461 0.5300480769230769 0.0985576923076923 0.12259615384615384
0 0.06129807692307692 0.5588942307692307 0.12259615384615384 0.15625
0 0.40384615384615385 0.5192307692307693 0.09615384615384616 0.10096153846153846
0 0.2403846153846154 0.5408653846153846 0.07451923076923077 0.10336538461538461
0 0.19951923076923078 0.5528846153846154 0.04326923076923077 0.07932692307692307
0 0.8846153846153846 0.8197115384615384 0.15625 0.17307692307692307
0 0.6586538461538461 0.7403846153846154 0.09615384615384616 0.12740384615384615
0 0.7019230769230769 0.9014423076923077 0.1971153846153846 0.19230769230769232
0 0.8858173076923077 0.4735576923076923 0.16105769230769232 0.009615384615384616
0 0.6598557692307693 0.5012019230769231 0.10336538461538461 0.06490384615384616