0 0.014423076923076924 0.056490384615384616 0.028846153846153848 0.0985576923076923
0 0.4675480769230769 0.030048076923076924 0.10336538461538461 0.06009615384615385
0 0.5997596153846154 0.030048076923076924 0.0985576923076923 0.06009615384615385
0 0.3918269230769231 0.07692307692307693 0.0625 0.07451923076923077
0 0.2644230769230769 0.07932692307692307 0.0625 0.07451923076923077
0 0.15865384615384615 0.0889423076923077 0.06009615384615385 0.08173076923076923
0 0.10817307692307693 0.12259615384615384 0.04807692307692308 0.06009615384615385
0 0.22355769230769232 0.12259615384615384 0.04567307692307692 0.0625
0 0.32211538461538464 0.11538461538461539 0.057692307692307696 0.057692307692307696
0 0.3173076923076923 0.8173076923076923 0.20673076923076922 0.25961538461538464
0 0.10817307692307693 0.6033653846153846 0.13221153846153846 0.13221153846153846
0 0.7572115384615384 0.625 0.06009615384615385 0.08173076923076923