0 0.34134615384615385 0.4519230769230769 0.04807692307692308 0.028846153846153848
1 0.65625 0.1201923076923077 0.10576923076923077 0.125
1 0.4639423076923077 0.11538461538461539 0.07451923076923077 0.10576923076923077
1 0.9086538461538461 0.13701923076923078 0.0889423076923077 0.13701923076923078
1 0.7884615384615384 0.14903846153846154 0.07451923076923077 0.10336538461538461
1 0.5961538461538461 0.13701923076923078 0.052884615384615384 0.08653846153846154
1 0.5432692307692307 0.16105769230769232 0.057692307692307696 0.0673076923076923
1 0.030048076923076924 0.8834134615384616 0.06009615384615385 0.08413461538461539
1 0.3701923076923077 0.8389423076923077 0.06971153846153846 0.10817307692307693
1 0.17548076923076922 0.8677884615384616 0.08653846153846154 0.10817307692307693
1 0.27884615384615385 0.8317307692307693 0.12740384615384615 0.15144230769230768
1 0.013221153846153846 0.8377403846153846 0.026442307692307692 0.06490384615384616
1 0.7295673076923077 0.5132211538461539 0.07932692307692307 0.0889423076923077
1 0.5793269230769231 0.5576923076923077 0.06971153846153846 0.08653846153846154
1 0.9134615384615384 0.5528846153846154 0.04807692307692308 0.06009615384615385