0 0.22355769230769232 0.1778846153846154 0.07211538461538461 0.09375
0 0.45072115384615385 0.2776442307692308 0.06490384615384616 0.0985576923076923
0 0.4519230769230769 0.018028846153846152 0.0673076923076923 0.036057692307692304
0 0.17548076923076922 0.5168269230769231 0.04567307692307692 0.057692307692307696
0 0.04567307692307692 0.53125 0.040865384615384616 0.05048076923076923
0 0.13942307692307693 0.5264423076923077 0.03365384615384615 0.05048076923076923
0 0.22115384615384615 0.5336538461538461 0.04326923076923077 0.04807692307692308
0 0.003605769230769231 0.5408653846153846 0.007211538461538462 0.04326923076923077
0 0.9543269230769231 0.42427884615384615 0.08653846153846154 0.15144230769230768
0 0.6033653846153846 0.5480769230769231 0.11538461538461539 0.1346153846153846
0 0.8269230769230769 0.4375 0.04567307692307692 0.0673076923076923
0 0.59375 0.44471153846153844 0.04567307692307692 0.04807692307692308
0 0.6730769230769231 0.4567307692307692 0.02403846153846154 0.03365384615384615
0 0.5480769230769231 0.45913461538461536 0.038461538461538464 0.04567307692307692