1 0.45913461538461536 0.25240384615384615 0.06971153846153846 0.08173076923076923
1 0.8125 0.24278846153846154 0.04807692307692308 0.057692307692307696
1 0.5528846153846154 0.22596153846153846 0.057692307692307696 0.06009615384615385
1 0.7067307692307693 0.23557692307692307 0.040865384615384616 0.055288461538461536
1 0.4254807692307692 0.24158653846153846 0.014423076923076924 0.06009615384615385
1 0.6586538461538461 0.24759615384615385 0.04326923076923077 0.055288461538461536
1 0.8533653846153846 0.24519230769230768 0.038461538461538464 0.04807692307692308
1 0.9206730769230769 0.25240384615384615 0.028846153846153848 0.036057692307692304
1 0.9615384615384616 0.25 0.03125 0.036057692307692304
1 0.1971153846153846 0.6298076923076923 0.07211538461538461 0.07692307692307693
1 0.38100961538461536 0.7439903846153846 0.06971153846153846 0.1466346153846154
1 0.3389423076923077 0.6538461538461539 0.057692307692307696 0.057692307692307696
1 0.27884615384615385 0.6778846153846154 0.07932692307692307 0.10336538461538461
1 0.23076923076923078 0.6754807692307693 0.04326923076923077 0.09615384615384616
1 0.1971153846153846 0.4326923076923077 0.07211538461538461 0.07692307692307693
1 0.38100961538461536 0.3629807692307692 0.06971153846153846 0.0673076923076923
1 0.3389423076923077 0.40865384615384615 0.057692307692307696 0.057692307692307696
1 0.27884615384615385 0.38461538461538464 0.07932692307692307 0.10336538461538461
1 0.23076923076923078 0.3870192307692308 0.04326923076923077 0.09615384615384616
0 0.6490384615384616 0.6442307692307693 0.16105769230769232 0.18990384615384615