0 0.5120192307692307 0.38221153846153844 0.06009615384615385 0.06009615384615385
0 0.3485576923076923 0.3581730769230769 0.05048076923076923 0.057692307692307696
0 0.9903846153846154 0.31490384615384615 0.014423076923076924 0.0673076923076923
0 0.6081730769230769 0.2956730769230769 0.05048076923076923 0.0625
0 0.6995192307692307 0.2860576923076923 0.04326923076923077 0.055288461538461536
0 0.8028846153846154 0.3076923076923077 0.05048076923076923 0.052884615384615384
0 0.8894230769230769 0.31971153846153844 0.04567307692307692 0.055288461538461536
0 0.4579326923076923 0.4963942307692308 0.06971153846153846 0.016826923076923076
0 0.5673076923076923 0.5492788461538461 0.019230769230769232 0.06971153846153846
0 0.23076923076923078 0.5048076923076923 0.052884615384615384 0.03365384615384615
0 0.37740384615384615 0.5072115384615384 0.038461538461538464 0.038461538461538464
0 0.5252403846153846 0.4951923076923077 0.05048076923076923 0.014423076923076924
0 0.90625 0.9158653846153846 0.07451923076923077 0.07692307692307693
0 0.96875 0.8028846153846154 0.057692307692307696 0.07211538461538461
0 0.9663461538461539 0.9591346153846154 0.0625 0.07692307692307693