0 0.007211538461538462 0.17067307692307693 0.014423076923076924 0.10576923076923077
1 0.28846153846153844 0.2091346153846154 0.06971153846153846 0.08653846153846154
1 0.12740384615384615 0.19951923076923078 0.057692307692307696 0.07451923076923077
1 0.37740384615384615 0.23076923076923078 0.040865384615384616 0.052884615384615384
0 0.41586538461538464 0.21514423076923078 0.019230769230769232 0.05048076923076923
0 0.7644230769230769 0.3629807692307692 0.05048076923076923 0.0625
0 0.5216346153846154 0.3317307692307692 0.04567307692307692 0.05048076923076923
0 0.4567307692307692 0.3942307692307692 0.040865384615384616 0.04326923076923077
1 0.34615384615384615 0.5204326923076923 0.09615384615384616 0.08413461538461539
1 0.4110576923076923 0.5456730769230769 0.028846153846153848 0.08173076923076923
1 0.0985576923076923 0.5012019230769231 0.057692307692307696 0.04567307692307692
1 0.24158653846153846 0.5108173076923077 0.04567307692307692 0.06490384615384616
1 0.2091346153846154 0.5168269230769231 0.028846153846153848 0.057692307692307696