0 0.36899038461538464 0.046875 0.1466346153846154 0.09375
0 0.03245192307692308 0.08052884615384616 0.06490384615384616 0.10336538461538461
1 0.1875 0.10576923076923077 0.08173076923076923 0.09134615384615384
1 0.421875 0.06370192307692307 0.05048076923076923 0.08413461538461539
0 0.5144230769230769 0.4807692307692308 0.0889423076923077 0.10336538461538461
0 0.7115384615384616 0.47596153846153844 0.09375 0.1346153846153846
0 0.1201923076923077 0.7920673076923077 0.19230769230769232 0.1658653846153846
1 0.4831730769230769 0.9603365384615384 0.0673076923076923 0.07451923076923077
1 0.6466346153846154 0.9579326923076923 0.07692307692307693 0.07932692307692307
1 0.8846153846153846 0.96875 0.057692307692307696 0.057692307692307696
1 0.7716346153846154 0.9783653846153846 0.04326923076923077 0.038461538461538464
1 0.9651442307692307 0.9831730769230769 0.03125 0.028846153846153848