1 0.006009615384615385 0.021634615384615384 0.01201923076923077 0.04326923076923077
1 0.04447115384615385 0.03485576923076923 0.06009615384615385 0.06971153846153846
0 0.11538461538461539 0.020432692307692308 0.057692307692307696 0.040865384615384616
0 0.2283653846153846 0.020432692307692308 0.07211538461538461 0.040865384615384616
1 0.2860576923076923 0.021634615384615384 0.057692307692307696 0.04326923076923077
1 0.35697115384615385 0.026442307692307692 0.06490384615384616 0.052884615384615384
1 0.4266826923076923 0.030048076923076924 0.040865384615384616 0.06009615384615385
0 0.5913461538461539 0.04567307692307692 0.28365384615384615 0.09134615384615384
0 0.23918269230769232 0.5204326923076923 0.13221153846153846 0.14182692307692307
0 0.40024038461538464 0.5120192307692307 0.09375 0.125
0 0.1658653846153846 0.6730769230769231 0.15144230769230768 0.19471153846153846