0 0.13701923076923078 0.14903846153846154 0.1346153846153846 0.15144230769230768
0 0.21875 0.16105769230769232 0.08413461538461539 0.15384615384615385
0 0.7355769230769231 0.0889423076923077 0.07932692307692307 0.09615384615384616
0 0.8365384615384616 0.07451923076923077 0.08173076923076923 0.08653846153846154
0 0.12379807692307693 0.45552884615384615 0.12259615384615384 0.11298076923076923
0 0.3762019230769231 0.4362980769230769 0.06009615384615385 0.07451923076923077
0 0.037259615384615384 0.5877403846153846 0.07451923076923077 0.15625
0 0.20192307692307693 0.46153846153846156 0.06971153846153846 0.07451923076923077
0 0.5288461538461539 0.6730769230769231 0.03365384615384615 0.04807692307692308
0 0.6802884615384616 0.6730769230769231 0.028846153846153848 0.03125
0 0.8701923076923077 0.6658653846153846 0.021634615384615384 0.026442307692307692
0 0.9278846153846154 0.6634615384615384 0.016826923076923076 0.02403846153846154
0 0.9735576923076923 0.6634615384615384 0.026442307692307692 0.038461538461538464