1 0.17548076923076922 0.23317307692307693 0.1346153846153846 0.16826923076923078
1 0.43028846153846156 0.31971153846153844 0.17548076923076922 0.21875
1 0.08653846153846154 0.1658653846153846 0.10576923076923077 0.14182692307692307
0 0.015625 0.7944711538461539 0.03125 0.10817307692307693
0 0.9651442307692307 0.7307692307692307 0.06490384615384616 0.125
0 0.7403846153846154 0.7307692307692307 0.10817307692307693 0.11778846153846154
0 0.9230769230769231 0.6778846153846154 0.055288461538461536 0.06971153846153846
1 0.7668269230769231 0.6466346153846154 0.036057692307692304 0.05048076923076923
1 0.8870192307692307 0.6298076923076923 0.03365384615384615 0.03365384615384615
1 0.7668269230769231 0.5757211538461539 0.038461538461538464 0.01201923076923077
1 0.8882211538461539 0.5805288461538461 0.036057692307692304 0.021634615384615384