0 0.265625 0.013221153846153846 0.06971153846153846 0.026442307692307692
0 0.16105769230769232 0.6598557692307693 0.27884615384615385 0.18028846153846154
0 0.7115384615384616 0.9831730769230769 0.02403846153846154 0.028846153846153848
0 0.7211538461538461 0.8930288461538461 0.04326923076923077 0.04567307692307692
0 0.7932692307692307 0.8894230769230769 0.040865384615384616 0.040865384615384616
0 0.9867788461538461 0.9471153846153846 0.021634615384615384 0.04807692307692308
0 0.9663461538461539 0.9302884615384616 0.038461538461538464 0.04567307692307692
0 0.7163461538461539 0.8557692307692307 0.03365384615384615 0.04807692307692308
0 0.84375 0.8942307692307693 0.038461538461538464 0.04567307692307692
0 0.8725961538461539 0.8966346153846154 0.03365384615384615 0.040865384615384616
0 0.8100961538461539 0.8629807692307693 0.038461538461538464 0.03365384615384615
0 0.8221153846153846 0.8389423076923077 0.03365384615384615 0.03365384615384615
0 0.9134615384615384 0.9086538461538461 0.040865384615384616 0.038461538461538464
0 0.9831730769230769 0.8978365384615384 0.028846153846153848 0.04567307692307692
0 0.9302884615384616 0.8533653846153846 0.03365384615384615 0.03125
0 0.9567307692307693 0.8245192307692307 0.021634615384615384 0.02403846153846154
0 0.7211538461538461 0.5841346153846154 0.04326923076923077 0.028846153846153848
0 0.7932692307692307 0.5841346153846154 0.04326923076923077 0.028846153846153848
0 0.7163461538461539 0.6105769230769231 0.03365384615384615 0.04807692307692308
0 0.8449519230769231 0.5829326923076923 0.040865384615384616 0.026442307692307692
0 0.8737980769230769 0.5805288461538461 0.036057692307692304 0.021634615384615384
0 0.8100961538461539 0.6033653846153846 0.038461538461538464 0.03365384615384615
0 0.8221153846153846 0.6274038461538461 0.03365384615384615 0.03365384615384615
0 0.9134615384615384 0.5745192307692307 0.04326923076923077 0.009615384615384616
0 0.9831730769230769 0.5817307692307693 0.028846153846153848 0.02403846153846154
0 0.9302884615384616 0.6129807692307693 0.03365384615384615 0.03125
0 0.9567307692307693 0.6418269230769231 0.021634615384615384 0.02403846153846154