0 0.027644230769230768 0.32211538461538464 0.055288461538461536 0.1201923076923077
0 0.17548076923076922 0.12740384615384615 0.028846153846153848 0.03365384615384615
0 0.30288461538461536 0.11778846153846154 0.026442307692307692 0.036057692307692304
0 0.5612980769230769 0.08413461538461539 0.1466346153846154 0.16826923076923078
0 0.7752403846153846 0.10817307692307693 0.17067307692307693 0.21634615384615385
0 0.3701923076923077 0.6634615384615384 0.08413461538461539 0.09134615384615384
0 0.20192307692307693 0.6850961538461539 0.10336538461538461 0.11778846153846154
0 0.5024038461538461 0.7331730769230769 0.028846153846153848 0.07692307692307693
0 0.5865384615384616 0.7259615384615384 0.11057692307692307 0.14903846153846154
0 0.6610576923076923 0.7451923076923077 0.06009615384615385 0.07451923076923077
0 0.8028846153846154 0.7451923076923077 0.07451923076923077 0.0985576923076923
0 0.8798076923076923 0.7235576923076923 0.11057692307692307 0.14903846153846154
1 0.9519230769230769 0.7331730769230769 0.03365384615384615 0.036057692307692304