0 0.05048076923076923 0.18509615384615385 0.10096153846153846 0.21153846153846154
0 0.21634615384615385 0.19230769230769232 0.31490384615384615 0.3557692307692308
1 0.5504807692307693 0.051682692307692304 0.02403846153846154 0.10336538461538461
1 0.7115384615384616 0.014423076923076924 0.09615384615384616 0.028846153846153848
1 0.6069711538461539 0.057692307692307696 0.10817307692307693 0.11538461538461539
1 0.9338942307692307 0.020432692307692308 0.04567307692307692 0.040865384615384616
1 0.30528846153846156 0.9399038461538461 0.057692307692307696 0.08173076923076923
1 0.20673076923076922 0.9086538461538461 0.052884615384615384 0.06009615384615385
1 0.036057692307692304 0.9399038461538461 0.04807692307692308 0.04807692307692308
1 0.11298076923076923 0.9278846153846154 0.04807692307692308 0.052884615384615384
1 0.7956730769230769 0.7163461538461539 0.07211538461538461 0.08413461538461539
1 0.9302884615384616 0.7019230769230769 0.08653846153846154 0.10576923076923077
1 0.5865384615384616 0.7091346153846154 0.06971153846153846 0.08173076923076923