0 0.009615384615384616 0.4254807692307692 0.019230769230769232 0.07211538461538461
1 0.0889423076923077 0.4014423076923077 0.057692307692307696 0.040865384615384616
0 0.35096153846153844 0.8269230769230769 0.19471153846153846 0.23076923076923078
0 0.009615384615384616 0.9615384615384616 0.019230769230769232 0.07211538461538461
0 0.11538461538461539 0.9543269230769231 0.05048076923076923 0.055288461538461536
0 0.052884615384615384 0.9651442307692307 0.0673076923076923 0.06490384615384616
0 0.27403846153846156 0.8822115384615384 0.07932692307692307 0.09134615384615384
0 0.35336538461538464 0.5132211538461539 0.20192307692307693 0.05048076923076923
1 0.5721153846153846 0.8004807692307693 0.04326923076923077 0.055288461538461536
1 0.8605769230769231 0.7524038461538461 0.0625 0.06971153846153846
1 0.90625 0.8653846153846154 0.0673076923076923 0.057692307692307696
1 0.6490384615384616 0.78125 0.040865384615384616 0.052884615384615384