0 0.18990384615384615 0.34615384615384615 0.06490384615384616 0.07692307692307693
0 0.7475961538461539 0.2764423076923077 0.06490384615384616 0.08413461538461539
0 0.5504807692307693 0.24519230769230768 0.0673076923076923 0.08413461538461539
0 0.6274038461538461 0.24759615384615385 0.07211538461538461 0.0673076923076923
0 0.6682692307692307 0.25721153846153844 0.04326923076923077 0.0673076923076923
0 0.8076923076923077 0.2644230769230769 0.055288461538461536 0.06971153846153846
0 0.8798076923076923 0.27403846153846156 0.07692307692307693 0.06971153846153846
0 0.9375 0.25961538461538464 0.057692307692307696 0.06009615384615385
0 0.9867788461538461 0.2692307692307692 0.021634615384615384 0.07692307692307693
1 0.2620192307692308 0.8317307692307693 0.08173076923076923 0.10096153846153846
1 0.04807692307692308 0.7980769230769231 0.08653846153846154 0.10576923076923077
1 0.46153846153846156 0.8112980769230769 0.04807692307692308 0.11298076923076923