0 0.10336538461538461 0.15865384615384615 0.11778846153846154 0.1658653846153846
0 0.4230769230769231 0.15985576923076922 0.14903846153846154 0.21875
0 0.4254807692307692 0.02283653846153846 0.15384615384615385 0.04567307692307692
1 0.3798076923076923 0.8137019230769231 0.0625 0.08413461538461539
1 0.7283653846153846 0.8028846153846154 0.04807692307692308 0.057692307692307696
1 0.46875 0.7860576923076923 0.057692307692307696 0.06009615384615385
1 0.6225961538461539 0.7956730769230769 0.040865384615384616 0.055288461538461536
1 0.5745192307692307 0.8076923076923077 0.04326923076923077 0.055288461538461536
1 0.7692307692307693 0.8052884615384616 0.038461538461538464 0.04807692307692308
1 0.8365384615384616 0.8125 0.028846153846153848 0.036057692307692304
1 0.8774038461538461 0.8100961538461539 0.03125 0.036057692307692304