0 0.15985576923076922 0.359375 0.18990384615384615 0.13221153846153846
0 0.1658653846153846 0.21875 0.09134615384615384 0.11778846153846154
0 0.43028846153846156 0.18509615384615385 0.22596153846153846 0.23317307692307693
0 0.021634615384615384 0.296875 0.04326923076923077 0.17067307692307693
0 0.28846153846153844 0.20432692307692307 0.125 0.16105769230769232
0 0.43149038461538464 0.037259615384615384 0.23317307692307693 0.07451923076923077
0 0.28846153846153844 0.009615384615384616 0.12980769230769232 0.019230769230769232
1 0.9855769230769231 0.29447115384615385 0.02403846153846154 0.055288461538461536
1 0.515625 0.6598557692307693 0.06009615384615385 0.10817307692307693
1 0.06009615384615385 0.6514423076923077 0.06971153846153846 0.07692307692307693
1 0.2283653846153846 0.6610576923076923 0.07692307692307693 0.08413461538461539
1 0.4254807692307692 0.6105769230769231 0.05048076923076923 0.057692307692307696
1 0.31971153846153844 0.6201923076923077 0.04567307692307692 0.055288461538461536
1 0.08413461538461539 0.5649038461538461 0.036057692307692304 0.038461538461538464
1 0.13701923076923078 0.6153846153846154 0.038461538461538464 0.04807692307692308
1 0.21875 0.6129807692307693 0.040865384615384616 0.040865384615384616
0 0.6322115384615384 0.5841346153846154 0.10576923076923077 0.12740384615384615