0 0.39663461538461536 0.2512019230769231 0.1201923076923077 0.20432692307692307
0 0.20192307692307693 0.35096153846153844 0.04567307692307692 0.05048076923076923
0 0.11538461538461539 0.2932692307692308 0.038461538461538464 0.038461538461538464
0 0.39663461538461536 0.019230769230769232 0.1201923076923077 0.038461538461538464
0 0.7668269230769231 0.27403846153846156 0.2860576923076923 0.34134615384615385
0 0.7692307692307693 0.03485576923076923 0.2932692307692308 0.06971153846153846
0 0.29086538461538464 0.8293269230769231 0.11778846153846154 0.11538461538461539
0 0.4254807692307692 0.7956730769230769 0.0625 0.09134615384615384
1 0.08653846153846154 0.7980769230769231 0.11057692307692307 0.11298076923076923
1 0.75 0.9326923076923077 0.0625 0.08173076923076923
1 0.8918269230769231 0.9302884615384616 0.052884615384615384 0.06009615384615385
1 0.5240384615384616 0.9567307692307693 0.055288461538461536 0.06971153846153846
1 0.6875 0.9158653846153846 0.028846153846153848 0.03365384615384615
1 0.6442307692307693 0.9158653846153846 0.02403846153846154 0.028846153846153848
1 0.5048076923076923 0.9182692307692307 0.038461538461538464 0.036057692307692304