0 0.7572115384615384 0.4495192307692308 0.04807692307692308 0.03365384615384615
0 0.5793269230769231 0.125 0.038461538461538464 0.040865384615384616
0 0.6466346153846154 0.16346153846153846 0.036057692307692304 0.04326923076923077
0 0.7980769230769231 0.2644230769230769 0.026442307692307692 0.028846153846153848
0 0.7475961538461539 0.3076923076923077 0.028846153846153848 0.03365384615384615
0 0.018028846153846152 0.6490384615384616 0.036057692307692304 0.08173076923076923
1 0.3317307692307692 0.6394230769230769 0.07211538461538461 0.07932692307692307
1 0.13221153846153846 0.6322115384615384 0.057692307692307696 0.06490384615384616
1 0.3918269230769231 0.6346153846153846 0.055288461538461536 0.06009615384615385
1 0.4567307692307692 0.6490384615384616 0.038461538461538464 0.05048076923076923
0 0.5072115384615384 0.6442307692307693 0.038461538461538464 0.06009615384615385
0 0.7692307692307693 0.6394230769230769 0.06971153846153846 0.07692307692307693
0 0.7668269230769231 0.7259615384615384 0.06971153846153846 0.07692307692307693