0 0.22355769230769232 0.3557692307692308 0.08413461538461539 0.08653846153846154
0 0.3329326923076923 0.3786057692307692 0.026442307692307692 0.055288461538461536
0 0.4735576923076923 0.057692307692307696 0.04326923076923077 0.04807692307692308
1 0.25721153846153844 0.45913461538461536 0.07211538461538461 0.08173076923076923
1 0.1141826923076923 0.46153846153846156 0.08413461538461539 0.08653846153846154
1 0.3173076923076923 0.4855769230769231 0.036057692307692304 0.052884615384615384
1 0.2091346153846154 0.4807692307692308 0.036057692307692304 0.07211538461538461
1 0.3701923076923077 0.7067307692307693 0.04326923076923077 0.09615384615384616
1 0.6129807692307693 0.6754807692307693 0.07211538461538461 0.09375
1 0.9699519230769231 0.671875 0.055288461538461536 0.10336538461538461
1 0.8004807692307693 0.6971153846153846 0.07211538461538461 0.0889423076923077
1 0.4567307692307692 0.7307692307692307 0.06971153846153846 0.08653846153846154