0 0.3401442307692308 0.04807692307692308 0.10336538461538461 0.09615384615384616
0 0.4723557692307692 0.04807692307692308 0.0985576923076923 0.09615384615384616
0 0.2644230769230769 0.11298076923076923 0.0625 0.07451923076923077
0 0.13701923076923078 0.11538461538461539 0.0625 0.07451923076923077
0 0.03125 0.125 0.06009615384615385 0.08173076923076923
0 0.09615384615384616 0.15865384615384615 0.04567307692307692 0.0625
0 0.19471153846153846 0.15144230769230768 0.057692307692307696 0.057692307692307696
0 0.6875 0.28846153846153844 0.12980769230769232 0.16346153846153846
0 0.03125 0.5793269230769231 0.0625 0.10096153846153846
1 0.3004807692307692 0.6033653846153846 0.09615384615384616 0.11057692307692307
1 0.3701923076923077 0.7355769230769231 0.11057692307692307 0.10576923076923077
1 0.5108173076923077 0.6454326923076923 0.03125 0.11778846153846154
0 0.5504807692307693 0.7475961538461539 0.04326923076923077 0.052884615384615384