0 0.27163461538461536 0.33653846153846156 0.0985576923076923 0.11778846153846154
0 0.5841346153846154 0.37740384615384615 0.07692307692307693 0.0889423076923077
0 0.7475961538461539 0.12259615384615384 0.07692307692307693 0.09375
0 0.39903846153846156 0.6875 0.12740384615384615 0.18028846153846154
0 0.08413461538461539 0.6658653846153846 0.14182692307692307 0.19471153846153846
0 0.45072115384615385 0.7367788461538461 0.05048076923076923 0.13701923076923078
0 0.18990384615384615 0.8052884615384616 0.04807692307692308 0.0625
0 0.6658653846153846 0.7740384615384616 0.06490384615384616 0.0673076923076923
0 0.8509615384615384 0.7596153846153846 0.057692307692307696 0.08173076923076923
0 0.5048076923076923 0.7163461538461539 0.052884615384615384 0.0625
0 0.90625 0.7836538461538461 0.057692307692307696 0.06009615384615385
0 0.9110576923076923 0.8605769230769231 0.057692307692307696 0.05048076923076923
0 0.6670673076923077 0.46033653846153844 0.06971153846153846 0.021634615384615384
0 0.8521634615384616 0.47115384615384615 0.06490384615384616 0.04326923076923077
0 0.5048076923076923 0.49038461538461536 0.052884615384615384 0.0625
0 0.90625 0.453125 0.0625 0.007211538461538462