0 0.13942307692307693 0.4254807692307692 0.14423076923076922 0.14423076923076922
0 0.5336538461538461 0.09615384615384616 0.07211538461538461 0.0985576923076923
1 0.8846153846153846 0.12259615384615384 0.0673076923076923 0.0889423076923077
1 0.8173076923076923 0.16105769230769232 0.0625 0.07451923076923077
1 0.48197115384615385 0.12379807692307693 0.026442307692307692 0.06971153846153846
1 0.5841346153846154 0.14423076923076922 0.04567307692307692 0.06490384615384616
1 0.6418269230769231 0.15384615384615385 0.03365384615384615 0.04567307692307692
1 0.6850961538461539 0.16826923076923078 0.03125 0.04567307692307692
1 0.7235576923076923 0.15865384615384615 0.03365384615384615 0.040865384615384616
1 0.9783653846153846 0.1622596153846154 0.038461538461538464 0.06009615384615385
0 0.03365384615384615 0.5480769230769231 0.0673076923076923 0.09615384615384616
0 0.27884615384615385 0.5504807692307693 0.09134615384615384 0.10096153846153846
0 0.5096153846153846 0.9495192307692307 0.08173076923076923 0.09615384615384616