0 0.46875 0.2692307692307692 0.04807692307692308 0.06009615384615385
0 0.34375 0.3004807692307692 0.04567307692307692 0.040865384615384616
0 0.3317307692307692 0.3557692307692308 0.04567307692307692 0.03365384615384615
0 0.16346153846153846 0.22355769230769232 0.038461538461538464 0.04326923076923077
0 0.5408653846153846 0.15625 0.04326923076923077 0.10576923076923077
0 0.015625 0.8064903846153846 0.03125 0.08413461538461539
0 0.4723557692307692 0.8209134615384616 0.0889423076923077 0.12259615384615384
0 0.36778846153846156 0.8245192307692307 0.06490384615384616 0.06971153846153846
0 0.25 0.8485576923076923 0.055288461538461536 0.055288461538461536
0 0.06490384615384616 0.7980769230769231 0.057692307692307696 0.09134615384615384
0 0.1778846153846154 0.8822115384615384 0.06490384615384616 0.07932692307692307
0 0.10576923076923077 0.8365384615384616 0.040865384615384616 0.06490384615384616
0 0.19471153846153846 0.7884615384615384 0.04326923076923077 0.0625
0 0.75 0.6923076923076923 0.07211538461538461 0.07692307692307693
0 0.6802884615384616 0.8293269230769231 0.06971153846153846 0.06971153846153846