0 0.4519230769230769 0.07451923076923077 0.09134615384615384 0.14423076923076922
0 0.06971153846153846 0.09134615384615384 0.04567307692307692 0.057692307692307696
0 0.16346153846153846 0.11057692307692307 0.05048076923076923 0.05048076923076923
0 0.7860576923076923 0.11538461538461539 0.0625 0.06971153846153846
0 0.5180288461538461 0.07932692307692307 0.036057692307692304 0.057692307692307696
0 0.9399038461538461 0.07692307692307693 0.03125 0.038461538461538464
0 0.90625 0.07692307692307693 0.026442307692307692 0.03125
0 0.8125 0.07451923076923077 0.028846153846153848 0.03365384615384615
0 0.46875 0.640625 0.057692307692307696 0.09375
0 0.3173076923076923 0.6466346153846154 0.07932692307692307 0.08173076923076923
0 0.8076923076923077 0.5889423076923077 0.25961538461538464 0.22115384615384615
0 0.5817307692307693 0.6875 0.12980769230769232 0.15384615384615385
0 0.6995192307692307 0.6201923076923077 0.14182692307692307 0.22115384615384615