0 0.28846153846153844 0.28846153846153844 0.052884615384615384 0.057692307692307696
1 0.13221153846153846 0.2620192307692308 0.05048076923076923 0.055288461538461536
1 0.038461538461538464 0.28365384615384615 0.038461538461538464 0.040865384615384616
1 0.06971153846153846 0.29086538461538464 0.028846153846153848 0.040865384615384616
1 0.2620192307692308 0.27403846153846156 0.03365384615384615 0.057692307692307696
1 0.3401442307692308 0.2920673076923077 0.01201923076923077 0.04567307692307692
0 0.6634615384615384 0.28846153846153844 0.08173076923076923 0.10336538461538461
0 0.3581730769230769 0.30528846153846156 0.019230769230769232 0.11538461538461539
0 0.8677884615384616 0.3629807692307692 0.057692307692307696 0.09134615384615384
0 0.6646634615384616 0.015625 0.0889423076923077 0.03125
1 0.17307692307692307 0.7716346153846154 0.07932692307692307 0.0985576923076923
1 0.3076923076923077 0.7800480769230769 0.07692307692307693 0.12259615384615384