0 0.14903846153846154 0.12740384615384615 0.25721153846153844 0.23798076923076922
0 0.8269230769230769 0.08413461538461539 0.09615384615384616 0.12740384615384615
0 0.6057692307692307 0.09134615384615384 0.05048076923076923 0.06490384615384616
0 0.09375 0.6346153846153846 0.021634615384615384 0.028846153846153848
0 0.1201923076923077 0.6298076923076923 0.03365384615384615 0.04567307692307692
0 0.16105769230769232 0.625 0.03125 0.04326923076923077
0 0.20673076923076922 0.6298076923076923 0.03365384615384615 0.04326923076923077
0 0.2620192307692308 0.6177884615384616 0.02403846153846154 0.03365384615384615
0 0.2860576923076923 0.6177884615384616 0.026442307692307692 0.04567307692307692
0 0.3269230769230769 0.6105769230769231 0.038461538461538464 0.055288461538461536
0 0.4254807692307692 0.6081730769230769 0.03365384615384615 0.04567307692307692
0 0.46634615384615385 0.6009615384615384 0.040865384615384616 0.06009615384615385
0 0.8509615384615384 0.8870192307692307 0.08173076923076923 0.10817307692307693
0 0.65625 0.9206730769230769 0.055288461538461536 0.057692307692307696
0 0.9903846153846154 0.7704326923076923 0.014423076923076924 0.07451923076923077