0 0.22956730769230768 0.31850961538461536 0.07932692307692307 0.09375
0 0.12379807692307693 0.32091346153846156 0.09375 0.0889423076923077
0 0.04807692307692308 0.328125 0.0625 0.07451923076923077
0 0.28125 0.33774038461538464 0.04326923076923077 0.055288461538461536
0 0.375 0.31490384615384615 0.05048076923076923 0.0625
0 0.3317307692307692 0.33653846153846156 0.03365384615384615 0.057692307692307696
0 0.015625 0.33533653846153844 0.03125 0.06009615384615385
0 0.22956730769230768 0.008413461538461538 0.08413461538461539 0.016826923076923076
0 0.12379807692307693 0.006009615384615385 0.0985576923076923 0.01201923076923077
0 0.3762019230769231 0.002403846153846154 0.055288461538461536 0.004807692307692308
0 0.7151442307692307 0.21033653846153846 0.07451923076923077 0.09375
0 0.8317307692307693 0.21634615384615385 0.11057692307692307 0.10817307692307693
0 0.33533653846153844 0.41586538461538464 0.15144230769230768 0.09615384615384616
0 0.9663461538461539 0.4807692307692308 0.0625 0.11057692307692307
0 0.9086538461538461 0.47596153846153844 0.055288461538461536 0.06009615384615385
0 0.8245192307692307 0.5048076923076923 0.06971153846153846 0.0625