0 0.014423076923076924 0.3786057692307692 0.028846153846153848 0.07932692307692307
0 0.07451923076923077 0.3870192307692308 0.0625 0.09615384615384616
0 0.27163461538461536 0.3629807692307692 0.0673076923076923 0.09375
0 0.3701923076923077 0.42788461538461536 0.05048076923076923 0.08413461538461539
0 0.4423076923076923 0.375 0.04567307692307692 0.10336538461538461
0 0.5649038461538461 0.42788461538461536 0.05048076923076923 0.08413461538461539
0 0.49278846153846156 0.375 0.04567307692307692 0.10336538461538461
0 0.9711538461538461 0.5552884615384616 0.04807692307692308 0.055288461538461536
1 0.5709134615384616 0.7524038461538461 0.06971153846153846 0.0673076923076923
0 0.9747596153846154 0.8701923076923077 0.04567307692307692 0.08173076923076923
1 0.6370192307692307 0.8413461538461539 0.05048076923076923 0.06490384615384616
1 0.7283653846153846 0.84375 0.04326923076923077 0.057692307692307696
1 0.6754807692307693 0.8605769230769231 0.038461538461538464 0.0625
0 0.6129807692307693 0.8581730769230769 0.009615384615384616 0.052884615384615384