0 0.004807692307692308 0.26322115384615385 0.009615384615384616 0.06009615384615385
0 0.08413461538461539 0.25240384615384615 0.038461538461538464 0.055288461538461536
0 0.1658653846153846 0.25961538461538464 0.040865384615384616 0.055288461538461536
0 0.20432692307692307 0.2692307692307692 0.03125 0.04326923076923077
0 0.2668269230769231 0.2692307692307692 0.026442307692307692 0.036057692307692304
0 0.2980769230769231 0.25721153846153844 0.03365384615384615 0.04807692307692308
0 0.33413461538461536 0.2644230769230769 0.02403846153846154 0.05048076923076923
0 0.3629807692307692 0.2548076923076923 0.038461538461538464 0.055288461538461536
0 0.39663461538461536 0.2692307692307692 0.03365384615384615 0.04807692307692308
0 0.45913461538461536 0.2644230769230769 0.040865384615384616 0.052884615384615384
0 0.49158653846153844 0.2620192307692308 0.01201923076923077 0.052884615384615384
0 0.9663461538461539 0.2608173076923077 0.0625 0.20432692307692307
0 0.6442307692307693 0.16105769230769232 0.15144230769230768 0.18269230769230768
0 0.8942307692307693 0.8894230769230769 0.16105769230769232 0.1778846153846154