1 0.22355769230769232 0.08413461538461539 0.0889423076923077 0.08173076923076923
1 0.3870192307692308 0.07211538461538461 0.052884615384615384 0.06009615384615385
1 0.3269230769230769 0.0673076923076923 0.06009615384615385 0.06971153846153846
1 0.7235576923076923 0.18269230769230768 0.057692307692307696 0.0673076923076923
1 0.9182692307692307 0.19471153846153846 0.05048076923076923 0.057692307692307696
1 0.49759615384615385 0.1778846153846154 0.04567307692307692 0.057692307692307696
1 0.6009615384615384 0.19230769230769232 0.040865384615384616 0.04567307692307692
1 0.6586538461538461 0.22115384615384615 0.03125 0.04567307692307692
1 0.8245192307692307 0.1875 0.04567307692307692 0.055288461538461536
0 0.07451923076923077 0.5384615384615384 0.06009615384615385 0.0673076923076923
0 0.5528846153846154 0.46634615384615385 0.052884615384615384 0.03365384615384615
0 0.7223557692307693 0.46875 0.04567307692307692 0.038461538461538464
0 0.8990384615384616 0.49278846153846156 0.036057692307692304 0.040865384615384616
0 0.9639423076923077 0.4855769230769231 0.019230769230769232 0.028846153846153848