0 0.26802884615384615 0.019230769230769232 0.10817307692307693 0.038461538461538464
0 0.06129807692307692 0.021634615384615384 0.12259615384615384 0.04326923076923077
1 0.9459134615384616 0.03365384615384615 0.06490384615384616 0.0673076923076923
1 0.04567307692307692 0.7956730769230769 0.04326923076923077 0.06490384615384616
1 0.09134615384615384 0.78125 0.055288461538461536 0.06490384615384616
1 0.28365384615384615 0.8125 0.06971153846153846 0.08173076923076923
1 0.5 0.7884615384615384 0.06971153846153846 0.07451923076923077
1 0.5745192307692307 0.8052884615384616 0.0625 0.06971153846153846
1 0.09134615384615384 0.4495192307692308 0.057692307692307696 0.019230769230769232
1 0.5012019230769231 0.4483173076923077 0.07451923076923077 0.016826923076923076
0 0.8461538461538461 0.4987980769230769 0.15384615384615385 0.11778846153846154