0 0.11538461538461539 0.6129807692307693 0.12259615384615384 0.13701923076923078
0 0.3870192307692308 0.6201923076923077 0.07451923076923077 0.08653846153846154
0 0.24278846153846154 0.6418269230769231 0.09375 0.10576923076923077
0 0.4483173076923077 0.6598557692307693 0.036057692307692304 0.06009615384615385
0 0.2980769230769231 0.6586538461538461 0.038461538461538464 0.06971153846153846
0 0.009615384615384616 0.6598557692307693 0.019230769230769232 0.036057692307692304
0 0.8197115384615384 0.8197115384615384 0.057692307692307696 0.06971153846153846
0 0.6875 0.8725961538461539 0.06009615384615385 0.06971153846153846
0 0.4723557692307692 0.6899038461538461 0.007211538461538462 0.04807692307692308
0 0.6826923076923077 0.6899038461538461 0.03365384615384615 0.03365384615384615
0 0.7331730769230769 0.6682692307692307 0.03365384615384615 0.040865384615384616
0 0.9014423076923077 0.6850961538461539 0.028846153846153848 0.03365384615384615