0 0.3317307692307692 0.15865384615384615 0.08413461538461539 0.09134615384615384
1 0.45913461538461536 0.5504807692307693 0.026442307692307692 0.03125
1 0.49759615384615385 0.5360576923076923 0.04567307692307692 0.04567307692307692
1 0.5408653846153846 0.5288461538461539 0.03125 0.040865384615384616
1 0.5889423076923077 0.5096153846153846 0.04567307692307692 0.04567307692307692
1 0.6153846153846154 0.5360576923076923 0.03125 0.03365384615384615
1 0.6682692307692307 0.5288461538461539 0.03365384615384615 0.036057692307692304
1 0.8653846153846154 0.5360576923076923 0.036057692307692304 0.05048076923076923
0 0.9807692307692307 0.8149038461538461 0.03365384615384615 0.1201923076923077
0 0.6274038461538461 0.7980769230769231 0.057692307692307696 0.0985576923076923
1 0.7620192307692307 0.7920673076923077 0.07692307692307693 0.10817307692307693
1 0.8221153846153846 0.8149038461538461 0.08413461538461539 0.10576923076923077
1 0.5901442307692307 0.7980769230769231 0.08413461538461539 0.1201923076923077
1 0.49038461538461536 0.7920673076923077 0.09615384615384616 0.10817307692307693