0 0.5204326923076923 0.0733173076923077 0.08413461538461539 0.1466346153846154
0 0.9254807692307693 0.08774038461538461 0.14423076923076922 0.17548076923076922
0 0.6033653846153846 0.09375 0.10576923076923077 0.1346153846153846
1 0.7139423076923077 0.0673076923076923 0.11538461538461539 0.1346153846153846
0 0.24278846153846154 0.5528846153846154 0.057692307692307696 0.0985576923076923
1 0.016826923076923076 0.5612980769230769 0.03365384615384615 0.15625
1 0.37740384615384615 0.5432692307692307 0.07451923076923077 0.11057692307692307
1 0.43509615384615385 0.5709134615384616 0.08173076923076923 0.10817307692307693
1 0.20432692307692307 0.5504807692307693 0.08173076923076923 0.1201923076923077
1 0.10576923076923077 0.5384615384615384 0.09375 0.1201923076923077
0 0.9375 0.5961538461538461 0.036057692307692304 0.052884615384615384
0 0.9375 0.3125 0.036057692307692304 0.052884615384615384