0 0.0985576923076923 0.08653846153846154 0.04807692307692308 0.06971153846153846
1 0.3798076923076923 0.08653846153846154 0.04567307692307692 0.0625
1 0.18509615384615385 0.10576923076923077 0.04807692307692308 0.06971153846153846
1 0.27884615384615385 0.10096153846153846 0.04567307692307692 0.057692307692307696
1 0.4543269230769231 0.09375 0.04326923076923077 0.038461538461538464
1 0.5721153846153846 0.09375 0.055288461538461536 0.07211538461538461
0 0.7283653846153846 0.09615384615384616 0.055288461538461536 0.06009615384615385
0 0.8389423076923077 0.057692307692307696 0.057692307692307696 0.057692307692307696
1 0.04447115384615385 0.5841346153846154 0.06009615384615385 0.028846153846153848
1 0.1201923076923077 0.578125 0.04326923076923077 0.016826923076923076
0 0.7259615384615384 0.6646634615384616 0.15384615384615385 0.18990384615384615