0 0.01201923076923077 0.10817307692307693 0.02403846153846154 0.16826923076923078
0 0.16105769230769232 0.18990384615384615 0.09615384615384616 0.12980769230769232
0 0.3737980769230769 0.2439903846153846 0.04567307692307692 0.08413461538461539
0 0.37259615384615385 0.20192307692307693 0.04807692307692308 0.08653846153846154
0 0.8581730769230769 0.5264423076923077 0.11057692307692307 0.10576923076923077
0 0.5096153846153846 0.39663461538461536 0.11538461538461539 0.11538461538461539
1 0.1466346153846154 0.9735576923076923 0.04807692307692308 0.04807692307692308
1 0.03245192307692308 0.9807692307692307 0.055288461538461536 0.03365384615384615
1 0.2439903846153846 0.9795673076923077 0.036057692307692304 0.036057692307692304
1 0.2956730769230769 0.9591346153846154 0.052884615384615384 0.057692307692307696
1 0.3629807692307692 0.96875 0.038461538461538464 0.04807692307692308
0 0.5360576923076923 0.8173076923076923 0.0889423076923077 0.09615384615384616
0 0.9783653846153846 0.9555288461538461 0.038461538461538464 0.08413461538461539
0 0.5600961538461539 0.9302884615384616 0.07692307692307693 0.06971153846153846
0 0.5360576923076923 0.6814903846153846 0.09134615384615384 0.06490384615384616