0 0.27163461538461536 0.078125 0.0673076923076923 0.10817307692307693
0 0.8605769230769231 0.18269230769230768 0.09615384615384616 0.0985576923076923
0 0.47115384615384615 0.21394230769230768 0.06971153846153846 0.07211538461538461
0 0.6346153846153846 0.25961538461538464 0.055288461538461536 0.057692307692307696
0 0.5288461538461539 0.8389423076923077 0.04326923076923077 0.052884615384615384
0 0.4375 0.8798076923076923 0.03365384615384615 0.040865384615384616
0 0.31490384615384615 0.8569711538461539 0.014423076923076924 0.036057692307692304
0 0.8798076923076923 0.9230769230769231 0.038461538461538464 0.040865384615384616
0 0.9495192307692307 0.7764423076923077 0.03365384615384615 0.038461538461538464
0 0.84375 0.7956730769230769 0.040865384615384616 0.040865384615384616
0 0.7572115384615384 0.8221153846153846 0.03365384615384615 0.04326923076923077
0 0.6298076923076923 0.8317307692307693 0.04807692307692308 0.05048076923076923
0 0.5961538461538461 0.8341346153846154 0.036057692307692304 0.04567307692307692
1 0.47596153846153844 0.8822115384615384 0.028846153846153848 0.036057692307692304
1 0.6923076923076923 0.8173076923076923 0.040865384615384616 0.04567307692307692