0 0.5420673076923077 0.2848557692307692 0.10817307692307693 0.17067307692307693
0 0.10817307692307693 0.2980769230769231 0.12740384615384615 0.18028846153846154
0 0.47596153846153844 0.375 0.07211538461538461 0.0889423076923077
0 0.37740384615384615 0.31490384615384615 0.125 0.16105769230769232
0 0.1778846153846154 0.34615384615384615 0.08413461538461539 0.1346153846153846
0 0.31490384615384615 0.37259615384615385 0.06971153846153846 0.08653846153846154
0 0.23798076923076922 0.39663461538461536 0.06490384615384616 0.0889423076923077
0 0.8870192307692307 0.5889423076923077 0.18269230769230768 0.052884615384615384
0 0.5384615384615384 0.6586538461538461 0.06490384615384616 0.06971153846153846
0 0.6370192307692307 0.7367788461538461 0.07692307692307693 0.16105769230769232
0 0.6478365384615384 0.6442307692307693 0.0985576923076923 0.052884615384615384
1 0.9086538461538461 0.7091346153846154 0.1778846153846154 0.18269230769230768
1 0.9254807692307693 0.9639423076923077 0.14423076923076922 0.0673076923076923
1 0.7992788461538461 0.9651442307692307 0.15144230769230768 0.06490384615384616