0 0.25240384615384615 0.2932692307692308 0.11057692307692307 0.11298076923076923
0 0.08653846153846154 0.46153846153846156 0.0673076923076923 0.07692307692307693
0 0.25240384615384615 0.04567307692307692 0.11298076923076923 0.09134615384615384
0 0.6129807692307693 0.36899038461538464 0.0673076923076923 0.2620192307692308
0 0.8197115384615384 0.2548076923076923 0.06971153846153846 0.0889423076923077
0 0.9038461538461539 0.2548076923076923 0.04807692307692308 0.06971153846153846
0 0.9447115384615384 0.2548076923076923 0.03365384615384615 0.05048076923076923
0 0.16105769230769232 0.8485576923076923 0.17548076923076922 0.23798076923076922
0 0.390625 0.8942307692307693 0.17067307692307693 0.20673076923076922
0 0.1622596153846154 0.5913461538461539 0.18028846153846154 0.125
0 0.3894230769230769 0.5600961538461539 0.17307692307692307 0.0625