0 0.5132211538461539 0.1935096153846154 0.1466346153846154 0.16105769230769232
0 0.18269230769230768 0.04567307692307692 0.11538461538461539 0.09134615384615384
0 0.11778846153846154 0.13942307692307693 0.09615384615384616 0.11298076923076923
0 0.16346153846153846 0.22355769230769232 0.13942307692307693 0.125
0 0.5120192307692307 0.3858173076923077 0.14903846153846154 0.06009615384615385
0 0.16466346153846154 0.3786057692307692 0.14182692307692307 0.07451923076923077
0 0.9014423076923077 0.19230769230769232 0.17548076923076922 0.19951923076923078
0 0.7415865384615384 0.08173076923076923 0.21875 0.16346153846153846
0 0.014423076923076924 0.453125 0.028846153846153848 0.06971153846153846
0 0.0889423076923077 0.4543269230769231 0.04807692307692308 0.055288461538461536
0 0.25240384615384615 0.4495192307692308 0.03365384615384615 0.04807692307692308
0 0.40384615384615385 0.4495192307692308 0.028846153846153848 0.03125
0 0.5841346153846154 0.4423076923076923 0.004807692307692308 0.028846153846153848