1 0.578125 0.10697115384615384 0.06009615384615385 0.06971153846153846
1 0.7620192307692307 0.03125 0.09615384615384616 0.0625
1 0.8581730769230769 0.0673076923076923 0.052884615384615384 0.0625
1 0.9375 0.04807692307692308 0.07451923076923077 0.07692307692307693
0 0.4831730769230769 0.42788461538461536 0.09134615384615384 0.11778846153846154
0 0.17307692307692307 0.43509615384615385 0.07932692307692307 0.10096153846153846
0 0.23317307692307693 0.44711538461538464 0.055288461538461536 0.07451923076923077
0 0.04326923076923077 0.4543269230769231 0.05048076923076923 0.07451923076923077
0 0.28125 0.46153846153846156 0.052884615384615384 0.08173076923076923
0 0.4495192307692308 0.43509615384615385 0.057692307692307696 0.09615384615384616
0 0.3293269230769231 0.4735576923076923 0.036057692307692304 0.057692307692307696
1 0.38221153846153844 0.4567307692307692 0.040865384615384616 0.06009615384615385
0 0.10336538461538461 0.4735576923076923 0.038461538461538464 0.05048076923076923
0 0.609375 0.6790865384615384 0.12259615384615384 0.2860576923076923
0 0.5841346153846154 0.5060096153846154 0.07211538461538461 0.1466346153846154
0 0.7836538461538461 0.5048076923076923 0.14182692307692307 0.1875
0 0.9254807692307693 0.5865384615384616 0.10336538461538461 0.14182692307692307
0 0.9831730769230769 0.5576923076923077 0.028846153846153848 0.14903846153846154