0 0.43509615384615385 0.052884615384615384 0.014423076923076924 0.04807692307692308
0 0.5216346153846154 0.05048076923076923 0.04326923076923077 0.038461538461538464
0 0.5901442307692307 0.021634615384615384 0.07451923076923077 0.04326923076923077
0 0.6634615384615384 0.036057692307692304 0.03365384615384615 0.03365384615384615
0 0.71875 0.04567307692307692 0.026442307692307692 0.026442307692307692
0 0.07932692307692307 0.6418269230769231 0.04326923076923077 0.04807692307692308
0 0.21875 0.6778846153846154 0.0985576923076923 0.11538461538461539
0 0.07932692307692307 0.4543269230769231 0.04326923076923077 0.04807692307692308
0 0.21875 0.44350961538461536 0.10096153846153846 0.06971153846153846
0 0.9158653846153846 0.5432692307692307 0.06009615384615385 0.06009615384615385
0 0.84375 0.5432692307692307 0.06009615384615385 0.06009615384615385