0 0.44471153846153844 0.019230769230769232 0.057692307692307696 0.038461538461538464
0 0.2920673076923077 0.020432692307692308 0.10336538461538461 0.040865384615384616
1 0.08173076923076923 0.013221153846153846 0.07692307692307693 0.026442307692307692
0 0.4110576923076923 0.016826923076923076 0.038461538461538464 0.03365384615384615
0 0.17548076923076922 0.03125 0.038461538461538464 0.05048076923076923
0 0.6274038461538461 0.2620192307692308 0.04567307692307692 0.040865384615384616
0 0.5336538461538461 0.34615384615384615 0.04807692307692308 0.036057692307692304
0 0.6682692307692307 0.4375 0.05048076923076923 0.038461538461538464
0 0.13701923076923078 0.5865384615384616 0.055288461538461536 0.06490384615384616
0 0.21153846153846154 0.5721153846153846 0.057692307692307696 0.07692307692307693
0 0.9807692307692307 0.6358173076923077 0.03365384615384615 0.13221153846153846