1 0.2091346153846154 0.042067307692307696 0.14423076923076922 0.08413461538461539
0 0.7644230769230769 0.4182692307692308 0.036057692307692304 0.05048076923076923
0 0.7163461538461539 0.4639423076923077 0.026442307692307692 0.036057692307692304
0 0.8004807692307693 0.4375 0.03365384615384615 0.038461538461538464
0 0.8918269230769231 0.46875 0.03365384615384615 0.038461538461538464
0 0.8942307692307693 0.4110576923076923 0.036057692307692304 0.040865384615384616
0 0.9639423076923077 0.4182692307692308 0.038461538461538464 0.040865384615384616
0 0.9819711538461539 0.39903846153846156 0.03125 0.04326923076923077
0 0.03485576923076923 0.8497596153846154 0.06971153846153846 0.11298076923076923
0 0.12980769230769232 0.8533653846153846 0.07932692307692307 0.09615384615384616
0 0.3629807692307692 0.8052884615384616 0.13942307692307693 0.1658653846153846
0 0.5 0.8004807692307693 0.10576923076923077 0.1346153846153846
0 0.8701923076923077 0.6682692307692307 0.07692307692307693 0.10576923076923077
0 0.7764423076923077 0.6454326923076923 0.11538461538461539 0.11298076923076923