0 0.4543269230769231 0.15144230769230768 0.10336538461538461 0.12259615384615384
0 0.02283653846153846 0.2620192307692308 0.04567307692307692 0.11057692307692307
0 0.453125 0.040865384615384616 0.10817307692307693 0.08173076923076923
0 0.8425480769230769 0.01201923076923077 0.09375 0.02403846153846154
1 0.765625 0.008413461538461538 0.06971153846153846 0.016826923076923076
1 0.7211538461538461 0.014423076923076924 0.04326923076923077 0.028846153846153848
0 0.04567307692307692 0.47836538461538464 0.0673076923076923 0.06971153846153846
0 0.6213942307692307 0.5264423076923077 0.03125 0.07211538461538461
1 0.1201923076923077 0.5192307692307693 0.04567307692307692 0.057692307692307696
1 0.2692307692307692 0.5144230769230769 0.05048076923076923 0.057692307692307696
1 0.46634615384615385 0.5120192307692307 0.057692307692307696 0.06009615384615385
1 0.010817307692307692 0.5036057692307693 0.021634615384615384 0.05048076923076923
1 0.7019230769230769 0.5144230769230769 0.0673076923076923 0.09375
1 0.7740384615384616 0.5721153846153846 0.036057692307692304 0.052884615384615384
0 0.8581730769230769 0.5600961538461539 0.036057692307692304 0.055288461538461536