0 0.4639423076923077 0.12740384615384615 0.04326923076923077 0.052884615384615384
0 0.6634615384615384 0.09735576923076923 0.04807692307692308 0.13221153846153846
1 0.8197115384615384 0.11778846153846154 0.07692307692307693 0.12740384615384615
1 0.9723557692307693 0.13701923076923078 0.05048076923076923 0.07692307692307693
0 0.9350961538461539 0.15625 0.04807692307692308 0.08173076923076923
0 0.28846153846153844 0.8221153846153846 0.07211538461538461 0.10576923076923077
0 0.5336538461538461 0.8389423076923077 0.08653846153846154 0.10576923076923077
1 0.09134615384615384 0.8413461538461539 0.0673076923076923 0.07211538461538461
1 0.008413461538461538 0.8125 0.016826923076923076 0.09615384615384616
1 0.2091346153846154 0.8533653846153846 0.06490384615384616 0.07451923076923077
1 0.34134615384615385 0.8461538461538461 0.036057692307692304 0.0625
1 0.4182692307692308 0.8485576923076923 0.04807692307692308 0.055288461538461536