0 0.53125 0.3004807692307692 0.12259615384615384 0.18509615384615385
0 0.5408653846153846 0.9519230769230769 0.057692307692307696 0.06971153846153846
0 0.16346153846153846 0.9567307692307693 0.04567307692307692 0.055288461538461536
0 0.2824519230769231 0.9675480769230769 0.040865384615384616 0.06009615384615385
0 0.06971153846153846 0.9723557692307693 0.04807692307692308 0.05048076923076923
0 0.12379807692307693 0.9819711538461539 0.036057692307692304 0.03125
0 0.2247596153846154 0.9915865384615384 0.040865384615384616 0.01201923076923077
0 0.3762019230769231 0.9783653846153846 0.040865384615384616 0.038461538461538464
0 0.41586538461538464 0.9783653846153846 0.038461538461538464 0.038461538461538464
0 0.7956730769230769 0.8485576923076923 0.08173076923076923 0.09375
0 0.7403846153846154 0.8125 0.07451923076923077 0.08653846153846154
0 0.6358173076923077 0.8401442307692307 0.055288461538461536 0.06009615384615385
0 0.6189903846153846 0.8149038461538461 0.021634615384615384 0.07692307692307693