0 0.4987980769230769 0.20793269230769232 0.09375 0.19951923076923078
0 0.5264423076923077 0.046875 0.038461538461538464 0.09375
0 0.36538461538461536 0.11057692307692307 0.12740384615384615 0.16826923076923078
0 0.21153846153846154 0.7091346153846154 0.04567307692307692 0.0625
0 0.28846153846153844 0.6995192307692307 0.057692307692307696 0.09134615384615384
0 0.39903846153846156 0.75 0.07692307692307693 0.09615384615384616
0 0.5 0.7067307692307693 0.09134615384615384 0.12980769230769232
0 0.25240384615384615 0.7019230769230769 0.026442307692307692 0.07211538461538461
1 0.7776442307692307 0.5180288461538461 0.08413461538461539 0.0985576923076923
1 0.9338942307692307 0.5180288461538461 0.08413461538461539 0.0985576923076923
1 0.5901442307692307 0.5096153846153846 0.06490384615384616 0.08173076923076923