0 0.039663461538461536 0.265625 0.07932692307692307 0.06009615384615385
0 0.5540865384615384 0.2764423076923077 0.06971153846153846 0.038461538461538464
0 0.4182692307692308 0.25721153846153844 0.0673076923076923 0.07692307692307693
0 0.17908653846153846 0.2704326923076923 0.055288461538461536 0.05048076923076923
0 0.30408653846153844 0.27884615384615385 0.055288461538461536 0.03365384615384615
0 0.2704326923076923 0.28846153846153844 0.055288461538461536 0.014423076923076924
0 0.5817307692307693 0.5132211538461539 0.04807692307692308 0.18509615384615385
0 0.4326923076923077 0.5360576923076923 0.10336538461538461 0.14182692307692307
1 0.1875 0.5552884615384616 0.11057692307692307 0.15384615384615385
1 0.5360576923076923 0.5649038461538461 0.08173076923076923 0.09615384615384616
0 0.7932692307692307 0.7884615384615384 0.09134615384615384 0.052884615384615384
0 0.6538461538461539 0.7355769230769231 0.0625 0.055288461538461536