0 0.5697115384615384 0.3389423076923077 0.07932692307692307 0.0889423076923077
0 0.4831730769230769 0.125 0.07451923076923077 0.08173076923076923
0 0.3713942307692308 0.6105769230769231 0.10817307692307693 0.14423076923076922
0 0.24879807692307693 0.5853365384615384 0.10336538461538461 0.09375
0 0.140625 0.6045673076923077 0.12259615384615384 0.13221153846153846
0 0.056490384615384616 0.5985576923076923 0.0985576923076923 0.1201923076923077
0 0.3918269230769231 0.5637019230769231 0.0673076923076923 0.05048076923076923
0 0.96875 0.671875 0.057692307692307696 0.08413461538461539
0 0.7235576923076923 0.6298076923076923 0.04807692307692308 0.07451923076923077
0 0.6201923076923077 0.6418269230769231 0.04807692307692308 0.0625
0 0.8942307692307693 0.6298076923076923 0.04326923076923077 0.06009615384615385
0 0.9375 0.6346153846153846 0.028846153846153848 0.05048076923076923
0 0.5528846153846154 0.6394230769230769 0.021634615384615384 0.03365384615384615
0 0.6610576923076923 0.6370192307692307 0.026442307692307692 0.036057692307692304
0 0.5841346153846154 0.6466346153846154 0.019230769230769232 0.03365384615384615