0 0.17548076923076922 0.038461538461538464 0.0673076923076923 0.07451923076923077
1 0.8653846153846154 0.33653846153846156 0.04567307692307692 0.055288461538461536
1 0.6923076923076923 0.35336538461538464 0.028846153846153848 0.036057692307692304
1 0.7475961538461539 0.3557692307692308 0.03125 0.036057692307692304
1 0.7716346153846154 0.35096153846153844 0.021634615384615384 0.036057692307692304
1 0.8293269230769231 0.3485576923076923 0.03365384615384615 0.04326923076923077
1 0.9567307692307693 0.3605769230769231 0.040865384615384616 0.04567307692307692
0 0.43509615384615385 0.8149038461538461 0.12980769230769232 0.15384615384615385
0 0.13701923076923078 0.8533653846153846 0.0625 0.08173076923076923
0 0.010817307692307692 0.9038461538461539 0.021634615384615384 0.052884615384615384
0 0.43509615384615385 0.5372596153846154 0.1346153846153846 0.016826923076923076
1 0.7235576923076923 0.9471153846153846 0.014423076923076924 0.026442307692307692
1 0.6862980769230769 0.9399038461538461 0.036057692307692304 0.057692307692307696
1 0.8317307692307693 0.9158653846153846 0.038461538461538464 0.052884615384615384
1 0.8774038461538461 0.90625 0.03125 0.038461538461538464
1 0.8605769230769231 0.9206730769230769 0.021634615384615384 0.03365384615384615
1 0.9182692307692307 0.9110576923076923 0.03365384615384615 0.03365384615384615
1 0.9807692307692307 0.9158653846153846 0.03365384615384615 0.04567307692307692