0 0.08413461538461539 0.25721153846153844 0.055288461538461536 0.07451923076923077
0 0.026442307692307692 0.23798076923076922 0.052884615384615384 0.07211538461538461
1 0.16105769230769232 0.2403846153846154 0.04567307692307692 0.0625
0 0.3557692307692308 0.41346153846153844 0.13701923076923078 0.18028846153846154
0 0.9435096153846154 0.36778846153846156 0.10817307692307693 0.15384615384615385
0 0.6442307692307693 0.3942307692307692 0.0985576923076923 0.14182692307692307
0 0.8389423076923077 0.3894230769230769 0.09134615384615384 0.1346153846153846
0 0.43028846153846156 0.39903846153846156 0.06009615384615385 0.14182692307692307
1 0.35697115384615385 0.9855769230769231 0.10817307692307693 0.02403846153846154
1 0.7512019230769231 0.9819711538461539 0.08413461538461539 0.03125
1 0.5288461538461539 0.9783653846153846 0.09615384615384616 0.038461538461538464
1 0.9242788461538461 0.9651442307692307 0.10817307692307693 0.06490384615384616
1 0.75 0.7235576923076923 0.08653846153846154 0.009615384615384616
1 0.5300480769230769 0.7283653846153846 0.0985576923076923 0.019230769230769232
1 0.9242788461538461 0.7415865384615384 0.11298076923076923 0.04567307692307692