0 0.4495192307692308 0.29086538461538464 0.028846153846153848 0.028846153846153848
0 0.47596153846153844 0.28125 0.03365384615384615 0.04326923076923077
0 0.7776442307692307 0.028846153846153848 0.05048076923076923 0.057692307692307696
0 0.5673076923076923 0.036057692307692304 0.052884615384615384 0.06009615384615385
0 0.9879807692307693 0.013221153846153846 0.019230769230769232 0.026442307692307692
0 0.6021634615384616 0.021634615384615384 0.036057692307692304 0.04326923076923077
0 0.9927884615384616 0.026442307692307692 0.009615384615384616 0.04326923076923077
1 0.9759615384615384 0.44350961538461536 0.04326923076923077 0.16105769230769232
1 0.8125 0.47836538461538464 0.0625 0.07451923076923077
1 0.9038461538461539 0.44711538461538464 0.11298076923076923 0.14182692307692307
1 0.9483173076923077 0.44591346153846156 0.0985576923076923 0.1466346153846154