0 0.31971153846153844 0.16826923076923078 0.07211538461538461 0.08173076923076923
0 0.2956730769230769 0.11057692307692307 0.040865384615384616 0.038461538461538464
1 0.11298076923076923 0.13942307692307693 0.0625 0.055288461538461536
1 0.16826923076923078 0.11057692307692307 0.057692307692307696 0.052884615384615384
1 0.23798076923076922 0.11778846153846154 0.05048076923076923 0.04567307692307692
1 0.41586538461538464 0.125 0.06009615384615385 0.06009615384615385
1 0.4543269230769231 0.14903846153846154 0.04326923076923077 0.06009615384615385
0 0.4807692307692308 0.08653846153846154 0.036057692307692304 0.03365384615384615
1 0.3798076923076923 0.07451923076923077 0.026442307692307692 0.03365384615384615
1 0.4206730769230769 0.0625 0.028846153846153848 0.036057692307692304
1 0.44711538461538464 0.0673076923076923 0.02403846153846154 0.03125
1 0.3125 0.08413461538461539 0.028846153846153848 0.03125
0 0.5697115384615384 0.24759615384615385 0.09615384615384616 0.07211538461538461
0 0.12740384615384615 0.9110576923076923 0.028846153846153848 0.040865384615384616
0 0.28125 0.9134615384615384 0.021634615384615384 0.03125
0 0.20192307692307693 0.9158653846153846 0.03365384615384615 0.036057692307692304
1 0.23317307692307693 0.90625 0.03365384615384615 0.04567307692307692
1 0.34615384615384615 0.9182692307692307 0.03365384615384615 0.03365384615384615
1 0.42788461538461536 0.9230769230769231 0.026442307692307692 0.03125
1 0.484375 0.9350961538461539 0.026442307692307692 0.04326923076923077
0 0.5288461538461539 0.6802884615384616 0.057692307692307696 0.08173076923076923
1 0.8533653846153846 0.6706730769230769 0.07211538461538461 0.07932692307692307
1 0.6538461538461539 0.6634615384615384 0.057692307692307696 0.06490384615384616
1 0.9134615384615384 0.6658653846153846 0.055288461538461536 0.06009615384615385
1 0.9783653846153846 0.6802884615384616 0.038461538461538464 0.05048076923076923