1 0.08173076923076923 0.125 0.07932692307692307 0.09615384615384616
1 0.02403846153846154 0.15384615384615385 0.04807692307692308 0.09615384615384616
1 0.4423076923076923 0.042067307692307696 0.07211538461538461 0.08413461538461539
1 0.3173076923076923 0.11057692307692307 0.08653846153846154 0.11057692307692307
1 0.4987980769230769 0.07451923076923077 0.07451923076923077 0.14903846153846154
1 0.3762019230769231 0.06129807692307692 0.08413461538461539 0.12259615384615384
0 0.7788461538461539 0.19471153846153846 0.07211538461538461 0.08653846153846154
0 0.5612980769230769 0.18509615384615385 0.04567307692307692 0.0673076923076923
0 0.31490384615384615 0.4831730769230769 0.06490384615384616 0.06971153846153846
0 0.7620192307692307 0.6322115384615384 0.23317307692307693 0.24278846153846154
0 0.5757211538461539 0.6766826923076923 0.07451923076923077 0.21875
0 0.9543269230769231 0.7259615384615384 0.07932692307692307 0.11538461538461539
0 0.7644230769230769 0.4483173076923077 0.2403846153846154 0.13701923076923078
0 0.5769230769230769 0.4206730769230769 0.07692307692307693 0.08173076923076923