0 0.296875 0.03485576923076923 0.06009615384615385 0.06971153846153846
0 0.4807692307692308 0.19951923076923078 0.0625 0.08173076923076923
0 0.6466346153846154 0.2091346153846154 0.057692307692307696 0.07211538461538461
1 0.34134615384615385 0.21514423076923078 0.02403846153846154 0.07932692307692307
1 0.3701923076923077 0.30528846153846156 0.028846153846153848 0.036057692307692304
1 0.7067307692307693 0.28846153846153844 0.03365384615384615 0.040865384615384616
0 0.9819711538461539 0.2920673076923077 0.03125 0.05048076923076923
1 0.8942307692307693 0.3004807692307692 0.026442307692307692 0.03365384615384615
1 0.7668269230769231 0.2932692307692308 0.03365384615384615 0.036057692307692304
0 0.09615384615384616 0.6826923076923077 0.057692307692307696 0.05048076923076923
0 0.4951923076923077 0.59375 0.16346153846153846 0.04807692307692308