1 0.5048076923076923 0.2403846153846154 0.04326923076923077 0.09615384615384616
1 0.052884615384615384 0.2704326923076923 0.10576923076923077 0.15144230769230768
1 0.29086538461538464 0.23798076923076922 0.10576923076923077 0.125
1 0.5048076923076923 0.025240384615384616 0.04326923076923077 0.05048076923076923
1 0.052884615384615384 0.025240384615384616 0.10576923076923077 0.05048076923076923
1 0.29086538461538464 0.03485576923076923 0.11057692307692307 0.06971153846153846
1 0.8245192307692307 0.23317307692307693 0.09134615384615384 0.10096153846153846
1 0.7355769230769231 0.25961538461538464 0.0625 0.07932692307692307
1 0.5372596153846154 0.2608173076923077 0.016826923076923076 0.06971153846153846
1 0.6370192307692307 0.24519230769230768 0.057692307692307696 0.07451923076923077
0 0.015625 0.8064903846153846 0.03125 0.055288461538461536
0 0.20432692307692307 0.9495192307692307 0.040865384615384616 0.04567307692307692
0 0.22596153846153846 0.9230769230769231 0.04326923076923077 0.04567307692307692
0 0.28125 0.9615384615384616 0.05048076923076923 0.04326923076923077
0 0.7932692307692307 0.7043269230769231 0.08173076923076923 0.10576923076923077
0 0.6442307692307693 0.78125 0.06971153846153846 0.07692307692307693
0 0.5649038461538461 0.8088942307692307 0.07211538461538461 0.07932692307692307