0 0.013221153846153846 0.21995192307692307 0.026442307692307692 0.11778846153846154
0 0.17307692307692307 0.18269230769230768 0.07932692307692307 0.09375
0 0.3798076923076923 0.20673076923076922 0.11778846153846154 0.13942307692307693
0 0.20673076923076922 0.2692307692307692 0.09134615384615384 0.10817307692307693
0 0.5721153846153846 0.2620192307692308 0.040865384615384616 0.040865384615384616
0 0.7139423076923077 0.2620192307692308 0.028846153846153848 0.028846153846153848
0 0.8509615384615384 0.24759615384615385 0.03365384615384615 0.036057692307692304
0 0.9567307692307693 0.24278846153846154 0.040865384615384616 0.040865384615384616
0 0.4795673076923077 0.8870192307692307 0.036057692307692304 0.15384615384615385
0 0.27884615384615385 0.8004807692307693 0.1201923076923077 0.11298076923076923
0 0.15865384615384615 0.7860576923076923 0.08653846153846154 0.10817307692307693
0 0.34375 0.8990384615384616 0.10576923076923077 0.12980769230769232
0 0.0889423076923077 0.78125 0.055288461538461536 0.06009615384615385
0 0.020432692307692308 0.8112980769230769 0.040865384615384616 0.06490384615384616
0 0.9771634615384616 0.6802884615384616 0.040865384615384616 0.10096153846153846
0 0.7668269230769231 0.6971153846153846 0.13942307692307693 0.1346153846153846