0 0.22355769230769232 0.20432692307692307 0.07692307692307693 0.0889423076923077
0 0.3004807692307692 0.18028846153846154 0.052884615384615384 0.0673076923076923
1 0.7908653846153846 0.09134615384615384 0.0673076923076923 0.07932692307692307
1 0.6947115384615384 0.12980769230769232 0.04807692307692308 0.057692307692307696
1 0.5444711538461539 0.14903846153846154 0.01201923076923077 0.0625
1 0.6129807692307693 0.13701923076923078 0.052884615384615384 0.04807692307692308
1 0.055288461538461536 0.5841346153846154 0.03365384615384615 0.04567307692307692
1 0.09134615384615384 0.5697115384615384 0.04567307692307692 0.05048076923076923
1 0.12259615384615384 0.5721153846153846 0.036057692307692304 0.04567307692307692
1 0.20192307692307693 0.5697115384615384 0.03125 0.04567307692307692
1 0.2860576923076923 0.5865384615384616 0.038461538461538464 0.04326923076923077
1 0.4110576923076923 0.5721153846153846 0.038461538461538464 0.04567307692307692
0 0.7139423076923077 0.7596153846153846 0.12259615384615384 0.1346153846153846
1 0.7355769230769231 0.9230769230769231 0.07451923076923077 0.06490384615384616
1 0.7596153846153846 0.8485576923076923 0.09615384615384616 0.08653846153846154
0 0.7139423076923077 0.5144230769230769 0.125 0.11057692307692307