0 0.16826923076923078 0.13701923076923078 0.04326923076923077 0.05048076923076923
0 0.24519230769230768 0.13701923076923078 0.040865384615384616 0.04567307692307692
0 0.5144230769230769 0.20432692307692307 0.052884615384615384 0.07451923076923077
0 0.5625 0.2091346153846154 0.03365384615384615 0.05048076923076923
0 0.42788461538461536 0.20192307692307693 0.04807692307692308 0.06971153846153846
0 0.6033653846153846 0.20432692307692307 0.04567307692307692 0.057692307692307696
0 0.5540865384615384 0.5625 0.07932692307692307 0.028846153846153848
0 0.8245192307692307 0.7764423076923077 0.07692307692307693 0.07451923076923077
0 0.3954326923076923 0.5793269230769231 0.06490384615384616 0.0625
0 0.28725961538461536 0.6826923076923077 0.036057692307692304 0.0625
0 0.9927884615384616 0.6947115384615384 0.009615384615384616 0.04326923076923077
0 0.9591346153846154 0.65625 0.03125 0.038461538461538464
1 0.7620192307692307 0.6514423076923077 0.03365384615384615 0.03365384615384615
1 0.8365384615384616 0.6947115384615384 0.038461538461538464 0.03365384615384615
1 0.6971153846153846 0.6586538461538461 0.028846153846153848 0.036057692307692304