0 0.030048076923076924 0.09495192307692307 0.06009615384615385 0.18990384615384615
0 0.18509615384615385 0.14182692307692307 0.1875 0.21394230769230768
0 0.7980769230769231 0.27884615384615385 0.08413461538461539 0.0985576923076923
0 0.90625 0.028846153846153848 0.07211538461538461 0.057692307692307696
0 0.9230769230769231 0.23557692307692307 0.10336538461538461 0.11057692307692307
0 0.7692307692307693 0.040865384615384616 0.055288461538461536 0.0673076923076923
0 0.5709134615384616 0.20793269230769232 0.026442307692307692 0.055288461538461536
0 0.7247596153846154 0.025240384615384616 0.055288461538461536 0.05048076923076923
0 0.578125 0.046875 0.040865384615384616 0.06009615384615385
0 0.6802884615384616 0.06490384615384616 0.04567307692307692 0.055288461538461536
0 0.7740384615384616 0.23557692307692307 0.057692307692307696 0.057692307692307696
0 0.5721153846153846 0.1778846153846154 0.028846153846153848 0.052884615384615384
0 0.10336538461538461 0.6478365384615384 0.20673076923076922 0.29086538461538464
1 0.5913461538461539 0.390625 0.0673076923076923 0.10336538461538461
1 0.8305288461538461 0.3701923076923077 0.13701923076923078 0.0625
1 0.71875 0.37259615384615385 0.08173076923076923 0.0673076923076923
1 0.6514423076923077 0.38461538461538464 0.0625 0.09134615384615384
1 0.984375 0.3701923076923077 0.026442307692307692 0.0625