1 0.06009615384615385 0.13942307692307693 0.08413461538461539 0.09375
1 0.5384615384615384 0.0889423076923077 0.11057692307692307 0.11778846153846154
1 0.2956730769230769 0.09375 0.08653846153846154 0.09615384615384616
1 0.4182692307692308 0.1201923076923077 0.06490384615384616 0.08173076923076923
0 0.6923076923076923 0.32091346153846156 0.04807692307692308 0.11778846153846154
0 0.9495192307692307 0.32211538461538464 0.07451923076923077 0.11057692307692307
0 0.8197115384615384 0.30528846153846156 0.07932692307692307 0.11538461538461539
0 0.23918269230769232 0.4375 0.35336538461538464 0.07692307692307693
1 0.8004807692307693 0.47596153846153844 0.0625 0.09134615384615384
1 0.9807692307692307 0.49759615384615385 0.03365384615384615 0.0673076923076923
1 0.6730769230769231 0.5168269230769231 0.009615384615384616 0.0625