0 0.04567307692307692 0.22596153846153846 0.07692307692307693 0.09615384615384616
0 0.15144230769230768 0.18509615384615385 0.026442307692307692 0.04326923076923077
0 0.1971153846153846 0.12259615384615384 0.028846153846153848 0.03365384615384615
0 0.28125 0.09254807692307693 0.028846153846153848 0.07451923076923077
0 0.546875 0.02403846153846154 0.15144230769230768 0.04807692307692308
0 0.7512019230769231 0.052884615384615384 0.18509615384615385 0.10576923076923077
0 0.056490384615384616 0.5709134615384616 0.11298076923076923 0.13701923076923078
0 0.27403846153846156 0.46033653846153844 0.04326923076923077 0.06971153846153846
0 0.04326923076923077 0.46634615384615385 0.04567307692307692 0.04807692307692308
0 0.12259615384615384 0.47836538461538464 0.02403846153846154 0.03365384615384615
0 0.009615384615384616 0.4807692307692308 0.019230769230769232 0.04807692307692308
0 0.33413461538461536 0.5685096153846154 0.07211538461538461 0.0985576923076923
0 0.40384615384615385 0.5360576923076923 0.0625 0.08173076923076923
0 0.6682692307692307 0.5769230769230769 0.04326923076923077 0.05048076923076923
1 0.46153846153846156 0.5673076923076923 0.057692307692307696 0.057692307692307696
1 0.5793269230769231 0.5889423076923077 0.05048076923076923 0.0673076923076923
1 0.6850961538461539 0.6442307692307693 0.06490384615384616 0.06971153846153846
1 0.7427884615384616 0.5961538461538461 0.04807692307692308 0.04807692307692308
1 0.8052884615384616 0.6009615384615384 0.03125 0.04567307692307692
1 0.90625 0.7139423076923077 0.040865384615384616 0.05048076923076923
1 0.8942307692307693 0.5985576923076923 0.04567307692307692 0.05048076923076923