0 0.39903846153846156 0.5192307692307693 0.040865384615384616 0.0673076923076923
0 0.01201923076923077 0.5264423076923077 0.02403846153846154 0.0625
0 0.0889423076923077 0.5360576923076923 0.04326923076923077 0.06490384615384616
0 0.15865384615384615 0.53125 0.04567307692307692 0.06009615384615385
0 0.23317307692307693 0.5288461538461539 0.04567307692307692 0.057692307692307696
0 0.3317307692307692 0.5360576923076923 0.04807692307692308 0.06971153846153846
0 0.06490384615384616 0.53125 0.04326923076923077 0.06971153846153846
0 0.6899038461538461 0.15384615384615385 0.05048076923076923 0.052884615384615384
0 0.9302884615384616 0.18509615384615385 0.03365384615384615 0.04326923076923077
0 0.10817307692307693 0.9627403846153846 0.21634615384615385 0.06971153846153846
0 0.10817307692307693 0.8557692307692307 0.21634615384615385 0.11538461538461539
0 0.34615384615384615 0.8185096153846154 0.1346153846153846 0.040865384615384616