0 0.13942307692307693 0.30288461538461536 0.08173076923076923 0.12259615384615384
0 0.4735576923076923 0.33413461538461536 0.07211538461538461 0.08173076923076923
0 0.06971153846153846 0.31971153846153844 0.052884615384615384 0.07451923076923077
0 0.1971153846153846 0.31490384615384615 0.04567307692307692 0.06971153846153846
0 0.02283653846153846 0.32572115384615385 0.04567307692307692 0.07451923076923077
0 0.8149038461538461 0.3004807692307692 0.026442307692307692 0.038461538461538464
0 0.7043269230769231 0.2920673076923077 0.009615384615384616 0.036057692307692304
0 0.8389423076923077 0.28365384615384615 0.021634615384615384 0.036057692307692304
0 0.875 0.3004807692307692 0.021634615384615384 0.026442307692307692
0 0.8942307692307693 0.30288461538461536 0.021634615384615384 0.03125
0 0.7259615384615384 0.6947115384615384 0.036057692307692304 0.04326923076923077
0 0.7716346153846154 0.6850961538461539 0.028846153846153848 0.040865384615384616