0 0.13942307692307693 0.21394230769230768 0.11538461538461539 0.12259615384615384
0 0.22115384615384615 0.22355769230769232 0.055288461538461536 0.08653846153846154
0 0.10096153846153846 0.21394230769230768 0.04567307692307692 0.06009615384615385
0 0.9302884615384616 0.03245192307692308 0.1346153846153846 0.06490384615384616
0 0.4338942307692308 0.109375 0.2283653846153846 0.21875
0 0.7620192307692307 0.07211538461538461 0.22596153846153846 0.14423076923076922
0 0.20192307692307693 0.6850961538461539 0.12259615384615384 0.16105769230769232
0 0.04807692307692308 0.6694711538461539 0.09615384615384616 0.15144230769230768
0 0.5793269230769231 0.5649038461538461 0.0625 0.0889423076923077
0 0.96875 0.8605769230769231 0.057692307692307696 0.08173076923076923
0 0.7692307692307693 0.8317307692307693 0.08653846153846154 0.0889423076923077
1 0.6346153846153846 0.5889423076923077 0.08653846153846154 0.07932692307692307