0 0.6490384615384616 0.43509615384615385 0.038461538461538464 0.04326923076923077
0 0.7740384615384616 0.44711538461538464 0.03365384615384615 0.036057692307692304
0 0.875 0.40384615384615385 0.02403846153846154 0.03125
0 0.13221153846153846 0.9086538461538461 0.03365384615384615 0.04567307692307692
0 0.25240384615384615 0.9182692307692307 0.028846153846153848 0.03365384615384615
0 0.30528846153846156 0.9206730769230769 0.026442307692307692 0.03365384615384615
0 0.3557692307692308 0.9302884615384616 0.02403846153846154 0.03365384615384615
0 0.3870192307692308 0.9134615384615384 0.02403846153846154 0.03365384615384615
0 0.4519230769230769 0.9326923076923077 0.021634615384615384 0.03365384615384615
0 0.23557692307692307 0.9254807692307693 0.02403846153846154 0.03125
0 0.5552884615384616 0.6201923076923077 0.0673076923076923 0.055288461538461536