0 0.8870192307692307 0.13942307692307693 0.052884615384615384 0.052884615384615384
0 0.7427884615384616 0.21634615384615385 0.052884615384615384 0.06009615384615385
0 0.9206730769230769 0.18990384615384615 0.0673076923076923 0.0625
0 0.6418269230769231 0.18990384615384615 0.04326923076923077 0.05048076923076923
0 0.6298076923076923 0.11057692307692307 0.04326923076923077 0.04567307692307692
0 0.4831730769230769 0.17427884615384615 0.028846153846153848 0.04567307692307692
0 0.5024038461538461 0.12980769230769232 0.040865384615384616 0.03365384615384615
0 0.5769230769230769 0.18269230769230768 0.03365384615384615 0.04326923076923077
0 0.5649038461538461 0.12740384615384615 0.040865384615384616 0.036057692307692304
0 0.15865384615384615 0.34134615384615385 0.12980769230769232 0.08173076923076923
0 0.025240384615384616 0.3329326923076923 0.05048076923076923 0.06971153846153846
0 0.8413461538461539 0.6995192307692307 0.08173076923076923 0.09375