0 0.24278846153846154 0.38221153846153844 0.2403846153846154 0.31009615384615385
1 0.48197115384615385 0.4254807692307692 0.24759615384615385 0.30288461538461536
0 0.9831730769230769 0.11778846153846154 0.028846153846153848 0.07211538461538461
0 0.8076923076923077 0.13701923076923078 0.0673076923076923 0.07211538461538461
0 0.6274038461538461 0.25240384615384615 0.038461538461538464 0.0625
0 0.8341346153846154 0.18028846153846154 0.038461538461538464 0.052884615384615384
0 0.8100961538461539 0.25961538461538464 0.09375 0.09615384615384616
0 0.4543269230769231 0.6730769230769231 0.13942307692307693 0.1875
0 0.17307692307692307 0.9759615384615384 0.0625 0.04326923076923077
0 0.040865384615384616 0.9603365384615384 0.0625 0.07451923076923077
0 0.7560096153846154 0.6550480769230769 0.15625 0.15144230769230768
0 0.9206730769230769 0.8317307692307693 0.07211538461538461 0.06009615384615385