0 0.25961538461538464 0.12259615384615384 0.0673076923076923 0.09375
0 0.125 0.0889423076923077 0.06490384615384616 0.10336538461538461
0 0.46274038461538464 0.10336538461538461 0.04567307692307692 0.08653846153846154
0 0.019230769230769232 0.125 0.038461538461538464 0.09134615384615384
0 0.7427884615384616 0.15144230769230768 0.1875 0.19951923076923078
0 0.5120192307692307 0.140625 0.04807692307692308 0.23798076923076922
0 0.1201923076923077 0.5913461538461539 0.07692307692307693 0.09134615384615384
0 0.23317307692307693 0.5372596153846154 0.1201923076923077 0.055288461538461536
0 0.18509615384615385 0.5841346153846154 0.0625 0.07932692307692307
0 0.31490384615384615 0.5841346153846154 0.07451923076923077 0.08173076923076923
0 0.44591346153846156 0.5600961538461539 0.07932692307692307 0.10096153846153846