0 0.11057692307692307 0.31971153846153844 0.16105769230769232 0.18269230769230768
0 0.5204326923076923 0.34134615384615385 0.06971153846153846 0.14423076923076922
0 0.3798076923076923 0.41586538461538464 0.11538461538461539 0.13701923076923078
0 0.33653846153846156 0.30528846153846156 0.09134615384615384 0.11538461538461539
0 0.2548076923076923 0.3293269230769231 0.10336538461538461 0.1346153846153846
0 0.47836538461538464 0.2932692307692308 0.09134615384615384 0.11538461538461539
0 0.11177884615384616 0.039663461538461536 0.1658653846153846 0.07932692307692307
0 0.5192307692307693 0.018028846153846152 0.07211538461538461 0.036057692307692304
0 0.33653846153846156 0.030048076923076924 0.09615384615384616 0.06009615384615385
0 0.25600961538461536 0.02283653846153846 0.10817307692307693 0.04567307692307692
0 0.4795673076923077 0.036057692307692304 0.0985576923076923 0.07211538461538461
0 0.5805288461538461 0.015625 0.04567307692307692 0.03125
0 0.1201923076923077 0.8990384615384616 0.07932692307692307 0.10336538461538461
0 0.7211538461538461 0.7944711538461539 0.3269230769230769 0.40625