0 0.24278846153846154 0.13221153846153846 0.02403846153846154 0.036057692307692304
0 0.5072115384615384 0.12740384615384615 0.028846153846153848 0.038461538461538464
1 0.07451923076923077 0.12980769230769232 0.03365384615384615 0.026442307692307692
0 0.8677884615384616 0.49759615384615385 0.10096153846153846 0.10336538461538461
0 0.7572115384615384 0.4639423076923077 0.09375 0.10576923076923077
0 0.009615384615384616 0.8798076923076923 0.019230769230769232 0.08173076923076923
0 0.28846153846153844 0.90625 0.057692307692307696 0.0673076923076923
0 0.12740384615384615 0.8990384615384616 0.055288461538461536 0.07451923076923077
0 0.06009615384615385 0.8942307692307693 0.055288461538461536 0.0673076923076923
0 0.21394230769230768 0.9158653846153846 0.04807692307692308 0.0625
0 0.3581730769230769 0.9110576923076923 0.05048076923076923 0.0673076923076923
0 0.4519230769230769 0.9254807692307693 0.04807692307692308 0.04807692307692308
0 0.18509615384615385 0.8894230769230769 0.04567307692307692 0.052884615384615384
0 0.009615384615384616 0.6105769230769231 0.019230769230769232 0.08173076923076923
0 0.28966346153846156 0.5889423076923077 0.06009615384615385 0.0625
0 0.12740384615384615 0.59375 0.057692307692307696 0.07211538461538461
0 0.06009615384615385 0.5961538461538461 0.055288461538461536 0.0673076923076923
0 0.21514423076923078 0.5829326923076923 0.05048076923076923 0.05048076923076923
0 0.3581730769230769 0.5865384615384616 0.052884615384615384 0.057692307692307696
0 0.453125 0.5745192307692307 0.05048076923076923 0.03365384615384615
0 0.18509615384615385 0.6009615384615384 0.04567307692307692 0.052884615384615384
0 0.8293269230769231 0.953125 0.08653846153846154 0.0889423076923077
0 0.6358173076923077 0.9471153846153846 0.09375 0.10096153846153846
0 0.984375 0.9579326923076923 0.026442307692307692 0.07932692307692307
0 0.9423076923076923 0.9663461538461539 0.057692307692307696 0.0625
0 0.6899038461538461 0.9350961538461539 0.057692307692307696 0.0889423076923077