0 0.03365384615384615 0.22355769230769232 0.057692307692307696 0.06009615384615385
0 0.3245192307692308 0.20673076923076922 0.04807692307692308 0.057692307692307696
0 0.11538461538461539 0.1971153846153846 0.052884615384615384 0.06009615384615385
0 0.53125 0.23557692307692307 0.009615384615384616 0.057692307692307696
0 0.14903846153846154 0.21394230769230768 0.03365384615384615 0.04326923076923077
0 0.6850961538461539 0.2668269230769231 0.052884615384615384 0.057692307692307696
1 0.546875 0.2403846153846154 0.016826923076923076 0.057692307692307696
1 0.8798076923076923 0.24278846153846154 0.04567307692307692 0.052884615384615384
1 0.6586538461538461 0.25240384615384615 0.03365384615384615 0.057692307692307696
1 0.7475961538461539 0.2692307692307692 0.03125 0.04326923076923077
1 0.9038461538461539 0.25 0.03125 0.04326923076923077
0 0.9519230769230769 0.875 0.09134615384615384 0.1201923076923077
1 0.8149038461538461 0.8629807692307693 0.08173076923076923 0.09134615384615384
1 0.5793269230769231 0.8762019230769231 0.08173076923076923 0.0985576923076923