0 0.31850961538461536 0.039663461538461536 0.08413461538461539 0.07932692307692307
0 0.6634615384615384 0.44471153846153844 0.04567307692307692 0.04807692307692308
0 0.9903846153846154 0.484375 0.014423076923076924 0.055288461538461536
0 0.8701923076923077 0.4206730769230769 0.026442307692307692 0.03365384615384615
0 0.7259615384615384 0.47836538461538464 0.03365384615384615 0.03365384615384615
0 0.8389423076923077 0.40865384615384615 0.02403846153846154 0.03365384615384615
0 0.7355769230769231 0.4110576923076923 0.03365384615384615 0.03365384615384615
0 0.3786057692307692 0.6430288461538461 0.2283653846153846 0.2283653846153846
0 0.0889423076923077 0.6189903846153846 0.1778846153846154 0.18028846153846154
0 0.8305288461538461 0.9242788461538461 0.2668269230769231 0.1466346153846154
0 0.6598557692307693 0.9230769230769231 0.08413461538461539 0.14903846153846154