0 0.578125 0.015625 0.036057692307692304 0.03125
0 0.28846153846153844 0.018028846153846152 0.052884615384615384 0.036057692307692304
0 0.4266826923076923 0.020432692307692308 0.055288461538461536 0.040865384615384616
0 0.14903846153846154 0.020432692307692308 0.052884615384615384 0.040865384615384616
0 0.08774038461538461 0.016826923076923076 0.04567307692307692 0.03365384615384615
0 0.11538461538461539 0.016826923076923076 0.02403846153846154 0.03365384615384615
0 0.008413461538461538 0.027644230769230768 0.016826923076923076 0.05048076923076923
0 0.234375 0.021634615384615384 0.04567307692307692 0.04326923076923077
0 0.84375 0.026442307692307692 0.0625 0.052884615384615384
0 0.6899038461538461 0.038461538461538464 0.05048076923076923 0.06971153846153846
0 0.7487980769230769 0.03365384615384615 0.055288461538461536 0.0673076923076923
0 0.9711538461538461 0.04807692307692308 0.052884615384615384 0.08173076923076923
0 0.9326923076923077 0.05048076923076923 0.038461538461538464 0.06009615384615385
0 0.6117788461538461 0.054086538461538464 0.026442307692307692 0.055288461538461536
0 0.8870192307692307 0.040865384615384616 0.036057692307692304 0.052884615384615384
0 0.65625 0.04326923076923077 0.03365384615384615 0.05048076923076923
0 0.2860576923076923 0.5853365384615384 0.04326923076923077 0.03125
0 0.6766826923076923 0.8401442307692307 0.15625 0.31971153846153844