0 0.09134615384615384 0.09615384615384616 0.0625 0.08413461538461539
0 0.20192307692307693 0.10336538461538461 0.057692307692307696 0.08653846153846154
0 0.055288461538461536 0.02403846153846154 0.052884615384615384 0.04807692307692308
0 0.16346153846153846 0.03125 0.057692307692307696 0.0625
0 0.2704326923076923 0.03365384615384615 0.055288461538461536 0.0673076923076923
0 0.32091346153846156 0.08052884615384616 0.05048076923076923 0.07932692307692307
0 0.8088942307692307 0.046875 0.0985576923076923 0.09375
0 0.6514423076923077 0.046875 0.09615384615384616 0.09375
0 0.21634615384615385 0.6730769230769231 0.12980769230769232 0.15384615384615385
0 0.5096153846153846 0.5745192307692307 0.19230769230769232 0.21634615384615385
0 0.7259615384615384 0.6009615384615384 0.057692307692307696 0.06971153846153846
0 0.5096153846153846 0.3449519230769231 0.1971153846153846 0.05048076923076923