0 0.19951923076923078 0.06009615384615385 0.08173076923076923 0.09375
0 0.28365384615384615 0.07932692307692307 0.052884615384615384 0.07451923076923077
0 0.6802884615384616 0.19471153846153846 0.07451923076923077 0.08173076923076923
0 0.6802884615384616 0.015625 0.07692307692307693 0.03125
0 0.4182692307692308 0.5216346153846154 0.052884615384615384 0.06971153846153846
0 0.3173076923076923 0.5192307692307693 0.04807692307692308 0.0673076923076923
0 0.07211538461538461 0.5649038461538461 0.04326923076923077 0.055288461538461536
0 0.20192307692307693 0.6418269230769231 0.04326923076923077 0.04807692307692308
0 0.12980769230769232 0.5865384615384616 0.036057692307692304 0.052884615384615384
0 0.2283653846153846 0.5456730769230769 0.04567307692307692 0.055288461538461536
0 0.36538461538461536 0.5336538461538461 0.04326923076923077 0.057692307692307696
0 0.5192307692307693 0.5300480769230769 0.1201923076923077 0.25240384615384615
0 0.8221153846153846 0.7355769230769231 0.052884615384615384 0.06971153846153846
0 0.8990384615384616 0.7379807692307693 0.03365384615384615 0.040865384615384616