0 0.35697115384615385 0.30408653846153844 0.13701923076923078 0.18509615384615385
0 0.3557692307692308 0.009615384615384616 0.13942307692307693 0.019230769230769232
0 0.45072115384615385 0.38461538461538464 0.026442307692307692 0.02403846153846154
0 0.515625 0.3858173076923077 0.026442307692307692 0.021634615384615384
1 0.16346153846153846 0.53125 0.14182692307692307 0.18990384615384615
1 0.026442307692307692 0.4699519230769231 0.052884615384615384 0.14182692307692307
1 0.2956730769230769 0.5360576923076923 0.055288461538461536 0.07932692307692307
1 0.6862980769230769 0.43509615384615385 0.06971153846153846 0.07211538461538461
1 0.9699519230769231 0.4362980769230769 0.055288461538461536 0.07451923076923077
1 0.8954326923076923 0.4387019230769231 0.09375 0.07932692307692307
1 0.6177884615384616 0.4639423076923077 0.0625 0.07451923076923077
1 0.44471153846153844 0.4567307692307692 0.03365384615384615 0.04807692307692308
1 0.4855769230769231 0.47115384615384615 0.03125 0.04567307692307692
1 0.5240384615384616 0.46153846153846156 0.03365384615384615 0.040865384615384616
1 0.78125 0.4639423076923077 0.040865384615384616 0.057692307692307696