0 0.3798076923076923 0.21394230769230768 0.15384615384615385 0.19951923076923078
0 0.9375 0.25240384615384615 0.1201923076923077 0.12980769230769232
0 0.9362980769230769 0.057692307692307696 0.12259615384615384 0.11538461538461539
0 0.48677884615384615 0.4855769230769231 0.021634615384615384 0.0625
0 0.9591346153846154 0.5072115384615384 0.07692307692307693 0.11057692307692307
0 0.6658653846153846 0.5288461538461539 0.055288461538461536 0.07451923076923077
0 0.8966346153846154 0.5769230769230769 0.125 0.15144230769230768
0 0.7283653846153846 0.5408653846153846 0.036057692307692304 0.055288461538461536
0 0.7932692307692307 0.5408653846153846 0.03365384615384615 0.04807692307692308
0 0.8317307692307693 0.5336538461538461 0.038461538461538464 0.052884615384615384
0 0.6995192307692307 0.5216346153846154 0.040865384615384616 0.05048076923076923
0 0.9591346153846154 0.34975961538461536 0.07692307692307693 0.06009615384615385
0 0.6658653846153846 0.33052884615384615 0.057692307692307696 0.021634615384615384
0 0.6995192307692307 0.328125 0.04326923076923077 0.016826923076923076