0 0.25961538461538464 0.09375 0.06490384615384616 0.04807692307692308
0 0.31490384615384615 0.015625 0.052884615384615384 0.03125
0 0.7163461538461539 0.4543269230769231 0.08413461538461539 0.08653846153846154
0 0.5336538461538461 0.09134615384615384 0.06971153846153846 0.07211538461538461
0 0.8028846153846154 0.1971153846153846 0.07211538461538461 0.07211538461538461
0 0.9134615384615384 0.31971153846153844 0.07932692307692307 0.0673076923076923
0 0.7451923076923077 0.16105769230769232 0.05048076923076923 0.06490384615384616
0 0.5120192307692307 0.036057692307692304 0.06009615384615385 0.06009615384615385
0 0.6634615384615384 0.17307692307692307 0.052884615384615384 0.06490384615384616
0 0.8629807692307693 0.4519230769230769 0.09134615384615384 0.08653846153846154
0 0.9795673076923077 0.3870192307692308 0.036057692307692304 0.07211538461538461
0 0.7163461538461539 0.5528846153846154 0.08413461538461539 0.08653846153846154
0 0.8641826923076923 0.5540865384615384 0.09375 0.08413461538461539
0 0.20673076923076922 0.7980769230769231 0.41346153846153844 0.39903846153846156
0 0.8557692307692307 0.9795673076923077 0.12980769230769232 0.036057692307692304