1 0.018028846153846152 0.07211538461538461 0.036057692307692304 0.09134615384615384
1 0.3605769230769231 0.0985576923076923 0.10096153846153846 0.14182692307692307
1 0.31490384615384615 0.06490384615384616 0.06490384615384616 0.10336538461538461
1 0.11778846153846154 0.07451923076923077 0.0673076923076923 0.07932692307692307
0 0.4567307692307692 0.0625 0.07692307692307693 0.11057692307692307
1 0.13942307692307693 0.8197115384615384 0.04807692307692308 0.055288461538461536
1 0.140625 0.9855769230769231 0.05048076923076923 0.02403846153846154
1 0.9603365384615384 0.7860576923076923 0.07451923076923077 0.10576923076923077
1 0.5384615384615384 0.7139423076923077 0.06490384615384616 0.06971153846153846
1 0.6177884615384616 0.6947115384615384 0.05048076923076923 0.06490384615384616
1 0.8774038461538461 0.7139423076923077 0.04326923076923077 0.06009615384615385