0 0.5360576923076923 0.028846153846153848 0.08173076923076923 0.057692307692307696
0 0.24759615384615385 0.030048076923076924 0.04807692307692308 0.06009615384615385
0 0.4326923076923077 0.014423076923076924 0.11538461538461539 0.028846153846153848
0 0.3737980769230769 0.027644230769230768 0.06009615384615385 0.055288461538461536
0 0.19230769230769232 0.030048076923076924 0.04326923076923077 0.06009615384615385
0 0.1658653846153846 0.03125 0.04807692307692308 0.0625
0 0.08173076923076923 0.026442307692307692 0.03365384615384615 0.04567307692307692
0 0.1201923076923077 0.038461538461538464 0.03365384615384615 0.055288461538461536
0 0.33774038461538464 0.03365384615384615 0.036057692307692304 0.0673076923076923
0 0.3076923076923077 0.04807692307692308 0.04567307692307692 0.06490384615384616
0 0.3245192307692308 0.4951923076923077 0.07932692307692307 0.10096153846153846
0 0.18028846153846154 0.4411057692307692 0.11538461538461539 0.10336538461538461
0 0.7091346153846154 0.7283653846153846 0.25721153846153844 0.3389423076923077