0 0.07451923076923077 0.06009615384615385 0.040865384615384616 0.052884615384615384
0 0.20673076923076922 0.125 0.09375 0.10336538461538461
0 0.24519230769230768 0.036057692307692304 0.04567307692307692 0.052884615384615384
0 0.4266826923076923 0.03125 0.0985576923076923 0.0625
0 0.5360576923076923 0.06490384615384616 0.09615384615384616 0.12980769230769232
0 0.6766826923076923 0.06009615384615385 0.10817307692307693 0.1201923076923077
0 0.23317307692307693 0.6322115384615384 0.07451923076923077 0.0985576923076923
0 0.35096153846153844 0.6298076923076923 0.08173076923076923 0.11057692307692307
0 0.6514423076923077 0.7596153846153846 0.06009615384615385 0.08173076923076923
0 0.7355769230769231 0.7716346153846154 0.04326923076923077 0.057692307692307696
0 0.5769230769230769 0.78125 0.040865384615384616 0.06009615384615385
0 0.5036057692307693 0.7800480769230769 0.03125 0.06009615384615385
0 0.9326923076923077 0.78125 0.05048076923076923 0.06009615384615385