0 0.1814903846153846 0.22596153846153846 0.27163461538461536 0.2403846153846154
0 0.6826923076923077 0.09375 0.04326923076923077 0.055288461538461536
0 0.4519230769230769 0.7884615384615384 0.02403846153846154 0.028846153846153848
0 0.35336538461538464 0.7908653846153846 0.02403846153846154 0.02403846153846154
0 0.33413461538461536 0.7932692307692307 0.016826923076923076 0.02403846153846154
0 0.21875 0.7884615384615384 0.02403846153846154 0.028846153846153848
0 0.15625 0.8052884615384616 0.038461538461538464 0.052884615384615384
0 0.13942307692307693 0.7956730769230769 0.028846153846153848 0.04807692307692308
0 0.1201923076923077 0.7836538461538461 0.019230769230769232 0.028846153846153848
0 0.09615384615384616 0.7908653846153846 0.019230769230769232 0.02403846153846154
0 0.515625 0.5204326923076923 0.09375 0.1466346153846154