0 0.42788461538461536 0.3629807692307692 0.04326923076923077 0.04567307692307692
0 0.40625 0.32211538461538464 0.038461538461538464 0.038461538461538464
1 0.09615384615384616 0.2980769230769231 0.04567307692307692 0.04326923076923077
0 0.9579326923076923 0.07932692307692307 0.07932692307692307 0.11057692307692307
0 0.6394230769230769 0.06129807692307692 0.125 0.12259615384615384
1 0.6610576923076923 0.21634615384615385 0.07451923076923077 0.06490384615384616
1 0.6850961538461539 0.14182692307692307 0.09615384615384616 0.08653846153846154
1 0.6610576923076923 0.5528846153846154 0.07692307692307693 0.04807692307692308
0 0.055288461538461536 0.7764423076923077 0.03365384615384615 0.040865384615384616
0 0.4567307692307692 0.6754807692307693 0.04326923076923077 0.057692307692307696
0 0.35096153846153844 0.7932692307692307 0.028846153846153848 0.036057692307692304
0 0.5685096153846154 0.921875 0.040865384615384616 0.09375
0 0.9795673076923077 0.9230769230769231 0.036057692307692304 0.09615384615384616
0 0.65625 0.9086538461538461 0.052884615384615384 0.07211538461538461
0 0.9086538461538461 0.875 0.09134615384615384 0.125
0 0.8269230769230769 0.9038461538461539 0.06009615384615385 0.08173076923076923