1 0.8125 0.31009615384615385 0.06971153846153846 0.09615384615384616
1 0.9086538461538461 0.29086538461538464 0.10096153846153846 0.1201923076923077
1 0.6586538461538461 0.34375 0.10096153846153846 0.125
1 0.8125 0.03365384615384615 0.07211538461538461 0.0673076923076923
1 0.9086538461538461 0.04927884615384615 0.10576923076923077 0.0985576923076923
1 0.6586538461538461 0.02403846153846154 0.10336538461538461 0.04807692307692308
1 0.19951923076923078 0.7451923076923077 0.06971153846153846 0.06971153846153846
1 0.16105769230769232 0.7644230769230769 0.04326923076923077 0.057692307692307696
1 0.28125 0.78125 0.0625 0.06971153846153846
1 0.33413461538461536 0.7379807692307693 0.052884615384615384 0.052884615384615384
0 0.53125 0.6009615384615384 0.0673076923076923 0.08653846153846154