0 0.5432692307692307 0.026442307692307692 0.08173076923076923 0.052884615384615384
0 0.36538461538461536 0.039663461538461536 0.08653846153846154 0.07932692307692307
0 0.23076923076923078 0.16105769230769232 0.13221153846153846 0.1658653846153846
0 0.65625 0.027644230769230768 0.0625 0.055288461538461536
0 0.15865384615384615 0.8822115384615384 0.03365384615384615 0.04326923076923077
0 0.4014423076923077 0.8990384615384616 0.03365384615384615 0.04326923076923077
0 0.3629807692307692 0.90625 0.03365384615384615 0.03125
0 0.4495192307692308 0.9110576923076923 0.03365384615384615 0.05048076923076923
0 0.5072115384615384 0.8966346153846154 0.036057692307692304 0.03365384615384615
0 0.53125 0.8894230769230769 0.021634615384615384 0.040865384615384616
0 0.21634615384615385 0.8870192307692307 0.02403846153846154 0.026442307692307692