0 0.0985576923076923 0.10817307692307693 0.17307692307692307 0.17307692307692307
0 0.4879807692307692 0.19831730769230768 0.038461538461538464 0.13221153846153846
0 0.22355769230769232 0.11298076923076923 0.11778846153846154 0.14182692307692307
0 0.021634615384615384 0.12860576923076922 0.04326923076923077 0.07451923076923077
1 0.53125 0.13701923076923078 0.02403846153846154 0.038461538461538464
1 0.5961538461538461 0.1346153846153846 0.03365384615384615 0.038461538461538464
1 0.6466346153846154 0.15144230769230768 0.03365384615384615 0.04326923076923077
1 0.6875 0.12740384615384615 0.03365384615384615 0.04567307692307692
1 0.7427884615384616 0.1346153846153846 0.036057692307692304 0.04326923076923077
1 0.8245192307692307 0.13701923076923078 0.03125 0.04567307692307692
1 0.8581730769230769 0.13701923076923078 0.026442307692307692 0.040865384615384616
1 0.07932692307692307 0.7235576923076923 0.038461538461538464 0.052884615384615384
1 0.125 0.7139423076923077 0.03125 0.038461538461538464
1 0.10817307692307693 0.7283653846153846 0.021634615384615384 0.03365384615384615
1 0.1658653846153846 0.71875 0.03365384615384615 0.03365384615384615
1 0.2283653846153846 0.7235576923076923 0.03365384615384615 0.04567307692307692
1 0.27403846153846156 0.7115384615384616 0.052884615384615384 0.06490384615384616
1 0.43028846153846156 0.6923076923076923 0.04567307692307692 0.055288461538461536
0 0.984375 0.7632211538461539 0.026442307692307692 0.0985576923076923
0 0.8798076923076923 0.7283653846153846 0.0985576923076923 0.11538461538461539
0 0.6274038461538461 0.7379807692307693 0.0889423076923077 0.1201923076923077
0 0.7235576923076923 0.7740384615384616 0.08653846153846154 0.10576923076923077
0 0.515625 0.7908653846153846 0.01201923076923077 0.08173076923076923