0 0.03245192307692308 0.02283653846153846 0.06490384615384616 0.04567307692307692
0 0.0985576923076923 0.019230769230769232 0.11057692307692307 0.038461538461538464
1 0.13221153846153846 0.17067307692307693 0.25721153846153844 0.29086538461538464
1 0.19230769230769232 0.027644230769230768 0.1346153846153846 0.055288461538461536
0 0.021634615384615384 0.5540865384615384 0.04326923076923077 0.15625
0 0.18028846153846154 0.5673076923076923 0.11298076923076923 0.15384615384615385
0 0.2980769230769231 0.5396634615384616 0.09615384615384616 0.12259615384615384
0 0.6105769230769231 0.6346153846153846 0.0625 0.0673076923076923
0 0.3894230769230769 0.7668269230769231 0.07932692307692307 0.08653846153846154
0 0.6274038461538461 0.5408653846153846 0.052884615384615384 0.057692307692307696
0 0.5120192307692307 0.4723557692307692 0.038461538461538464 0.007211538461538462
0 0.6334134615384616 0.48677884615384615 0.040865384615384616 0.036057692307692304