0 0.21875 0.41947115384615385 0.04807692307692308 0.01201923076923077
0 0.25961538461538464 0.20432692307692307 0.04326923076923077 0.04326923076923077
1 0.20673076923076922 0.6682692307692307 0.12980769230769232 0.18269230769230768
1 0.3918269230769231 0.7211538461538461 0.11778846153846154 0.15384615384615385
1 0.0889423076923077 0.6850961538461539 0.10336538461538461 0.1201923076923077
1 0.5456730769230769 0.7235576923076923 0.019230769230769232 0.1346153846153846
1 0.4495192307692308 0.6971153846153846 0.0625 0.14182692307692307
1 0.27163461538461536 0.7043269230769231 0.0673076923076923 0.15384615384615385
1 0.20793269230769232 0.4543269230769231 0.13701923076923078 0.052884615384615384
0 0.59375 0.7524038461538461 0.03365384615384615 0.038461538461538464
0 0.5913461538461539 0.49278846153846156 0.028846153846153848 0.04326923076923077
0 0.7259615384615384 0.9254807692307693 0.03365384615384615 0.038461538461538464
0 0.7884615384615384 0.5 0.03125 0.038461538461538464