1 0.007211538461538462 0.06850961538461539 0.014423076923076924 0.08413461538461539
1 0.19951923076923078 0.07451923076923077 0.057692307692307696 0.08173076923076923
1 0.09134615384615384 0.04447115384615385 0.09615384615384616 0.0889423076923077
1 0.33413461538461536 0.09375 0.052884615384615384 0.07692307692307693
1 0.40384615384615385 0.08533653846153846 0.04326923076923077 0.06971153846153846
1 0.2980769230769231 0.09375 0.04326923076923077 0.06971153846153846
1 0.2668269230769231 0.09375 0.026442307692307692 0.04567307692307692
1 0.9459134615384616 0.018028846153846152 0.06971153846153846 0.036057692307692304
1 0.8786057692307693 0.03365384615384615 0.06490384615384616 0.0673076923076923
1 0.5288461538461539 0.013221153846153846 0.052884615384615384 0.026442307692307692
1 0.6442307692307693 0.02283653846153846 0.04807692307692308 0.04567307692307692
1 0.703125 0.02283653846153846 0.036057692307692304 0.04567307692307692
1 0.7451923076923077 0.036057692307692304 0.03125 0.04567307692307692
1 0.7836538461538461 0.026442307692307692 0.03365384615384615 0.040865384615384616
0 0.3870192307692308 0.9134615384615384 0.03125 0.03365384615384615
1 0.1658653846153846 0.7572115384615384 0.028846153846153848 0.03365384615384615
0 0.7716346153846154 0.7019230769230769 0.052884615384615384 0.06009615384615385
0 0.8389423076923077 0.6850961538461539 0.040865384615384616 0.057692307692307696
0 0.9423076923076923 0.6875 0.05048076923076923 0.0625