0 0.1658653846153846 0.2548076923076923 0.08173076923076923 0.09134615384615384
0 0.3629807692307692 0.24278846153846154 0.06971153846153846 0.06971153846153846
0 0.4831730769230769 0.016826923076923076 0.057692307692307696 0.03365384615384615
0 0.13942307692307693 0.07211538461538461 0.040865384615384616 0.04567307692307692
0 0.5168269230769231 0.02403846153846154 0.040865384615384616 0.04567307692307692
0 0.5649038461538461 0.026442307692307692 0.02403846153846154 0.03365384615384615
0 0.6177884615384616 0.015625 0.019230769230769232 0.03125
0 0.8485576923076923 0.07692307692307693 0.04807692307692308 0.07451923076923077
0 0.7980769230769231 0.09375 0.04567307692307692 0.06971153846153846
0 0.6610576923076923 0.09134615384615384 0.055288461538461536 0.0673076923076923
0 0.9567307692307693 0.08173076923076923 0.04567307692307692 0.06971153846153846
0 0.7067307692307693 0.07932692307692307 0.04807692307692308 0.06971153846153846
0 0.8485576923076923 0.7259615384615384 0.055288461538461536 0.06490384615384616