0 0.3076923076923077 0.31971153846153844 0.18269230769230768 0.21394230769230768
0 0.9567307692307693 0.3858173076923077 0.08173076923076923 0.14182692307692307
0 0.6322115384615384 0.5528846153846154 0.07211538461538461 0.04807692307692308
0 0.5721153846153846 0.5985576923076923 0.06971153846153846 0.10817307692307693
0 0.8197115384615384 0.6778846153846154 0.12259615384615384 0.14903846153846154
0 0.7163461538461539 0.5432692307692307 0.07211538461538461 0.028846153846153848
0 0.5180288461538461 0.5516826923076923 0.06009615384615385 0.04567307692307692
0 0.7091346153846154 0.5913461538461539 0.07692307692307693 0.11298076923076923
0 0.9098557692307693 0.5661057692307693 0.0889423076923077 0.07451923076923077
0 0.7740384615384616 0.5805288461538461 0.07211538461538461 0.10336538461538461
0 0.5697115384615384 0.5432692307692307 0.057692307692307696 0.028846153846153848
0 0.6394230769230769 0.6346153846153846 0.09375 0.12740384615384615
0 0.5036057692307693 0.6310096153846154 0.03125 0.15625
0 0.9735576923076923 0.6538461538461539 0.05048076923076923 0.13701923076923078