0 0.22355769230769232 0.3112980769230769 0.08173076923076923 0.06971153846153846
0 0.32211538461538464 0.3173076923076923 0.04326923076923077 0.057692307692307696
0 0.4495192307692308 0.3076923076923077 0.040865384615384616 0.06490384615384616
0 0.5300480769230769 0.328125 0.036057692307692304 0.036057692307692304
1 0.7620192307692307 0.2644230769230769 0.07692307692307693 0.08653846153846154
1 0.9471153846153846 0.27884615384615385 0.07211538461538461 0.0985576923076923
1 0.6021634615384616 0.23317307692307693 0.0889423076923077 0.10576923076923077
1 0.90625 0.3112980769230769 0.04807692307692308 0.06971153846153846
1 0.8533653846153846 0.3293269230769231 0.04807692307692308 0.03365384615384615
1 0.6454326923076923 0.3317307692307692 0.05048076923076923 0.028846153846153848
0 0.16105769230769232 0.6201923076923077 0.25961538461538464 0.2860576923076923
0 0.16105769230769232 0.3798076923076923 0.2644230769230769 0.0625
0 0.5649038461538461 0.5997596153846154 0.014423076923076924 0.036057692307692304
0 0.6105769230769231 0.6009615384615384 0.03365384615384615 0.038461538461538464
0 0.6850961538461539 0.6009615384615384 0.026442307692307692 0.03125