0 0.3317307692307692 0.030048076923076924 0.07692307692307693 0.06009615384615385
0 0.4362980769230769 0.020432692307692308 0.06971153846153846 0.040865384615384616
0 0.4807692307692308 0.0673076923076923 0.08173076923076923 0.09615384615384616
0 0.16947115384615385 0.013221153846153846 0.11298076923076923 0.026442307692307692
0 0.055288461538461536 0.020432692307692308 0.08653846153846154 0.040865384615384616
1 0.6935096153846154 0.09615384615384616 0.026442307692307692 0.13942307692307693
0 0.7740384615384616 0.47596153846153844 0.06009615384615385 0.06490384615384616
0 0.4495192307692308 0.8269230769230769 0.10817307692307693 0.14903846153846154
0 0.24759615384615385 0.8846153846153846 0.10096153846153846 0.125
0 0.14182692307692307 0.8461538461538461 0.10096153846153846 0.12980769230769232
0 0.7307692307692307 0.6706730769230769 0.04326923076923077 0.04326923076923077