0 0.38221153846153844 0.10096153846153846 0.028846153846153848 0.15384615384615385
0 0.7091346153846154 0.3701923076923077 0.13942307692307693 0.17067307692307693
0 0.8822115384615384 0.2403846153846154 0.19951923076923078 0.25240384615384615
0 0.6141826923076923 0.3737980769230769 0.1466346153846154 0.1658653846153846
0 0.9423076923076923 0.32091346153846156 0.11057692307692307 0.27163461538461536
0 0.8834134615384616 0.06009615384615385 0.20432692307692307 0.1201923076923077
0 0.9423076923076923 0.02403846153846154 0.11057692307692307 0.04807692307692308
0 0.13221153846153846 0.9206730769230769 0.05048076923076923 0.055288461538461536
0 0.9495192307692307 0.6177884615384616 0.09615384615384616 0.21634615384615385
0 0.7788461538461539 0.6658653846153846 0.12740384615384615 0.16105769230769232
0 0.49038461538461536 0.8221153846153846 0.0985576923076923 0.09615384615384616