1 0.2620192307692308 0.40865384615384615 0.055288461538461536 0.06971153846153846
1 0.4206730769230769 0.4254807692307692 0.04326923076923077 0.06009615384615385
1 0.5120192307692307 0.43149038461538464 0.009615384615384616 0.040865384615384616
1 0.4519230769230769 0.42788461538461536 0.021634615384615384 0.036057692307692304
0 0.46875 0.4206730769230769 0.026442307692307692 0.038461538461538464
1 0.38461538461538464 0.4254807692307692 0.03365384615384615 0.038461538461538464
0 0.8942307692307693 0.052884615384615384 0.03125 0.03365384615384615
0 0.1141826923076923 0.5444711538461539 0.15625 0.06971153846153846
1 0.5576923076923077 0.5985576923076923 0.04807692307692308 0.057692307692307696
1 0.6754807692307693 0.5817307692307693 0.07451923076923077 0.07692307692307693
1 0.7235576923076923 0.5961538461538461 0.03365384615384615 0.052884615384615384
1 0.8822115384615384 0.5913461538461539 0.052884615384615384 0.06971153846153846
1 0.9879807692307693 0.6298076923076923 0.019230769230769232 0.04807692307692308