0 0.46033653846153844 0.359375 0.07451923076923077 0.11778846153846154
0 0.07692307692307693 0.36778846153846156 0.06971153846153846 0.0889423076923077
0 0.18990384615384615 0.3629807692307692 0.05048076923076923 0.06009615384615385
0 0.2548076923076923 0.36778846153846156 0.05048076923076923 0.057692307692307696
0 0.37740384615384615 0.35096153846153844 0.04807692307692308 0.06490384615384616
0 0.5144230769230769 0.29086538461538464 0.028846153846153848 0.10096153846153846
0 0.8245192307692307 0.25240384615384615 0.0985576923076923 0.08653846153846154
0 0.515625 0.02283653846153846 0.03125 0.04567307692307692
0 0.8245192307692307 0.038461538461538464 0.10096153846153846 0.07692307692307693
0 0.19951923076923078 0.8209134615384616 0.07211538461538461 0.08413461538461539
0 0.484375 0.8076923076923077 0.026442307692307692 0.057692307692307696