0 0.006009615384615385 0.07572115384615384 0.01201923076923077 0.06971153846153846
1 0.19591346153846154 0.03365384615384615 0.06490384615384616 0.0673076923076923
1 0.052884615384615384 0.055288461538461536 0.057692307692307696 0.07451923076923077
1 0.3389423076923077 0.06971153846153846 0.052884615384615384 0.06009615384615385
1 0.11298076923076923 0.04567307692307692 0.057692307692307696 0.06971153846153846
0 0.8725961538461539 0.3293269230769231 0.17307692307692307 0.19471153846153846
0 0.8725961538461539 0.02403846153846154 0.17548076923076922 0.04807692307692308
0 0.37740384615384615 0.7391826923076923 0.019230769230769232 0.07451923076923077
0 0.125 0.7283653846153846 0.04326923076923077 0.05048076923076923
0 0.3605769230769231 0.7427884615384616 0.03365384615384615 0.06009615384615385
0 0.026442307692307692 0.7259615384615384 0.04326923076923077 0.04807692307692308
0 0.7932692307692307 0.625 0.0625 0.0673076923076923
0 0.4723557692307692 0.5324519230769231 0.055288461538461536 0.06490384615384616
0 0.7716346153846154 0.6850961538461539 0.0625 0.055288461538461536