0 0.27163461538461536 0.2283653846153846 0.0673076923076923 0.0625
0 0.27283653846153844 0.008413461538461538 0.06971153846153846 0.016826923076923076
0 0.8822115384615384 0.4110576923076923 0.10576923076923077 0.12740384615384615
0 0.43990384615384615 0.23557692307692307 0.09615384615384616 0.09375
0 0.09134615384615384 0.7331730769230769 0.036057692307692304 0.055288461538461536
1 0.01201923076923077 0.7355769230769231 0.02403846153846154 0.0625
1 0.8112980769230769 0.9290865384615384 0.10336538461538461 0.13701923076923078
1 0.6850961538461539 0.9399038461538461 0.09615384615384616 0.11538461538461539
1 0.43028846153846156 0.9555288461538461 0.15384615384615385 0.08413461538461539
1 0.39783653846153844 0.8882211538461539 0.0985576923076923 0.14182692307692307
1 0.8100961538461539 0.65625 0.10576923076923077 0.052884615384615384
1 0.6862980769230769 0.6442307692307693 0.0985576923076923 0.028846153846153848
1 0.39783653846153844 0.6778846153846154 0.0985576923076923 0.09615384615384616