0 0.09134615384615384 0.22596153846153846 0.18269230769230768 0.21634615384615385
0 0.20192307692307693 0.28125 0.13221153846153846 0.14182692307692307
0 0.4495192307692308 0.24519230769230768 0.07451923076923077 0.08173076923076923
0 0.4495192307692308 0.040865384615384616 0.07692307692307693 0.08173076923076923
0 0.03485576923076923 0.7367788461538461 0.06971153846153846 0.0889423076923077
0 0.25721153846153844 0.7331730769230769 0.057692307692307696 0.06971153846153846
0 0.11298076923076923 0.7235576923076923 0.028846153846153848 0.038461538461538464
0 0.33413461538461536 0.6995192307692307 0.03125 0.038461538461538464
0 0.9206730769230769 0.6418269230769231 0.06009615384615385 0.0673076923076923
1 0.8389423076923077 0.6009615384615384 0.11538461538461539 0.125
1 0.5336538461538461 0.6418269230769231 0.0889423076923077 0.10576923076923077
1 0.43509615384615385 0.6225961538461539 0.07692307692307693 0.0889423076923077
1 0.6466346153846154 0.6754807692307693 0.06009615384615385 0.07211538461538461
1 0.78125 0.6875 0.0625 0.08413461538461539
0 0.3918269230769231 0.6514423076923077 0.055288461538461536 0.08173076923076923