0 0.25 0.24519230769230768 0.14182692307692307 0.15384615384615385
0 0.39663461538461536 0.2536057692307692 0.057692307692307696 0.18028846153846154
0 0.06009615384615385 0.1502403846153846 0.1201923076923077 0.15625
0 0.5673076923076923 0.4879807692307692 0.04567307692307692 0.06490384615384616
1 0.27884615384615385 0.8581730769230769 0.04807692307692308 0.057692307692307696
1 0.025240384615384616 0.8413461538461539 0.05048076923076923 0.0625
1 0.17307692307692307 0.8509615384615384 0.040865384615384616 0.055288461538461536
1 0.125 0.8629807692307693 0.04326923076923077 0.055288461538461536
1 0.31971153846153844 0.8605769230769231 0.038461538461538464 0.04807692307692308
1 0.3870192307692308 0.8677884615384616 0.028846153846153848 0.036057692307692304
1 0.4182692307692308 0.8653846153846154 0.014423076923076924 0.038461538461538464
0 0.47716346153846156 0.6225961538461539 0.06971153846153846 0.04807692307692308
0 0.5757211538461539 0.6177884615384616 0.06009615384615385 0.038461538461538464
0 0.6538461538461539 0.6177884615384616 0.052884615384615384 0.038461538461538464
0 0.7151442307692307 0.6237980769230769 0.040865384615384616 0.05048076923076923
0 0.7632211538461539 0.6201923076923077 0.040865384615384616 0.04326923076923077
0 0.8004807692307693 0.625 0.03125 0.05048076923076923