0 0.18269230769230768 0.06971153846153846 0.0985576923076923 0.10576923076923077
0 0.5985576923076923 0.11778846153846154 0.038461538461538464 0.04807692307692308
1 0.8125 0.12740384615384615 0.04326923076923077 0.04326923076923077
1 0.7043269230769231 0.12980769230769232 0.03365384615384615 0.040865384615384616
1 0.6394230769230769 0.1346153846153846 0.03365384615384615 0.040865384615384616
1 0.21634615384615385 0.6081730769230769 0.04326923076923077 0.057692307692307696
1 0.3076923076923077 0.6225961538461539 0.040865384615384616 0.05048076923076923
1 0.37259615384615385 0.6153846153846154 0.04567307692307692 0.052884615384615384
1 0.40625 0.6298076923076923 0.06009615384615385 0.0673076923076923
1 0.43990384615384615 0.6033653846153846 0.03365384615384615 0.04567307692307692
1 0.5024038461538461 0.6153846153846154 0.06009615384615385 0.06971153846153846
1 0.5709134615384616 0.6225961538461539 0.01201923076923077 0.052884615384615384
0 0.6117788461538461 0.9338942307692307 0.06490384615384616 0.11778846153846154