0 0.2920673076923077 0.22355769230769232 0.2283653846153846 0.3557692307692308
0 0.42788461538461536 0.171875 0.038461538461538464 0.08413461538461539
0 0.6346153846153846 0.18028846153846154 0.03365384615384615 0.04807692307692308
0 0.6033653846153846 0.17548076923076922 0.03365384615384615 0.04567307692307692
0 0.6971153846153846 0.18269230769230768 0.038461538461538464 0.04567307692307692
0 0.7355769230769231 0.17067307692307693 0.03365384615384615 0.04326923076923077
0 0.7860576923076923 0.17548076923076922 0.04326923076923077 0.057692307692307696
0 0.8485576923076923 0.13942307692307693 0.09134615384615384 0.10336538461538461
0 0.8918269230769231 0.1658653846153846 0.036057692307692304 0.052884615384615384
0 0.984375 0.16826923076923078 0.026442307692307692 0.052884615384615384
0 0.12980769230769232 0.7067307692307693 0.09134615384615384 0.057692307692307696
0 0.39663461538461536 0.7776442307692307 0.019230769230769232 0.08413461538461539
0 0.7403846153846154 0.7403846153846154 0.22115384615384615 0.125