0 0.36177884615384615 0.08413461538461539 0.3004807692307692 0.16826923076923078
0 0.9507211538461539 0.06610576923076923 0.09375 0.13221153846153846
0 0.32211538461538464 0.8725961538461539 0.04326923076923077 0.04567307692307692
0 0.6754807692307693 0.8725961538461539 0.05048076923076923 0.0625
1 0.07692307692307693 0.8581730769230769 0.057692307692307696 0.07692307692307693
1 0.19471153846153846 0.8173076923076923 0.08173076923076923 0.10336538461538461
1 0.37740384615384615 0.8509615384615384 0.07932692307692307 0.09134615384615384
1 0.4735576923076923 0.8581730769230769 0.057692307692307696 0.07451923076923077
1 0.5673076923076923 0.875 0.040865384615384616 0.057692307692307696
1 0.6298076923076923 0.8822115384615384 0.07932692307692307 0.09615384615384616
1 0.7836538461538461 0.8389423076923077 0.10576923076923077 0.125
0 0.8786057692307693 0.6646634615384616 0.07932692307692307 0.11298076923076923