0 0.07692307692307693 0.44711538461538464 0.06971153846153846 0.06490384615384616
0 0.9122596153846154 0.02403846153846154 0.17067307692307693 0.04807692307692308
0 0.6923076923076923 0.04567307692307692 0.04567307692307692 0.05048076923076923
0 0.6069711538461539 0.004807692307692308 0.040865384615384616 0.009615384615384616
0 0.11057692307692307 0.8076923076923077 0.04326923076923077 0.04326923076923077
1 0.7668269230769231 0.8149038461538461 0.06971153846153846 0.07932692307692307
1 0.9038461538461539 0.8341346153846154 0.0625 0.07692307692307693
1 0.6081730769230769 0.8221153846153846 0.0625 0.06971153846153846
1 0.9567307692307693 0.8317307692307693 0.055288461538461536 0.07451923076923077
1 0.8365384615384616 0.8173076923076923 0.057692307692307696 0.0673076923076923
1 0.5024038461538461 0.8509615384615384 0.04326923076923077 0.052884615384615384
1 0.7680288461538461 0.5348557692307693 0.07451923076923077 0.03125
1 0.9038461538461539 0.5252403846153846 0.0673076923076923 0.01201923076923077
1 0.609375 0.5288461538461539 0.06971153846153846 0.019230769230769232
1 0.9579326923076923 0.5252403846153846 0.06009615384615385 0.01201923076923077
1 0.8377403846153846 0.53125 0.06490384615384616 0.02403846153846154