1 0.09375 0.36538461538461536 0.02403846153846154 0.038461538461538464
1 0.15865384615384615 0.3629807692307692 0.03365384615384615 0.038461538461538464
1 0.2091346153846154 0.3798076923076923 0.03365384615384615 0.04326923076923077
1 0.25 0.3557692307692308 0.03365384615384615 0.04567307692307692
1 0.30528846153846156 0.3629807692307692 0.036057692307692304 0.04326923076923077
1 0.3870192307692308 0.36538461538461536 0.03125 0.04567307692307692
1 0.4206730769230769 0.36538461538461536 0.026442307692307692 0.040865384615384616
0 0.6634615384615384 0.19230769230769232 0.25961538461538464 0.31009615384615385
1 0.11778846153846154 0.9375 0.026442307692307692 0.03125
1 0.15625 0.9230769230769231 0.04567307692307692 0.04567307692307692
1 0.19951923076923078 0.9158653846153846 0.03125 0.040865384615384616
1 0.24759615384615385 0.8966346153846154 0.04567307692307692 0.04567307692307692
1 0.27403846153846156 0.9230769230769231 0.03125 0.03365384615384615
1 0.3269230769230769 0.9158653846153846 0.03365384615384615 0.036057692307692304
0 0.9603365384615384 0.9747596153846154 0.05048076923076923 0.04567307692307692
0 0.9182692307692307 0.9771634615384616 0.04326923076923077 0.040865384615384616
0 0.8197115384615384 0.9867788461538461 0.04807692307692308 0.021634615384615384
0 0.8509615384615384 0.9807692307692307 0.02403846153846154 0.03365384615384615
0 0.6201923076923077 0.9711538461538461 0.04567307692307692 0.03365384615384615
0 0.515625 0.9807692307692307 0.03125 0.03365384615384615
0 0.47115384615384615 0.9855769230769231 0.02403846153846154 0.02403846153846154