1 0.41225961538461536 0.12980769230769232 0.10817307692307693 0.15865384615384615
1 0.15384615384615385 0.1658653846153846 0.057692307692307696 0.07692307692307693
1 0.07932692307692307 0.125 0.10096153846153846 0.11778846153846154
1 0.2668269230769231 0.14182692307692307 0.09375 0.12980769230769232
1 0.46033653846153844 0.09495192307692307 0.01201923076923077 0.16105769230769232
1 0.010817307692307692 0.18269230769230768 0.021634615384615384 0.052884615384615384
1 0.3269230769230769 0.18269230769230768 0.055288461538461536 0.07451923076923077
0 0.9783653846153846 0.36899038461538464 0.038461538461538464 0.055288461538461536
0 0.9399038461538461 0.7163461538461539 0.11538461538461539 0.1875
0 0.5600961538461539 0.8125 0.10817307692307693 0.13942307692307693
0 0.9387019230769231 0.5204326923076923 0.11778846153846154 0.06490384615384616