0 0.6346153846153846 0.3629807692307692 0.0625 0.0625
0 0.13221153846153846 0.3629807692307692 0.05048076923076923 0.05048076923076923
0 0.8173076923076923 0.16105769230769232 0.05048076923076923 0.06009615384615385
0 0.9182692307692307 0.15625 0.055288461538461536 0.04326923076923077
0 0.22355769230769232 0.7307692307692307 0.08173076923076923 0.0985576923076923
0 0.3629807692307692 0.9206730769230769 0.06971153846153846 0.09375
0 0.05048076923076923 0.8701923076923077 0.03125 0.040865384615384616
0 0.11298076923076923 0.8894230769230769 0.05048076923076923 0.04567307692307692
0 0.11057692307692307 0.8581730769230769 0.04326923076923077 0.03365384615384615
0 0.11057692307692307 0.8317307692307693 0.03365384615384615 0.03365384615384615
0 0.22355769230769232 0.41586538461538464 0.08653846153846154 0.03365384615384615
0 0.8100961538461539 0.5721153846153846 0.10817307692307693 0.12980769230769232
0 0.9507211538461539 0.5600961538461539 0.09375 0.13942307692307693