0 0.3581730769230769 0.33413461538461536 0.11778846153846154 0.11778846153846154
0 0.4723557692307692 0.37259615384615385 0.0889423076923077 0.125
0 0.359375 0.02283653846153846 0.12259615384615384 0.04567307692307692
1 0.9423076923076923 0.07932692307692307 0.057692307692307696 0.08173076923076923
1 0.5408653846153846 0.06370192307692307 0.04326923076923077 0.055288461538461536
1 0.6442307692307693 0.06971153846153846 0.028846153846153848 0.036057692307692304
1 0.6730769230769231 0.07211538461538461 0.028846153846153848 0.040865384615384616
1 0.7788461538461539 0.06971153846153846 0.04326923076923077 0.055288461538461536
1 0.7427884615384616 0.06490384615384616 0.03365384615384615 0.052884615384615384
1 0.8052884615384616 0.06009615384615385 0.026442307692307692 0.040865384615384616
0 0.36658653846153844 0.7427884615384616 0.3004807692307692 0.22596153846153846
0 0.6538461538461539 0.9543269230769231 0.040865384615384616 0.0625