0 0.40024038461538464 0.06129807692307692 0.16105769230769232 0.12259615384615384
0 0.14423076923076922 0.026442307692307692 0.08173076923076923 0.052884615384615384
0 0.2764423076923077 0.052884615384615384 0.0625 0.07211538461538461
0 0.23557692307692307 0.0673076923076923 0.040865384615384616 0.055288461538461536
0 0.9903846153846154 0.3293269230769231 0.014423076923076924 0.052884615384615384
0 0.9663461538461539 0.33413461538461536 0.040865384615384616 0.05048076923076923
0 0.8677884615384616 0.35096153846153844 0.04567307692307692 0.04567307692307692
0 0.8990384615384616 0.3317307692307692 0.02403846153846154 0.03365384615384615
0 0.75 0.4182692307692308 0.040865384615384616 0.036057692307692304
0 0.6682692307692307 0.32211538461538464 0.04567307692307692 0.03365384615384615
0 0.5625 0.33413461538461536 0.028846153846153848 0.038461538461538464
0 0.5408653846153846 0.3870192307692308 0.038461538461538464 0.03365384615384615
0 0.5252403846153846 0.3401442307692308 0.01201923076923077 0.03125
1 0.1971153846153846 0.5961538461538461 0.07451923076923077 0.08413461538461539
1 0.12259615384615384 0.6105769230769231 0.07211538461538461 0.09615384615384616
1 0.46153846153846156 0.6634615384615384 0.0673076923076923 0.08173076923076923
1 0.34615384615384615 0.6081730769230769 0.07451923076923077 0.0985576923076923
1 0.01201923076923077 0.6021634615384616 0.02403846153846154 0.08413461538461539
1 0.40384615384615385 0.625 0.040865384615384616 0.057692307692307696
1 0.6033653846153846 0.7211538461538461 0.02403846153846154 0.03365384615384615
1 0.5721153846153846 0.7211538461538461 0.028846153846153848 0.038461538461538464