0 0.2620192307692308 0.05889423076923077 0.15384615384615385 0.11778846153846154
0 0.4579326923076923 0.036057692307692304 0.06009615384615385 0.07211538461538461
0 0.5432692307692307 0.055288461538461536 0.052884615384615384 0.07451923076923077
0 0.6262019230769231 0.04326923076923077 0.06009615384615385 0.08653846153846154
0 0.6814903846153846 0.02403846153846154 0.040865384615384616 0.04807692307692308
0 0.7884615384615384 0.06490384615384616 0.04807692307692308 0.07211538461538461
0 0.8966346153846154 0.02403846153846154 0.08173076923076923 0.04807692307692308
0 0.9939903846153846 0.051682692307692304 0.007211538461538462 0.06009615384615385
0 0.12740384615384615 0.6899038461538461 0.21394230769230768 0.23798076923076922
0 0.6418269230769231 0.9182692307692307 0.07211538461538461 0.07932692307692307
0 0.8701923076923077 0.8293269230769231 0.055288461538461536 0.057692307692307696
0 0.7572115384615384 0.6971153846153846 0.028846153846153848 0.03125
0 0.7584134615384616 0.47836538461538464 0.03125 0.019230769230769232