0 0.20192307692307693 0.18870192307692307 0.028846153846153848 0.13701923076923078
0 0.15865384615384615 0.18990384615384615 0.08173076923076923 0.10096153846153846
0 0.9375 0.1971153846153846 0.12259615384615384 0.11778846153846154
0 0.7668269230769231 0.2091346153846154 0.10576923076923077 0.11538461538461539
1 0.010817307692307692 0.7872596153846154 0.021634615384615384 0.04567307692307692
1 0.6971153846153846 0.7836538461538461 0.06971153846153846 0.09134615384615384
1 0.9134615384615384 0.8004807692307693 0.07692307692307693 0.09375
1 0.4543269230769231 0.8413461538461539 0.07932692307692307 0.08653846153846154
1 0.234375 0.84375 0.03125 0.08653846153846154
1 0.6370192307692307 0.8125 0.04807692307692308 0.06971153846153846
1 0.7716346153846154 0.8173076923076923 0.05048076923076923 0.0625
1 0.4375 0.8076923076923077 0.057692307692307696 0.0625
1 0.3581730769230769 0.8485576923076923 0.026442307692307692 0.03365384615384615