1 0.5288461538461539 0.2932692307692308 0.08173076923076923 0.09615384615384616
1 0.6490384615384616 0.2932692307692308 0.06971153846153846 0.08173076923076923
1 0.3293269230769231 0.29086538461538464 0.08413461538461539 0.11057692307692307
1 0.9783653846153846 0.25 0.038461538461538464 0.11057692307692307
1 0.2247596153846154 0.27884615384615385 0.03125 0.16346153846153846
1 0.8004807692307693 0.27884615384615385 0.08653846153846154 0.10817307692307693
1 0.4519230769230769 0.27884615384615385 0.057692307692307696 0.08173076923076923
1 0.9038461538461539 0.24278846153846154 0.12740384615384615 0.15144230769230768
1 0.6225961538461539 0.24759615384615385 0.055288461538461536 0.0625
0 0.11778846153846154 0.7884615384615384 0.14423076923076922 0.14903846153846154
0 0.6334134615384616 0.984375 0.06009615384615385 0.026442307692307692
0 0.42788461538461536 0.9759615384615384 0.038461538461538464 0.04326923076923077
0 0.5012019230769231 0.9855769230769231 0.03125 0.02403846153846154
0 0.5745192307692307 0.5408653846153846 0.026442307692307692 0.03125
1 0.2764423076923077 0.96875 0.021634615384615384 0.026442307692307692
1 0.3557692307692308 0.9807692307692307 0.021634615384615384 0.02403846153846154
1 0.2403846153846154 0.9519230769230769 0.019230769230769232 0.026442307692307692
1 0.31490384615384615 0.9783653846153846 0.019230769230769232 0.021634615384615384
1 0.2980769230769231 0.9591346153846154 0.016826923076923076 0.019230769230769232
1 0.34134615384615385 0.96875 0.016826923076923076 0.021634615384615384
1 0.375 0.9711538461538461 0.016826923076923076 0.026442307692307692
1 0.3918269230769231 0.9663461538461539 0.021634615384615384 0.026442307692307692
1 0.5192307692307693 0.9759615384615384 0.019230769230769232 0.016826923076923076
1 0.5769230769230769 0.9807692307692307 0.016826923076923076 0.02403846153846154
1 0.7391826923076923 0.9879807692307693 0.021634615384615384 0.019230769230769232
1 0.4879807692307692 0.9759615384615384 0.016826923076923076 0.019230769230769232