0 0.1466346153846154 0.33413461538461536 0.125 0.18509615384615385
0 0.41346153846153844 0.24759615384615385 0.17307692307692307 0.20192307692307693
0 0.3485576923076923 0.3605769230769231 0.13221153846153846 0.19951923076923078
0 0.1466346153846154 0.015625 0.12980769230769232 0.03125
0 0.41346153846153844 0.06370192307692307 0.1778846153846154 0.12740384615384615
0 0.34975961538461536 0.006009615384615385 0.13701923076923078 0.01201923076923077
0 0.6021634615384616 0.32572115384615385 0.12740384615384615 0.2860576923076923
0 0.2764423076923077 0.7548076923076923 0.08413461538461539 0.10576923076923077
0 0.19471153846153846 0.7740384615384616 0.06971153846153846 0.0889423076923077
0 0.43509615384615385 0.7884615384615384 0.0985576923076923 0.11538461538461539
0 0.07211538461538461 0.7716346153846154 0.057692307692307696 0.10576923076923077
0 0.9026442307692307 0.7235576923076923 0.18990384615384615 0.16826923076923078