0 0.44471153846153844 0.12980769230769232 0.13221153846153846 0.1658653846153846
0 0.055288461538461536 0.46634615384615385 0.07211538461538461 0.07692307692307693
0 0.23677884615384615 0.46875 0.08413461538461539 0.08173076923076923
0 0.453125 0.46033653846153844 0.12259615384615384 0.06490384615384616
0 0.15865384615384615 0.47115384615384615 0.06009615384615385 0.06971153846153846
0 0.9855769230769231 0.7211538461538461 0.02403846153846154 0.10576923076923077
1 0.8341346153846154 0.7259615384615384 0.07451923076923077 0.08173076923076923
1 0.6802884615384616 0.6826923076923077 0.07932692307692307 0.10336538461538461
1 0.5432692307692307 0.7223557692307693 0.028846153846153848 0.0985576923076923
0 0.9855769230769231 0.4723557692307692 0.02403846153846154 0.0889423076923077
1 0.8341346153846154 0.4639423076923077 0.07692307692307693 0.07211538461538461
1 0.6802884615384616 0.5 0.07932692307692307 0.10336538461538461
1 0.5456730769230769 0.47115384615384615 0.03365384615384615 0.08653846153846154