0 0.056490384615384616 0.2512019230769231 0.11298076923076923 0.12259615384615384
0 0.27163461538461536 0.23076923076923078 0.125 0.15865384615384615
0 0.453125 0.27283653846153844 0.12740384615384615 0.16105769230769232
0 0.028846153846153848 0.17548076923076922 0.057692307692307696 0.08653846153846154
0 0.6201923076923077 0.06490384615384616 0.15384615384615385 0.12980769230769232
0 0.8665865384615384 0.06129807692307692 0.19471153846153846 0.12259615384615384
0 0.625 0.625 0.05048076923076923 0.07692307692307693
0 0.8629807692307693 0.6033653846153846 0.04567307692307692 0.07211538461538461
0 0.7283653846153846 0.6201923076923077 0.04807692307692308 0.06490384615384616
0 0.9807692307692307 0.5997596153846154 0.03365384615384615 0.06971153846153846
0 0.9254807692307693 0.6129807692307693 0.04807692307692308 0.06971153846153846
0 0.9603365384615384 0.4831730769230769 0.055288461538461536 0.04807692307692308
0 0.8149038461538461 0.6153846153846154 0.04567307692307692 0.06971153846153846
0 0.5552884615384616 0.5913461538461539 0.04807692307692308 0.055288461538461536
0 0.5889423076923077 0.5480769230769231 0.038461538461538464 0.06009615384615385
0 0.6995192307692307 0.5 0.04326923076923077 0.07451923076923077
0 0.8052884615384616 0.4891826923076923 0.038461538461538464 0.06009615384615385