0 0.35697115384615385 0.29927884615384615 0.11778846153846154 0.11298076923076923
0 0.051682692307692304 0.2403846153846154 0.10336538461538461 0.17307692307692307
0 0.11177884615384616 0.27884615384615385 0.17548076923076922 0.15384615384615385
0 0.054086538461538464 0.02283653846153846 0.10817307692307693 0.04567307692307692
0 0.9302884615384616 0.24519230769230768 0.1346153846153846 0.22115384615384615
0 0.22596153846153846 0.7668269230769231 0.03365384615384615 0.055288461538461536
0 0.25961538461538464 0.7716346153846154 0.02403846153846154 0.03365384615384615
0 0.28125 0.7524038461538461 0.028846153846153848 0.03125
0 0.5673076923076923 0.5793269230769231 0.11298076923076923 0.1201923076923077
0 0.7283653846153846 0.4423076923076923 0.07451923076923077 0.09134615384615384
0 0.9711538461538461 0.5372596153846154 0.052884615384615384 0.13221153846153846