0 0.4543269230769231 0.3293269230769231 0.052884615384615384 0.03365384615384615
0 0.3076923076923077 0.10576923076923077 0.04326923076923077 0.04567307692307692
0 0.5805288461538461 0.34134615384615385 0.03125 0.009615384615384616
0 0.859375 0.09495192307692307 0.2764423076923077 0.18990384615384615
0 0.1778846153846154 0.6201923076923077 0.07211538461538461 0.07692307692307693
0 0.07692307692307693 0.6778846153846154 0.0625 0.0673076923076923
0 0.24519230769230768 0.6610576923076923 0.04567307692307692 0.06009615384615385
0 0.3076923076923077 0.6610576923076923 0.04567307692307692 0.055288461538461536
0 0.7596153846153846 0.40625 0.10096153846153846 0.11538461538461539
0 0.9927884615384616 0.5408653846153846 0.009615384615384616 0.04807692307692308
0 0.9206730769230769 0.5552884615384616 0.04326923076923077 0.038461538461538464