0 0.20432692307692307 0.35336538461538464 0.04326923076923077 0.04326923076923077
0 0.28846153846153844 0.3870192307692308 0.04567307692307692 0.04326923076923077
0 0.43028846153846156 0.3389423076923077 0.040865384615384616 0.04567307692307692
1 0.10336538461538461 0.40384615384615385 0.04567307692307692 0.040865384615384616
1 0.016826923076923076 0.5 0.03365384615384615 0.0625
1 0.052884615384615384 0.5264423076923077 0.0673076923076923 0.052884615384615384
1 0.18509615384615385 0.4206730769230769 0.04807692307692308 0.04567307692307692
1 0.25721153846153844 0.4423076923076923 0.055288461538461536 0.04567307692307692
1 0.3629807692307692 0.4182692307692308 0.055288461538461536 0.055288461538461536
1 0.4831730769230769 0.3605769230769231 0.055288461538461536 0.04807692307692308
0 0.5108173076923077 0.26802884615384615 0.01201923076923077 0.036057692307692304
0 0.6502403846153846 0.03485576923076923 0.07932692307692307 0.06971153846153846
0 0.7836538461538461 0.018028846153846152 0.07211538461538461 0.036057692307692304
0 0.546875 0.125 0.055288461538461536 0.11538461538461539
0 0.040865384615384616 0.734375 0.08173076923076923 0.08413461538461539
0 0.5817307692307693 0.6826923076923077 0.040865384615384616 0.052884615384615384
0 0.6706730769230769 0.6754807692307693 0.03125 0.028846153846153848
0 0.8413461538461539 0.6706730769230769 0.03125 0.038461538461538464