0 0.3076923076923077 0.25961538461538464 0.07211538461538461 0.06971153846153846
0 0.27403846153846156 0.32211538461538464 0.057692307692307696 0.0625
0 0.3088942307692308 0.027644230769230768 0.07451923076923077 0.055288461538461536
0 0.09014423076923077 0.5733173076923077 0.06009615384615385 0.05048076923076923
0 0.19471153846153846 0.6153846153846154 0.04326923076923077 0.04567307692307692
0 0.31009615384615385 0.6081730769230769 0.04567307692307692 0.052884615384615384
0 0.3629807692307692 0.7331730769230769 0.03125 0.04807692307692308
1 0.8918269230769231 0.5793269230769231 0.057692307692307696 0.0625
1 0.5444711538461539 0.5673076923076923 0.055288461538461536 0.038461538461538464
1 0.7079326923076923 0.5661057692307693 0.05048076923076923 0.036057692307692304
1 0.6274038461538461 0.5865384615384616 0.04807692307692308 0.06971153846153846
1 0.7788461538461539 0.5649038461538461 0.057692307692307696 0.03365384615384615