0 0.038461538461538464 0.21875 0.06971153846153846 0.057692307692307696
0 0.18269230769230768 0.24519230769230768 0.036057692307692304 0.040865384615384616
0 0.31971153846153844 0.25721153846153844 0.036057692307692304 0.04326923076923077
0 0.36538461538461536 0.24759615384615385 0.028846153846153848 0.040865384615384616
1 0.7379807692307693 0.3125 0.040865384615384616 0.052884615384615384
1 0.7403846153846154 0.020432692307692308 0.04807692307692308 0.040865384615384616
0 0.07211538461538461 0.8701923076923077 0.04326923076923077 0.04326923076923077
0 0.5576923076923077 0.5360576923076923 0.05048076923076923 0.06971153846153846
0 0.5240384615384616 0.5600961538461539 0.028846153846153848 0.04326923076923077
0 0.6826923076923077 0.5504807692307693 0.06971153846153846 0.0673076923076923
0 0.7596153846153846 0.5625 0.04567307692307692 0.06009615384615385
0 0.8966346153846154 0.5649038461538461 0.08173076923076923 0.09375
0 0.8245192307692307 0.5817307692307693 0.03125 0.04326923076923077
0 0.59375 0.5456730769230769 0.03365384615384615 0.055288461538461536
0 0.6394230769230769 0.5649038461538461 0.021634615384615384 0.03365384615384615