0 0.4639423076923077 0.23076923076923078 0.036057692307692304 0.04326923076923077
0 0.7548076923076923 0.46875 0.052884615384615384 0.06009615384615385
0 0.8221153846153846 0.4519230769230769 0.040865384615384616 0.057692307692307696
0 0.9254807692307693 0.4543269230769231 0.05048076923076923 0.0625
0 0.2283653846153846 0.9110576923076923 0.04567307692307692 0.057692307692307696
1 0.4254807692307692 0.9134615384615384 0.03365384615384615 0.05048076923076923
1 0.0625 0.9230769230769231 0.04326923076923077 0.06009615384615385
1 0.32211538461538464 0.9254807692307693 0.04567307692307692 0.038461538461538464
1 0.16346153846153846 0.9278846153846154 0.026442307692307692 0.038461538461538464
1 0.09375 0.9254807692307693 0.021634615384615384 0.036057692307692304
0 0.11057692307692307 0.9182692307692307 0.026442307692307692 0.038461538461538464
1 0.026442307692307692 0.9230769230769231 0.03365384615384615 0.038461538461538464
1 0.9783653846153846 0.8990384615384616 0.038461538461538464 0.08653846153846154
1 0.8269230769230769 0.9206730769230769 0.07932692307692307 0.08653846153846154
1 0.7307692307692307 0.9302884615384616 0.06971153846153846 0.08173076923076923
1 0.6610576923076923 0.9206730769230769 0.052884615384615384 0.07451923076923077