0 0.038461538461538464 0.020432692307692308 0.07692307692307693 0.040865384615384616
0 0.12139423076923077 0.027644230769230768 0.06490384615384616 0.055288461538461536
1 0.20072115384615385 0.015625 0.06009615384615385 0.03125
1 0.42788461538461536 0.007211538461538462 0.07211538461538461 0.014423076923076924
1 0.390625 0.014423076923076924 0.04567307692307692 0.028846153846153848
1 0.5108173076923077 0.025240384615384616 0.06490384615384616 0.05048076923076923
1 0.9855769230769231 0.1346153846153846 0.02403846153846154 0.07692307692307693
1 0.9302884615384616 0.11298076923076923 0.07932692307692307 0.09615384615384616
1 0.6502403846153846 0.1141826923076923 0.040865384615384616 0.08413461538461539
1 0.7740384615384616 0.13221153846153846 0.052884615384615384 0.07692307692307693
1 0.8509615384615384 0.12259615384615384 0.055288461538461536 0.0673076923076923
1 0.7379807692307693 0.13221153846153846 0.04326923076923077 0.06971153846153846
1 0.7067307692307693 0.13221153846153846 0.026442307692307692 0.04567307692307692
0 0.04447115384615385 0.4375 0.08413461538461539 0.09615384615384616
0 0.5072115384615384 0.4855769230769231 0.14903846153846154 0.19230769230769232
0 0.35096153846153844 0.4831730769230769 0.07932692307692307 0.10576923076923077
0 0.7403846153846154 0.7163461538461539 0.057692307692307696 0.0625
1 0.6370192307692307 0.7247596153846154 0.014423076923076924 0.055288461538461536
1 0.8269230769230769 0.7115384615384616 0.04567307692307692 0.052884615384615384
1 0.9867788461538461 0.7584134615384616 0.021634615384615384 0.06971153846153846