0 0.021634615384615384 0.03485576923076923 0.04326923076923077 0.06971153846153846
0 0.06009615384615385 0.020432692307692308 0.04807692307692308 0.040865384615384616
0 0.15625 0.01201923076923077 0.03365384615384615 0.02403846153846154
0 0.20552884615384615 0.03485576923076923 0.06490384615384616 0.06971153846153846
0 0.24519230769230768 0.018028846153846152 0.04326923076923077 0.036057692307692304
0 0.41947115384615385 0.040865384615384616 0.08413461538461539 0.08173076923076923
0 0.9783653846153846 0.5 0.040865384615384616 0.036057692307692304
0 0.8966346153846154 0.40384615384615385 0.04567307692307692 0.03365384615384615
0 0.7908653846153846 0.41586538461538464 0.028846153846153848 0.038461538461538464
0 0.7692307692307693 0.46875 0.038461538461538464 0.03365384615384615
0 0.7475961538461539 0.4206730769230769 0.021634615384615384 0.028846153846153848
0 0.6923076923076923 0.4423076923076923 0.03365384615384615 0.03365384615384615
0 0.7355769230769231 0.5 0.028846153846153848 0.026442307692307692
1 0.28846153846153844 0.6490384615384616 0.0673076923076923 0.0625
1 0.421875 0.6382211538461539 0.06490384615384616 0.040865384615384616
1 0.010817307692307692 0.6466346153846154 0.021634615384615384 0.057692307692307696
1 0.18269230769230768 0.6466346153846154 0.08173076923076923 0.057692307692307696
1 0.12259615384615384 0.6466346153846154 0.057692307692307696 0.057692307692307696
1 0.4543269230769231 0.6286057692307693 0.02403846153846154 0.021634615384615384
0 0.5661057692307693 0.7692307692307693 0.19471153846153846 0.30288461538461536