0 0.4014423076923077 0.14903846153846154 0.036057692307692304 0.040865384615384616
0 0.9639423076923077 0.1935096153846154 0.0673076923076923 0.23317307692307693
0 0.7908653846153846 0.22355769230769232 0.18990384615384615 0.21634615384615385
1 0.004807692307692308 0.8461538461538461 0.009615384615384616 0.0673076923076923
1 0.11298076923076923 0.84375 0.06971153846153846 0.08173076923076923
1 0.16105769230769232 0.8461538461538461 0.040865384615384616 0.057692307692307696
1 0.23798076923076922 0.8317307692307693 0.055288461538461536 0.08413461538461539
1 0.2692307692307692 0.8485576923076923 0.026442307692307692 0.04807692307692308
1 0.3389423076923077 0.8197115384615384 0.07211538461538461 0.09615384615384616
1 0.37259615384615385 0.8341346153846154 0.04567307692307692 0.06971153846153846
1 0.3389423076923077 0.5516826923076923 0.07692307692307693 0.026442307692307692
1 0.8918269230769231 0.8221153846153846 0.0889423076923077 0.11298076923076923
1 0.5072115384615384 0.8822115384615384 0.06009615384615385 0.08173076923076923
1 0.6105769230769231 0.8365384615384616 0.06009615384615385 0.09375
1 0.78125 0.8653846153846154 0.040865384615384616 0.04807692307692308