0 0.2620192307692308 0.1658653846153846 0.09375 0.09134615384615384
0 0.3557692307692308 0.17307692307692307 0.04326923076923077 0.11057692307692307
0 0.8894230769230769 0.4206730769230769 0.07932692307692307 0.09375
0 0.4050480769230769 0.39903846153846156 0.05048076923076923 0.08653846153846154
0 0.6850961538461539 0.44471153846153844 0.0625 0.07211538461538461
0 0.5096153846153846 0.40625 0.07692307692307693 0.08653846153846154
0 0.43028846153846156 0.3894230769230769 0.04326923076923077 0.07451923076923077
0 0.8269230769230769 0.43509615384615385 0.057692307692307696 0.07932692307692307
0 0.11778846153846154 0.9495192307692307 0.06971153846153846 0.06971153846153846
0 0.021634615384615384 0.9795673076923077 0.04326923076923077 0.036057692307692304
0 0.06490384615384616 0.984375 0.0625 0.026442307692307692
0 0.35216346153846156 0.9723557692307693 0.05048076923076923 0.05048076923076923
0 0.49038461538461536 0.8461538461538461 0.04567307692307692 0.04567307692307692
0 0.6538461538461539 0.9278846153846154 0.05048076923076923 0.04326923076923077
0 0.7379807692307693 0.875 0.04807692307692308 0.036057692307692304