0 0.09134615384615384 0.20673076923076922 0.057692307692307696 0.07692307692307693
0 0.22115384615384615 0.20432692307692307 0.0673076923076923 0.09375
0 0.08413461538461539 0.30528846153846156 0.0985576923076923 0.11298076923076923
0 0.13701923076923078 0.2644230769230769 0.08173076923076923 0.10576923076923077
0 0.19230769230769232 0.23317307692307693 0.038461538461538464 0.07692307692307693
1 0.5865384615384616 0.15264423076923078 0.038461538461538464 0.10817307692307693
0 0.09254807692307693 0.013221153846153846 0.06009615384615385 0.026442307692307692
0 0.22235576923076922 0.018028846153846152 0.06971153846153846 0.036057692307692304
1 0.5865384615384616 0.04807692307692308 0.038461538461538464 0.09615384615384616
0 0.9086538461538461 0.06009615384615385 0.07211538461538461 0.09134615384615384
0 0.6478365384615384 0.040865384615384616 0.06971153846153846 0.08173076923076923
0 0.7764423076923077 0.125 0.07451923076923077 0.07932692307692307
0 0.6237980769230769 0.02403846153846154 0.03125 0.04807692307692308
0 0.29086538461538464 0.9699519230769231 0.0625 0.055288461538461536
0 0.38822115384615385 0.9663461538461539 0.10817307692307693 0.0625
0 0.45913461538461536 0.9867788461538461 0.04807692307692308 0.021634615384615384
0 0.1045673076923077 0.9891826923076923 0.06490384615384616 0.016826923076923076
0 0.5084134615384616 0.9831730769230769 0.06009615384615385 0.028846153846153848
0 0.9795673076923077 0.8377403846153846 0.036057692307692304 0.10817307692307693
0 0.9423076923076923 0.8341346153846154 0.06490384615384616 0.08653846153846154
0 0.6358173076923077 0.8317307692307693 0.055288461538461536 0.07211538461538461
0 0.7331730769230769 0.8076923076923077 0.052884615384615384 0.07932692307692307
0 0.7836538461538461 0.8293269230769231 0.057692307692307696 0.08653846153846154