0 0.35096153846153844 0.4326923076923077 0.055288461538461536 0.07451923076923077
0 0.18269230769230768 0.4110576923076923 0.0625 0.07211538461538461
0 0.5216346153846154 0.4543269230769231 0.06009615384615385 0.07932692307692307
0 0.28846153846153844 0.41346153846153844 0.057692307692307696 0.06971153846153846
0 0.5745192307692307 0.4375 0.04567307692307692 0.06490384615384616
1 0.42788461538461536 0.41586538461538464 0.04567307692307692 0.0625
1 0.7259615384615384 0.09254807692307693 0.14423076923076922 0.18509615384615385
1 0.8918269230769231 0.13221153846153846 0.11778846153846154 0.14903846153846154
1 0.4951923076923077 0.7596153846153846 0.07932692307692307 0.0889423076923077
1 0.18269230769230768 0.7283653846153846 0.07692307692307693 0.10336538461538461
1 0.03485576923076923 0.7824519230769231 0.06971153846153846 0.0889423076923077
1 0.36778846153846156 0.7764423076923077 0.04807692307692308 0.06009615384615385