0 0.32211538461538464 0.15865384615384615 0.06009615384615385 0.07932692307692307
0 0.16826923076923078 0.18509615384615385 0.05048076923076923 0.06971153846153846
0 0.05048076923076923 0.18509615384615385 0.04807692307692308 0.06971153846153846
0 0.5576923076923077 0.18028846153846154 0.038461538461538464 0.07692307692307693
0 0.22596153846153846 0.1778846153846154 0.052884615384615384 0.0673076923076923
0 0.4519230769230769 0.19471153846153846 0.055288461538461536 0.07932692307692307
0 0.4110576923076923 0.1971153846153846 0.038461538461538464 0.06009615384615385
0 0.5144230769230769 0.19471153846153846 0.03365384615384615 0.04807692307692308
0 0.08413461538461539 0.19951923076923078 0.03365384615384615 0.052884615384615384
0 0.36538461538461536 0.1875 0.036057692307692304 0.052884615384615384
0 0.1346153846153846 0.18990384615384615 0.03365384615384615 0.05048076923076923
0 0.7139423076923077 0.44471153846153844 0.10336538461538461 0.09134615384615384
0 0.008413461538461538 0.9855769230769231 0.016826923076923076 0.02403846153846154
0 0.1658653846153846 0.9867788461538461 0.04326923076923077 0.021634615384615384
0 0.23798076923076922 0.9879807692307693 0.038461538461538464 0.019230769230769232
0 0.28846153846153844 0.9783653846153846 0.036057692307692304 0.036057692307692304
0 0.34615384615384615 0.9819711538461539 0.038461538461538464 0.03125
0 0.39663461538461536 0.96875 0.03365384615384615 0.03125
0 0.07451923076923077 0.9663461538461539 0.03365384615384615 0.038461538461538464
0 0.11658653846153846 0.9891826923076923 0.03125 0.016826923076923076
0 0.03365384615384615 0.9903846153846154 0.02403846153846154 0.014423076923076924