0 0.5072115384615384 0.056490384615384616 0.125 0.11298076923076923
0 0.04927884615384615 0.08052884615384616 0.0985576923076923 0.15625
0 0.3798076923076923 0.04567307692307692 0.09615384615384616 0.09134615384615384
0 0.21634615384615385 0.0625 0.07451923076923077 0.10336538461538461
0 0.17548076923076922 0.07451923076923077 0.04326923076923077 0.07932692307692307
0 0.5733173076923077 0.10216346153846154 0.08413461538461539 0.20432692307692307
0 0.7163461538461539 0.06971153846153846 0.06009615384615385 0.06971153846153846
0 0.1778846153846154 0.8725961538461539 0.09134615384615384 0.11778846153846154
0 0.4495192307692308 0.8197115384615384 0.09375 0.11298076923076923
0 0.17908653846153846 0.5985576923076923 0.0985576923076923 0.057692307692307696
0 0.4495192307692308 0.6225961538461539 0.09615384615384616 0.10576923076923077
1 0.6899038461538461 0.7740384615384616 0.08173076923076923 0.11057692307692307
1 0.7403846153846154 0.8004807692307693 0.052884615384615384 0.07211538461538461