0 0.20432692307692307 0.08653846153846154 0.10817307692307693 0.13942307692307693
1 0.03365384615384615 0.7331730769230769 0.057692307692307696 0.0673076923076923
1 0.1971153846153846 0.7307692307692307 0.04567307692307692 0.04326923076923077
1 0.2860576923076923 0.75 0.03365384615384615 0.040865384615384616
1 0.2403846153846154 0.75 0.026442307692307692 0.028846153846153848
1 0.36778846153846156 0.7548076923076923 0.03365384615384615 0.038461538461538464
0 0.9879807692307693 0.5913461538461539 0.019230769230769232 0.07211538461538461
0 0.5408653846153846 0.5444711538461539 0.04807692307692308 0.05048076923076923
0 0.5024038461538461 0.5865384615384616 0.036057692307692304 0.04326923076923077
0 0.5745192307692307 0.5576923076923077 0.028846153846153848 0.03365384615384615
0 0.6730769230769231 0.59375 0.04807692307692308 0.038461538461538464
0 0.6754807692307693 0.5348557692307693 0.04326923076923077 0.03125
0 0.7524038461538461 0.5384615384615384 0.04326923076923077 0.038461538461538464
0 0.7632211538461539 0.5288461538461539 0.03125 0.019230769230769232
0 0.8161057692307693 0.5324519230769231 0.03125 0.026442307692307692