0 0.5384615384615384 0.25240384615384615 0.15144230769230768 0.1778846153846154
0 0.8100961538461539 0.07932692307692307 0.026442307692307692 0.036057692307692304
0 0.7692307692307693 0.07451923076923077 0.03365384615384615 0.03125
0 0.6911057692307693 0.8665865384615384 0.11298076923076923 0.13221153846153846
0 0.5576923076923077 0.8461538461538461 0.10336538461538461 0.06971153846153846
0 0.6899038461538461 0.7620192307692307 0.11538461538461539 0.08653846153846154
0 0.5576923076923077 0.7548076923076923 0.10336538461538461 0.06971153846153846
0 0.8641826923076923 0.7319711538461539 0.055288461538461536 0.026442307692307692
0 0.7608173076923077 0.7319711538461539 0.021634615384615384 0.026442307692307692
0 0.921875 0.7355769230769231 0.06009615384615385 0.03365384615384615
0 0.8293269230769231 0.7247596153846154 0.038461538461538464 0.01201923076923077