0 0.008413461538461538 0.09735576923076923 0.016826923076923076 0.040865384615384616
0 0.21634615384615385 0.10576923076923077 0.038461538461538464 0.04326923076923077
0 0.26802884615384615 0.11177884615384616 0.016826923076923076 0.040865384615384616
0 0.9495192307692307 0.30288461538461536 0.09375 0.10096153846153846
0 0.5504807692307693 0.4951923076923077 0.04807692307692308 0.06971153846153846
0 0.6610576923076923 0.49278846153846156 0.04807692307692308 0.06490384615384616
0 0.33774038461538464 0.5360576923076923 0.04567307692307692 0.019230769230769232
0 0.34615384615384615 0.7740384615384616 0.07932692307692307 0.07932692307692307
0 0.8149038461538461 0.7716346153846154 0.0625 0.07451923076923077
0 0.7283653846153846 0.7692307692307693 0.057692307692307696 0.08413461538461539
0 0.9350961538461539 0.7644230769230769 0.0889423076923077 0.09375
0 0.5072115384615384 0.7572115384615384 0.06009615384615385 0.07211538461538461
0 0.5576923076923077 0.7836538461538461 0.04567307692307692 0.06009615384615385
0 0.8942307692307693 0.7692307692307693 0.04567307692307692 0.07932692307692307
0 0.6129807692307693 0.78125 0.038461538461538464 0.0673076923076923