0 0.08173076923076923 0.22115384615384615 0.04807692307692308 0.057692307692307696
0 0.021634615384615384 0.20192307692307693 0.04326923076923077 0.0625
0 0.18269230769230768 0.21153846153846154 0.038461538461538464 0.055288461538461536
0 0.2644230769230769 0.21875 0.040865384615384616 0.055288461538461536
0 0.30288461538461536 0.2283653846153846 0.03125 0.04326923076923077
0 0.36538461538461536 0.2283653846153846 0.026442307692307692 0.036057692307692304
0 0.39663461538461536 0.21634615384615385 0.03365384615384615 0.04807692307692308
0 0.4326923076923077 0.22355769230769232 0.02403846153846154 0.05048076923076923
0 0.46153846153846156 0.21394230769230768 0.038461538461538464 0.055288461538461536
0 0.4951923076923077 0.2283653846153846 0.03365384615384615 0.04807692307692308
0 0.5576923076923077 0.22355769230769232 0.040865384615384616 0.052884615384615384
0 0.6033653846153846 0.3293269230769231 0.04807692307692308 0.08653846153846154
0 0.7307692307692307 0.3173076923076923 0.11538461538461539 0.14182692307692307
0 0.9615384615384616 0.28125 0.06971153846153846 0.08173076923076923
0 0.28365384615384615 0.90625 0.08653846153846154 0.10576923076923077
0 0.17307692307692307 0.9110576923076923 0.057692307692307696 0.06971153846153846
0 0.052884615384615384 0.8846153846153846 0.04567307692307692 0.0625
0 0.015625 0.8834134615384616 0.03125 0.05048076923076923