0 0.2800480769230769 0.36778846153846156 0.13701923076923078 0.038461538461538464
0 0.5132211538461539 0.33052884615384615 0.026442307692307692 0.10817307692307693
0 0.6947115384615384 0.3485576923076923 0.0673076923076923 0.07692307692307693
0 0.7764423076923077 0.34975961538461536 0.07211538461538461 0.07451923076923077
0 0.875 0.3389423076923077 0.055288461538461536 0.0673076923076923
0 0.9867788461538461 0.3557692307692308 0.021634615384615384 0.0625
1 0.06009615384615385 0.4230769230769231 0.07211538461538461 0.0673076923076923
1 0.17548076923076922 0.4326923076923077 0.055288461538461536 0.0673076923076923
1 0.10817307692307693 0.4206730769230769 0.05048076923076923 0.06009615384615385
1 0.25721153846153844 0.4230769230769231 0.038461538461538464 0.052884615384615384
1 0.4387019230769231 0.421875 0.055288461538461536 0.06490384615384616
1 0.30528846153846156 0.42788461538461536 0.04567307692307692 0.052884615384615384
0 0.6899038461538461 0.6153846153846154 0.057692307692307696 0.055288461538461536
0 0.9278846153846154 0.6298076923076923 0.04326923076923077 0.055288461538461536
0 0.9014423076923077 0.5120192307692307 0.038461538461538464 0.057692307692307696