0 0.21153846153846154 0.08774038461538461 0.17307692307692307 0.17548076923076922
0 0.8581730769230769 0.03485576923076923 0.1201923076923077 0.06971153846153846
0 0.5528846153846154 0.04567307692307692 0.10096153846153846 0.09134615384615384
0 0.7487980769230769 0.042067307692307696 0.09375 0.08413461538461539
0 0.0625 0.9399038461538461 0.06971153846153846 0.0673076923076923
1 0.7908653846153846 0.7355769230769231 0.08173076923076923 0.1201923076923077
1 0.8798076923076923 0.7235576923076923 0.1201923076923077 0.1658653846153846
1 0.9855769230769231 0.7788461538461539 0.02403846153846154 0.13942307692307693
1 0.7355769230769231 0.7524038461538461 0.06490384615384616 0.0889423076923077
1 0.6899038461538461 0.7716346153846154 0.057692307692307696 0.07451923076923077
1 0.9675480769230769 0.765625 0.06009615384615385 0.10336538461538461