0 0.3269230769230769 0.34975961538461536 0.07211538461538461 0.055288461538461536
0 0.46875 0.31009615384615385 0.09375 0.10817307692307693
0 0.15985576923076922 0.35336538461538464 0.06971153846153846 0.04807692307692308
1 0.054086538461538464 0.36538461538461536 0.06009615384615385 0.02403846153846154
1 0.2848557692307692 0.35697115384615385 0.036057692307692304 0.040865384615384616
1 0.2608173076923077 0.3581730769230769 0.036057692307692304 0.038461538461538464
0 0.47115384615384615 0.03485576923076923 0.10096153846153846 0.06971153846153846
0 0.6394230769230769 0.18028846153846154 0.055288461538461536 0.057692307692307696
0 0.140625 0.4014423076923077 0.1466346153846154 0.04326923076923077
0 0.19230769230769232 0.41947115384615385 0.07211538461538461 0.07932692307692307
0 0.7980769230769231 0.44711538461538464 0.08413461538461539 0.11057692307692307
1 0.59375 0.45913461538461536 0.08173076923076923 0.09375
1 0.9543269230769231 0.4807692307692308 0.06009615384615385 0.07692307692307693