0 0.11298076923076923 0.36538461538461536 0.12740384615384615 0.15384615384615385
0 0.2956730769230769 0.3485576923076923 0.07451923076923077 0.10336538461538461
0 0.2548076923076923 0.3605769230769231 0.04326923076923077 0.07932692307692307
0 0.6875 0.3076923076923077 0.1201923076923077 0.1466346153846154
0 0.6887019230769231 0.038461538461538464 0.12740384615384615 0.07692307692307693
1 0.4375 0.6045673076923077 0.09615384615384616 0.09375
1 0.9435096153846154 0.6105769230769231 0.10817307692307693 0.10576923076923077
1 0.6850961538461539 0.6201923076923077 0.057692307692307696 0.07692307692307693
1 0.6117788461538461 0.5985576923076923 0.10336538461538461 0.08173076923076923
1 0.7980769230769231 0.6105769230769231 0.09615384615384616 0.10576923076923077
1 0.53125 0.6370192307692307 0.040865384615384616 0.05048076923076923
1 0.8581730769230769 0.6370192307692307 0.055288461538461536 0.07451923076923077
1 0.36899038461538464 0.6430288461538461 0.021634615384615384 0.055288461538461536