0 0.054086538461538464 0.30649038461538464 0.10817307692307693 0.17067307692307693
0 0.08653846153846154 0.24759615384615385 0.07932692307692307 0.09375
0 0.21514423076923078 0.49278846153846156 0.0985576923076923 0.10576923076923077
0 0.0673076923076923 0.5 0.1346153846153846 0.1201923076923077
0 0.625 0.8942307692307693 0.04567307692307692 0.05048076923076923
0 0.9038461538461539 0.8918269230769231 0.03365384615384615 0.04567307692307692
0 0.96875 0.9182692307692307 0.038461538461538464 0.040865384615384616
0 0.8269230769230769 0.8846153846153846 0.040865384615384616 0.055288461538461536
0 0.7115384615384616 0.8894230769230769 0.04567307692307692 0.057692307692307696
0 0.7451923076923077 0.8918269230769231 0.036057692307692304 0.036057692307692304
0 0.7932692307692307 0.8894230769230769 0.03125 0.055288461538461536