0 0.17067307692307693 0.04567307692307692 0.055288461538461536 0.07211538461538461
0 0.3389423076923077 0.08173076923076923 0.0625 0.06490384615384616
0 0.42908653846153844 0.5697115384615384 0.055288461538461536 0.02403846153846154
0 0.7403846153846154 0.6802884615384616 0.06490384615384616 0.0889423076923077
0 0.9014423076923077 0.6899038461538461 0.06009615384615385 0.09375
0 0.8533653846153846 0.6826923076923077 0.05048076923076923 0.08653846153846154
1 0.6153846153846154 0.6875 0.06490384615384616 0.0673076923076923
1 0.6754807692307693 0.6875 0.040865384615384616 0.05048076923076923
1 0.5625 0.6838942307692307 0.009615384615384616 0.055288461538461536
1 0.96875 0.7019230769230769 0.038461538461538464 0.03365384615384615
1 0.8100961538461539 0.6923076923076923 0.03365384615384615 0.040865384615384616