0 0.11538461538461539 0.0625 0.23076923076923078 0.125
0 0.22596153846153846 0.07451923076923077 0.17307692307692307 0.14903846153846154
1 0.4014423076923077 0.16105769230769232 0.11778846153846154 0.14182692307692307
1 0.6442307692307693 0.21153846153846154 0.12259615384615384 0.14182692307692307
1 0.9302884615384616 0.21153846153846154 0.0889423076923077 0.11778846153846154
1 0.8701923076923077 0.25961538461538464 0.057692307692307696 0.057692307692307696
1 0.7692307692307693 0.29086538461538464 0.038461538461538464 0.04567307692307692
1 0.7259615384615384 0.2644230769230769 0.038461538461538464 0.06009615384615385
1 0.2668269230769231 0.7379807692307693 0.08173076923076923 0.1201923076923077
1 0.3557692307692308 0.7259615384615384 0.1201923076923077 0.1658653846153846
1 0.4879807692307692 0.78125 0.07692307692307693 0.13942307692307693
1 0.21153846153846154 0.7548076923076923 0.06490384615384616 0.0889423076923077
1 0.1658653846153846 0.7740384615384616 0.057692307692307696 0.07451923076923077
1 0.4495192307692308 0.7668269230769231 0.07211538461538461 0.10096153846153846