1 0.06490384615384616 0.22115384615384615 0.04326923076923077 0.04326923076923077
1 0.41466346153846156 0.2247596153846154 0.03125 0.07932692307692307
1 0.53125 0.20673076923076922 0.0625 0.07451923076923077
1 0.8076923076923077 0.24759615384615385 0.0673076923076923 0.0889423076923077
1 0.9471153846153846 0.25 0.08413461538461539 0.10576923076923077
1 0.375 0.5228365384615384 0.04326923076923077 0.18990384615384615
1 0.2956730769230769 0.5432692307692307 0.09375 0.12740384615384615
1 0.026442307692307692 0.546875 0.052884615384615384 0.14182692307692307
1 0.06009615384615385 0.5697115384615384 0.0673076923076923 0.10336538461538461
0 0.78125 0.46153846153846156 0.07211538461538461 0.07692307692307693
0 0.7115384615384616 0.5985576923076923 0.06971153846153846 0.06971153846153846