0 0.13701923076923078 0.4230769230769231 0.028846153846153848 0.03125
0 0.21394230769230768 0.4230769230769231 0.026442307692307692 0.038461538461538464
0 0.23557692307692307 0.42788461538461536 0.019230769230769232 0.036057692307692304
0 0.2956730769230769 0.4110576923076923 0.028846153846153848 0.036057692307692304
1 0.2668269230769231 0.4254807692307692 0.021634615384615384 0.036057692307692304
0 0.5072115384615384 0.06971153846153846 0.11298076923076923 0.13942307692307693
0 0.05048076923076923 0.4855769230769231 0.057692307692307696 0.0673076923076923
0 0.9423076923076923 0.6274038461538461 0.07451923076923077 0.0889423076923077
0 0.5072115384615384 0.6298076923076923 0.07451923076923077 0.09375
0 0.6225961538461539 0.6201923076923077 0.09375 0.11057692307692307
0 0.3629807692307692 0.5420673076923077 0.0673076923076923 0.15625
0 0.8533653846153846 0.6322115384615384 0.06971153846153846 0.08413461538461539
0 0.7259615384615384 0.625 0.0625 0.06971153846153846
0 0.9867788461538461 0.6490384615384616 0.021634615384615384 0.0625
0 0.7572115384615384 0.6322115384615384 0.03125 0.055288461538461536