0 0.19831730769230768 0.23076923076923078 0.036057692307692304 0.04807692307692308
0 0.13701923076923078 0.21394230769230768 0.038461538461538464 0.040865384615384616
0 0.8269230769230769 0.3701923076923077 0.1778846153846154 0.21875
0 0.49038461538461536 0.3317307692307692 0.057692307692307696 0.08173076923076923
0 0.6274038461538461 0.32211538461538464 0.07692307692307693 0.10817307692307693
0 0.6923076923076923 0.31009615384615385 0.11778846153846154 0.12980769230769232
0 0.5504807692307693 0.32211538461538464 0.05048076923076923 0.07211538461538461
0 0.39903846153846156 0.33653846153846156 0.04807692307692308 0.06490384615384616
0 0.43509615384615385 0.32211538461538464 0.04326923076923077 0.0625
0 0.32211538461538464 0.30528846153846156 0.04567307692307692 0.057692307692307696
1 0.28125 0.3293269230769231 0.06971153846153846 0.09375
1 0.9663461538461539 0.34375 0.055288461538461536 0.057692307692307696
0 0.828125 0.02283653846153846 0.18509615384615385 0.04567307692307692
0 0.49158653846153844 0.008413461538461538 0.06490384615384616 0.016826923076923076
0 0.6274038461538461 0.019230769230769232 0.08173076923076923 0.038461538461538464
0 0.6935096153846154 0.03125 0.12259615384615384 0.0625
0 0.5528846153846154 0.010817307692307692 0.057692307692307696 0.021634615384615384
0 0.4362980769230769 0.008413461538461538 0.05048076923076923 0.016826923076923076
0 0.3245192307692308 0.015625 0.052884615384615384 0.03125
1 0.2824519230769231 0.01201923076923077 0.07451923076923077 0.02403846153846154
0 0.014423076923076924 0.9471153846153846 0.028846153846153848 0.10096153846153846
0 0.1466346153846154 0.9471153846153846 0.06971153846153846 0.07932692307692307
0 0.38221153846153844 0.8846153846153846 0.08653846153846154 0.08173076923076923