1 0.039663461538461536 0.051682692307692304 0.07932692307692307 0.10336538461538461
0 0.5721153846153846 0.07211538461538461 0.08413461538461539 0.12740384615384615
0 0.7067307692307693 0.09134615384615384 0.0673076923076923 0.08413461538461539
0 0.5384615384615384 0.09375 0.019230769230769232 0.08653846153846154
0 0.9302884615384616 0.0625 0.09615384615384616 0.125
0 0.9831730769230769 0.09014423076923077 0.028846153846153848 0.08413461538461539
0 0.6201923076923077 0.10096153846153846 0.04326923076923077 0.06490384615384616
0 0.23798076923076922 0.43990384615384615 0.15865384615384615 0.14423076923076922
0 0.09134615384615384 0.49759615384615385 0.1201923076923077 0.14182692307692307
0 0.5697115384615384 0.5012019230769231 0.08173076923076923 0.15144230769230768
0 0.7019230769230769 0.7019230769230769 0.021634615384615384 0.021634615384615384