0 0.04567307692307692 0.14543269230769232 0.09134615384615384 0.18509615384615385
0 0.16105769230769232 0.2764423076923077 0.06971153846153846 0.09375
0 0.2283653846153846 0.25961538461538464 0.08173076923076923 0.10336538461538461
0 0.3629807692307692 0.21875 0.1201923076923077 0.13942307692307693
0 0.04807692307692308 0.026442307692307692 0.09615384615384616 0.052884615384615384
0 0.5612980769230769 0.009615384615384616 0.07932692307692307 0.019230769230769232
0 0.8100961538461539 0.02283653846153846 0.057692307692307696 0.04567307692307692
0 0.40384615384615385 0.46153846153846156 0.14423076923076922 0.14423076923076922
0 0.2127403846153846 0.41346153846153844 0.12259615384615384 0.04807692307692308
1 0.5721153846153846 0.84375 0.10576923076923077 0.18269230769230768
1 0.84375 0.8954326923076923 0.1875 0.20432692307692307
1 0.5865384615384616 0.6418269230769231 0.07692307692307693 0.07692307692307693
1 0.7283653846153846 0.625 0.0625 0.07451923076923077
1 0.984375 0.6658653846153846 0.026442307692307692 0.09134615384615384