0 0.40024038461538464 0.054086538461538464 0.14182692307692307 0.10817307692307693
0 0.14423076923076922 0.026442307692307692 0.07692307692307693 0.052884615384615384
0 0.08413461538461539 0.021634615384615384 0.04807692307692308 0.04326923076923077
1 0.6322115384615384 0.4483173076923077 0.04807692307692308 0.0985576923076923
1 0.78125 0.47596153846153844 0.07451923076923077 0.08413461538461539
1 0.6610576923076923 0.43509615384615385 0.03365384615384615 0.057692307692307696
1 0.8461538461538461 0.4495192307692308 0.040865384615384616 0.057692307692307696
1 0.9086538461538461 0.44711538461538464 0.04567307692307692 0.0625
1 0.96875 0.4639423076923077 0.04326923076923077 0.055288461538461536
1 0.7283653846153846 0.44711538461538464 0.040865384615384616 0.04807692307692308
1 0.6838942307692307 0.6634615384615384 0.0985576923076923 0.0673076923076923
1 0.9699519230769231 0.6478365384615384 0.055288461538461536 0.036057692307692304
1 0.9759615384615384 0.6826923076923077 0.04326923076923077 0.09615384615384616