0 0.16346153846153846 0.1622596153846154 0.3269230769230769 0.3245192307692308
0 0.26802884615384615 0.2764423076923077 0.11778846153846154 0.1778846153846154
0 0.9423076923076923 0.10576923076923077 0.10336538461538461 0.11778846153846154
1 0.8112980769230769 0.056490384615384616 0.09375 0.11298076923076923
1 0.5853365384615384 0.03365384615384615 0.1466346153846154 0.0673076923076923
0 0.25 0.8028846153846154 0.057692307692307696 0.057692307692307696
0 0.014423076923076924 0.8317307692307693 0.021634615384615384 0.021634615384615384
0 0.08653846153846154 0.8245192307692307 0.028846153846153848 0.026442307692307692
0 0.14903846153846154 0.8173076923076923 0.02403846153846154 0.028846153846153848
0 0.8605769230769231 0.7163461538461539 0.08173076923076923 0.0985576923076923
1 0.7355769230769231 0.7139423076923077 0.057692307692307696 0.07211538461538461
1 0.7980769230769231 0.7259615384615384 0.04567307692307692 0.06009615384615385
1 0.9471153846153846 0.7283653846153846 0.03365384615384615 0.04567307692307692
0 0.4326923076923077 0.7139423076923077 0.04567307692307692 0.057692307692307696
1 0.6081730769230769 0.7427884615384616 0.055288461538461536 0.05048076923076923
0 0.6129807692307693 0.7115384615384616 0.038461538461538464 0.04567307692307692
1 0.9867788461538461 0.7319711538461539 0.021634615384615384 0.040865384615384616