0 0.5384615384615384 0.3701923076923077 0.19230769230769232 0.19230769230769232
0 0.019230769230769232 0.7728365384615384 0.038461538461538464 0.07451923076923077
0 0.2692307692307692 0.7836538461538461 0.04326923076923077 0.052884615384615384
0 0.014423076923076924 0.6610576923076923 0.028846153846153848 0.04807692307692308
0 0.040865384615384616 0.6466346153846154 0.028846153846153848 0.04326923076923077
1 0.5384615384615384 0.7860576923076923 0.07451923076923077 0.10817307692307693
1 0.6971153846153846 0.7980769230769231 0.09375 0.11057692307692307
1 0.9447115384615384 0.8245192307692307 0.057692307692307696 0.07692307692307693
1 0.8701923076923077 0.7836538461538461 0.10096153846153846 0.11778846153846154
1 0.4182692307692308 0.84375 0.04567307692307692 0.057692307692307696
1 0.7908653846153846 0.8413461538461539 0.040865384615384616 0.05048076923076923
1 0.6177884615384616 0.8461538461538461 0.038461538461538464 0.052884615384615384