1 0.9543269230769231 0.2127403846153846 0.08653846153846154 0.16105769230769232
1 0.6622596153846154 0.10096153846153846 0.10817307692307693 0.15865384615384615
0 0.34975961538461536 0.9591346153846154 0.11298076923076923 0.07692307692307693
0 0.5252403846153846 0.9867788461538461 0.055288461538461536 0.021634615384615384
0 0.20192307692307693 0.9915865384615384 0.03365384615384615 0.01201923076923077
1 0.25841346153846156 0.9879807692307693 0.036057692307692304 0.019230769230769232
0 0.34975961538461536 0.6935096153846154 0.11778846153846154 0.0889423076923077
0 0.5252403846153846 0.6646634615384616 0.06009615384615385 0.03125
0 0.14783653846153846 0.6634615384615384 0.10336538461538461 0.028846153846153848
0 0.20192307692307693 0.6598557692307693 0.03365384615384615 0.021634615384615384
1 0.25841346153846156 0.6622596153846154 0.036057692307692304 0.026442307692307692
0 0.6682692307692307 0.8581730769230769 0.03365384615384615 0.04567307692307692