0 0.1466346153846154 0.1346153846153846 0.06490384615384616 0.07211538461538461
0 0.013221153846153846 0.3581730769230769 0.026442307692307692 0.057692307692307696
0 0.9278846153846154 0.23076923076923078 0.13942307692307693 0.20673076923076922
0 0.4423076923076923 0.5649038461538461 0.021634615384615384 0.03365384615384615
0 0.41346153846153844 0.5865384615384616 0.021634615384615384 0.021634615384615384
0 0.15625 0.5841346153846154 0.026442307692307692 0.038461538461538464
0 0.038461538461538464 0.5745192307692307 0.021634615384615384 0.03365384615384615
0 0.18028846153846154 0.5673076923076923 0.021634615384615384 0.036057692307692304
0 0.21634615384615385 0.5841346153846154 0.021634615384615384 0.026442307692307692
0 0.23557692307692307 0.5865384615384616 0.021634615384615384 0.03125
0 0.9290865384615384 0.6153846153846154 0.13701923076923078 0.20192307692307693
0 0.7896634615384616 0.49278846153846156 0.21875 0.1875
0 0.8088942307692307 0.4206730769230769 0.1658653846153846 0.04326923076923077