0 0.4230769230769231 0.25 0.057692307692307696 0.07211538461538461
0 0.5336538461538461 0.39903846153846156 0.028846153846153848 0.03365384615384615
0 0.8052884615384616 0.36538461538461536 0.04567307692307692 0.04567307692307692
1 0.8846153846153846 0.39663461538461536 0.03365384615384615 0.03365384615384615
0 0.2548076923076923 0.5528846153846154 0.14423076923076922 0.17067307692307693
0 0.28125 0.5372596153846154 0.09134615384615384 0.15625
0 0.8221153846153846 0.7427884615384616 0.057692307692307696 0.07932692307692307
0 0.9807692307692307 0.7319711538461539 0.03365384615384615 0.08413461538461539
0 0.3894230769230769 0.7259615384615384 0.0889423076923077 0.10096153846153846
0 0.33653846153846156 0.7319711538461539 0.014423076923076924 0.09375
0 0.7427884615384616 0.7259615384615384 0.05048076923076923 0.08173076923076923
0 0.49278846153846156 0.7379807692307693 0.06490384615384616 0.08173076923076923
0 0.8990384615384616 0.7163461538461539 0.05048076923076923 0.06971153846153846