0 0.16105769230769232 0.2548076923076923 0.11298076923076923 0.14182692307692307
0 0.47596153846153844 0.24519230769230768 0.1346153846153846 0.1346153846153846
0 0.38461538461538464 0.2283653846153846 0.09375 0.13701923076923078
0 0.5805288461538461 0.21394230769230768 0.09375 0.3173076923076923
1 0.6658653846153846 0.375 0.040865384615384616 0.04567307692307692
1 0.8870192307692307 0.36778846153846156 0.038461538461538464 0.04567307692307692
1 0.9915865384615384 0.36778846153846156 0.01201923076923077 0.038461538461538464
1 0.9326923076923077 0.3701923076923077 0.036057692307692304 0.038461538461538464
1 0.8293269230769231 0.35336538461538464 0.03365384615384615 0.040865384615384616
1 0.7235576923076923 0.3798076923076923 0.03125 0.040865384615384616
1 0.7475961538461539 0.375 0.026442307692307692 0.04326923076923077
0 0.9338942307692307 0.6682692307692307 0.07932692307692307 0.057692307692307696
0 0.7788461538461539 0.6947115384615384 0.0625 0.07692307692307693
0 0.6850961538461539 0.6875 0.05048076923076923 0.07211538461538461
0 0.8942307692307693 0.6706730769230769 0.052884615384615384 0.0625
0 0.8293269230769231 0.6995192307692307 0.028846153846153848 0.04326923076923077