0 0.03125 0.5 0.055288461538461536 0.06490384615384616
0 0.16105769230769232 0.3581730769230769 0.03125 0.026442307692307692
0 0.37740384615384615 0.3798076923076923 0.040865384615384616 0.04567307692307692
0 0.6754807692307693 0.055288461538461536 0.15865384615384615 0.11057692307692307
0 0.5072115384615384 0.0625 0.057692307692307696 0.125
0 0.7524038461538461 0.04927884615384615 0.10576923076923077 0.0985576923076923
0 0.8100961538461539 0.9615384615384616 0.057692307692307696 0.06971153846153846
0 0.5264423076923077 0.9350961538461539 0.05048076923076923 0.0673076923076923
0 0.9603365384615384 0.9651442307692307 0.06490384615384616 0.06490384615384616
0 0.6610576923076923 0.9735576923076923 0.052884615384615384 0.04807692307692308
0 0.6153846153846154 0.9663461538461539 0.05048076923076923 0.06009615384615385