0 0.5480769230769231 0.22956730769230768 0.038461538461538464 0.09375
0 0.7908653846153846 0.27403846153846156 0.08413461538461539 0.0985576923076923
0 0.6201923076923077 0.22596153846153846 0.10576923076923077 0.11298076923076923
0 0.39903846153846156 0.6322115384615384 0.10096153846153846 0.11538461538461539
0 0.31009615384615385 0.6514423076923077 0.07692307692307693 0.08173076923076923
0 0.21634615384615385 0.6322115384615384 0.0625 0.08413461538461539
1 0.036057692307692304 0.609375 0.07211538461538461 0.10336538461538461
1 0.07932692307692307 0.6730769230769231 0.057692307692307696 0.07692307692307693
1 0.15625 0.6706730769230769 0.040865384615384616 0.06009615384615385
0 0.9495192307692307 0.6177884615384616 0.09375 0.10817307692307693
1 0.8942307692307693 0.6706730769230769 0.08173076923076923 0.0889423076923077
0 0.9495192307692307 0.4254807692307692 0.09615384615384616 0.09134615384615384
1 0.8954326923076923 0.3954326923076923 0.0889423076923077 0.03125