0 0.5384615384615384 0.1935096153846154 0.057692307692307696 0.0985576923076923
0 0.46153846153846156 0.12740384615384615 0.057692307692307696 0.07451923076923077
0 0.4014423076923077 0.1658653846153846 0.06971153846153846 0.0889423076923077
0 0.16826923076923078 0.17067307692307693 0.021634615384615384 0.03365384615384615
0 0.016826923076923076 0.14903846153846154 0.02403846153846154 0.040865384615384616
0 0.953125 0.14182692307692307 0.0889423076923077 0.15384615384615385
1 0.7463942307692307 0.96875 0.06009615384615385 0.057692307692307696
1 0.6177884615384616 0.9735576923076923 0.0625 0.04807692307692308
1 0.8233173076923077 0.9831730769230769 0.05048076923076923 0.028846153846153848
1 0.8978365384615384 0.96875 0.05048076923076923 0.057692307692307696
1 0.6670673076923077 0.9855769230769231 0.036057692307692304 0.02403846153846154
1 0.9507211538461539 0.9855769230769231 0.026442307692307692 0.02403846153846154