0 0.41586538461538464 0.13942307692307693 0.4519230769230769 0.27884615384615385
0 0.04326923076923077 0.140625 0.08653846153846154 0.28125
0 0.7644230769230769 0.046875 0.11057692307692307 0.09375
1 0.30288461538461536 0.7644230769230769 0.10576923076923077 0.125
1 0.11057692307692307 0.7596153846153846 0.07451923076923077 0.10576923076923077
1 0.6838942307692307 0.7644230769230769 0.04567307692307692 0.09615384615384616
1 0.5552884615384616 0.78125 0.0889423076923077 0.13701923076923078
1 0.43509615384615385 0.7932692307692307 0.07451923076923077 0.10336538461538461
1 0.24278846153846154 0.78125 0.052884615384615384 0.08653846153846154
1 0.18990384615384615 0.8052884615384616 0.057692307692307696 0.0673076923076923
0 0.7307692307692307 0.7992788461538461 0.04326923076923077 0.15144230769230768