0 0.2932692307692308 0.35336538461538464 0.125 0.1971153846153846
0 0.2920673076923077 0.02283653846153846 0.12740384615384615 0.04567307692307692
0 0.04326923076923077 0.9182692307692307 0.08653846153846154 0.14423076923076922
0 0.23317307692307693 0.90625 0.13701923076923078 0.14423076923076922
0 0.6442307692307693 0.6153846153846154 0.04807692307692308 0.055288461538461536
0 0.41225961538461536 0.59375 0.04567307692307692 0.04807692307692308
0 0.4567307692307692 0.6177884615384616 0.036057692307692304 0.05048076923076923
0 0.7379807692307693 0.6177884615384616 0.038461538461538464 0.036057692307692304
0 0.796875 0.5985576923076923 0.06009615384615385 0.057692307692307696
0 0.8341346153846154 0.6201923076923077 0.040865384615384616 0.04326923076923077
0 0.8485576923076923 0.5913461538461539 0.038461538461538464 0.04326923076923077
0 0.9831730769230769 0.6298076923076923 0.026442307692307692 0.03125