0 0.7259615384615384 0.31009615384615385 0.11778846153846154 0.14182692307692307
0 0.6177884615384616 0.38221153846153844 0.04807692307692308 0.04807692307692308
0 0.9230769230769231 0.3004807692307692 0.04326923076923077 0.04807692307692308
0 0.7259615384615384 0.10336538461538461 0.11778846153846154 0.14182692307692307
0 0.6177884615384616 0.03125 0.04807692307692308 0.04807692307692308
0 0.9230769230769231 0.11298076923076923 0.04326923076923077 0.04807692307692308
0 0.055288461538461536 0.6923076923076923 0.04326923076923077 0.04326923076923077
0 0.13942307692307693 0.7259615384615384 0.04567307692307692 0.04326923076923077
0 0.28125 0.6778846153846154 0.040865384615384616 0.04567307692307692
1 0.036057692307692304 0.7596153846153846 0.04807692307692308 0.04567307692307692
1 0.10817307692307693 0.78125 0.055288461538461536 0.04567307692307692
1 0.21394230769230768 0.7572115384615384 0.055288461538461536 0.055288461538461536
1 0.33413461538461536 0.6995192307692307 0.055288461538461536 0.04807692307692308
1 0.39903846153846156 0.5673076923076923 0.014423076923076924 0.03365384615384615
0 0.37259615384615385 0.6057692307692307 0.03365384615384615 0.03365384615384615