0 0.19831730769230768 0.042067307692307696 0.08413461538461539 0.08413461538461539
0 0.8774038461538461 0.2403846153846154 0.20673076923076922 0.22115384615384615
0 0.8786057692307693 0.0673076923076923 0.21394230769230768 0.1346153846153846
0 0.30528846153846156 0.7259615384615384 0.18269230769230768 0.23317307692307693
0 0.06610576923076923 0.8100961538461539 0.13221153846153846 0.2932692307692308
0 0.30649038461538464 0.5516826923076923 0.18990384615384615 0.12740384615384615
0 0.06610576923076923 0.5240384615384616 0.13221153846153846 0.07211538461538461
0 0.8449519230769231 0.5240384615384616 0.07451923076923077 0.07211538461538461
0 0.8966346153846154 0.5168269230769231 0.057692307692307696 0.057692307692307696
0 0.7728365384615384 0.5240384615384616 0.07451923076923077 0.07211538461538461
0 0.71875 0.5168269230769231 0.057692307692307696 0.057692307692307696