0 0.6538461538461539 0.4254807692307692 0.08173076923076923 0.10336538461538461
0 0.39783653846153844 0.4266826923076923 0.06009615384615385 0.11298076923076923
0 0.7692307692307693 0.4182692307692308 0.0985576923076923 0.11057692307692307
0 0.4423076923076923 0.44711538461538464 0.04807692307692308 0.07932692307692307
0 0.1658653846153846 0.6971153846153846 0.12980769230769232 0.08173076923076923
0 0.028846153846153848 0.6887019230769231 0.057692307692307696 0.06971153846153846
0 0.1658653846153846 0.6105769230769231 0.12980769230769232 0.08173076923076923
0 0.028846153846153848 0.6213942307692307 0.057692307692307696 0.06971153846153846
0 0.5829326923076923 0.9855769230769231 0.03125 0.02403846153846154
0 0.7067307692307693 0.9807692307692307 0.03125 0.036057692307692304
0 0.8389423076923077 0.9819711538461539 0.04807692307692308 0.03125