0 0.07692307692307693 0.057692307692307696 0.08173076923076923 0.08653846153846154
0 0.6177884615384616 0.06009615384615385 0.09134615384615384 0.10576923076923077
0 0.9831730769230769 0.0625 0.028846153846153848 0.08173076923076923
0 0.34134615384615385 0.5408653846153846 0.0673076923076923 0.09134615384615384
0 0.18990384615384615 0.5264423076923077 0.1346153846153846 0.15144230769230768
0 0.06009615384615385 0.5625 0.04807692307692308 0.06971153846153846
0 0.018028846153846152 0.53125 0.036057692307692304 0.057692307692307696
0 0.11057692307692307 0.5576923076923077 0.04326923076923077 0.057692307692307696
0 0.9543269230769231 0.6322115384615384 0.08653846153846154 0.09615384615384616
0 0.59375 0.7668269230769231 0.06971153846153846 0.09375
0 0.9134615384615384 0.9879807692307693 0.052884615384615384 0.019230769230769232
0 0.9543269230769231 0.3293269230769231 0.08653846153846154 0.04326923076923077