0 0.5012019230769231 0.17307692307692307 0.11778846153846154 0.125
0 0.875 0.14903846153846154 0.04567307692307692 0.06490384615384616
0 0.5168269230769231 0.11057692307692307 0.052884615384615384 0.052884615384615384
0 0.5264423076923077 0.4855769230769231 0.06009615384615385 0.07932692307692307
0 0.5745192307692307 0.47115384615384615 0.052884615384615384 0.07211538461538461
0 0.6177884615384616 0.4855769230769231 0.038461538461538464 0.04567307692307692
0 0.7331730769230769 0.49038461538461536 0.04807692307692308 0.06971153846153846
0 0.8052884615384616 0.4567307692307692 0.05048076923076923 0.0625
0 0.9038461538461539 0.4639423076923077 0.052884615384615384 0.057692307692307696
0 0.9447115384615384 0.42788461538461536 0.04807692307692308 0.06009615384615385
0 0.9915865384615384 0.40384615384615385 0.01201923076923077 0.0673076923076923
0 0.9819711538461539 0.40625 0.03125 0.057692307692307696