0 0.10216346153846154 0.4543269230769231 0.0889423076923077 0.04326923076923077
1 0.9483173076923077 0.4543269230769231 0.10336538461538461 0.04326923076923077
1 0.9086538461538461 0.4254807692307692 0.07211538461538461 0.09375
1 0.8221153846153846 0.4362980769230769 0.0673076923076923 0.07932692307692307
0 0.46153846153846156 0.7043269230769231 0.05048076923076923 0.05048076923076923
0 0.028846153846153848 0.6778846153846154 0.04326923076923077 0.04807692307692308
0 0.25240384615384615 0.5745192307692307 0.038461538461538464 0.036057692307692304
0 0.13701923076923078 0.5576923076923077 0.03125 0.03365384615384615
0 0.2668269230769231 0.6322115384615384 0.026442307692307692 0.02403846153846154
0 0.4182692307692308 0.5192307692307693 0.02403846153846154 0.028846153846153848
0 0.3870192307692308 0.5096153846153846 0.028846153846153848 0.028846153846153848
0 0.007211538461538462 0.5048076923076923 0.014423076923076924 0.02403846153846154
0 0.03245192307692308 0.49158653846153844 0.03125 0.026442307692307692
0 0.08774038461538461 0.48197115384615385 0.021634615384615384 0.007211538461538462
1 0.05048076923076923 0.6995192307692307 0.03365384615384615 0.036057692307692304
0 0.15625 0.5216346153846154 0.021634615384615384 0.02403846153846154
0 0.6838942307692307 0.6766826923076923 0.0889423076923077 0.12259615384615384
0 0.7740384615384616 0.6778846153846154 0.12980769230769232 0.13221153846153846
1 0.9158653846153846 0.6923076923076923 0.11057692307692307 0.1346153846153846
0 0.6838942307692307 0.546875 0.0889423076923077 0.12259615384615384
0 0.7752403846153846 0.5444711538461539 0.13221153846153846 0.13221153846153846
1 0.9170673076923077 0.5384615384615384 0.11298076923076923 0.1201923076923077