0 0.12740384615384615 0.22115384615384615 0.08413461538461539 0.08173076923076923
0 0.5276442307692307 0.10576923076923077 0.13701923076923078 0.15384615384615385
0 0.24278846153846154 0.27163461538461536 0.07211538461538461 0.08173076923076923
0 0.3798076923076923 0.3004807692307692 0.0673076923076923 0.08173076923076923
0 0.019230769230769232 0.5264423076923077 0.038461538461538464 0.07692307692307693
0 0.4567307692307692 0.5216346153846154 0.052884615384615384 0.06490384615384616
0 0.23317307692307693 0.5168269230769231 0.057692307692307696 0.057692307692307696
0 0.15384615384615385 0.5432692307692307 0.052884615384615384 0.06009615384615385
0 0.5408653846153846 0.5264423076923077 0.055288461538461536 0.0673076923076923
0 0.0985576923076923 0.53125 0.04567307692307692 0.0625
0 0.3798076923076923 0.5192307692307693 0.04567307692307692 0.06009615384615385
0 0.30528846153846156 0.5432692307692307 0.04567307692307692 0.06009615384615385
0 0.71875 0.5408653846153846 0.10576923076923077 0.15865384615384615