0 0.2644230769230769 0.10817307692307693 0.14182692307692307 0.19951923076923078
0 0.8161057692307693 0.038461538461538464 0.17548076923076922 0.07692307692307693
1 0.013221153846153846 0.5432692307692307 0.026442307692307692 0.10576923076923077
1 0.1201923076923077 0.5528846153846154 0.0673076923076923 0.08653846153846154
1 0.2980769230769231 0.6947115384615384 0.03365384615384615 0.04567307692307692
1 0.42788461538461536 0.6346153846153846 0.04567307692307692 0.04567307692307692
1 0.36778846153846156 0.7091346153846154 0.028846153846153848 0.03365384615384615
0 0.6899038461538461 0.7524038461538461 0.06009615384615385 0.06971153846153846
0 0.8966346153846154 0.8076923076923077 0.06490384615384616 0.10576923076923077
0 0.5276442307692307 0.9002403846153846 0.036057692307692304 0.06009615384615385
0 0.5408653846153846 0.8269230769230769 0.03365384615384615 0.040865384615384616
0 0.7596153846153846 0.7572115384615384 0.04807692307692308 0.055288461538461536
1 0.8413461538461539 0.8293269230769231 0.10336538461538461 0.14182692307692307
1 0.8125 0.7403846153846154 0.026442307692307692 0.03125
0 0.9807692307692307 0.8088942307692307 0.03365384615384615 0.10817307692307693