0 0.42788461538461536 0.5600961538461539 0.08173076923076923 0.08653846153846154
0 0.33413461538461536 0.19230769230769232 0.0985576923076923 0.09375
0 0.34615384615384615 0.3125 0.08413461538461539 0.08413461538461539
0 0.33413461538461536 0.04326923076923077 0.10096153846153846 0.08653846153846154
0 0.7980769230769231 0.18269230769230768 0.057692307692307696 0.0625
0 0.0673076923076923 0.9759615384615384 0.1201923076923077 0.04326923076923077
0 0.4326923076923077 0.9699519230769231 0.08653846153846154 0.055288461538461536
0 0.36658653846153844 0.9591346153846154 0.11778846153846154 0.07692307692307693
0 0.06850961538461539 0.6875 0.12259615384615384 0.019230769230769232
0 0.43509615384615385 0.6935096153846154 0.09134615384615384 0.03125
0 0.36658653846153844 0.7055288461538461 0.12259615384615384 0.055288461538461536