0 0.02403846153846154 0.41346153846153844 0.04807692307692308 0.09615384615384616
0 0.10576923076923077 0.40625 0.04326923076923077 0.057692307692307696
0 0.23317307692307693 0.39663461538461536 0.040865384615384616 0.06490384615384616
0 0.3125 0.4206730769230769 0.03365384615384615 0.04326923076923077
1 0.6634615384615384 0.39663461538461536 0.057692307692307696 0.06009615384615385
1 0.75 0.40865384615384615 0.04567307692307692 0.057692307692307696
1 0.9447115384615384 0.3918269230769231 0.03365384615384615 0.057692307692307696
1 0.625 0.40865384615384615 0.014423076923076924 0.0673076923076923
1 0.9182692307692307 0.39903846153846156 0.026442307692307692 0.055288461538461536
0 0.5024038461538461 0.9471153846153846 0.052884615384615384 0.06009615384615385
0 0.3293269230769231 0.9543269230769231 0.052884615384615384 0.057692307692307696
0 0.0829326923076923 0.984375 0.055288461538461536 0.026442307692307692
0 0.21394230769230768 0.9206730769230769 0.04567307692307692 0.05048076923076923
0 0.37740384615384615 0.9182692307692307 0.052884615384615384 0.057692307692307696
0 0.5408653846153846 0.9519230769230769 0.038461538461538464 0.057692307692307696
0 0.9615384615384616 0.8737980769230769 0.07211538461538461 0.24759615384615385