0 0.4230769230769231 0.22355769230769232 0.0625 0.08173076923076923
0 0.2692307692307692 0.25 0.05048076923076923 0.07451923076923077
0 0.31009615384615385 0.24278846153846154 0.04567307692307692 0.0673076923076923
0 0.16826923076923078 0.24519230769230768 0.052884615384615384 0.07692307692307693
0 0.2091346153846154 0.24278846153846154 0.036057692307692304 0.0625
0 0.07211538461538461 0.2548076923076923 0.04807692307692308 0.0625
0 0.021634615384615384 0.25600961538461536 0.04326923076923077 0.06490384615384616
0 0.11298076923076923 0.25240384615384615 0.03365384615384615 0.057692307692307696
1 0.15625 0.8293269230769231 0.06971153846153846 0.08653846153846154
1 0.2283653846153846 0.8173076923076923 0.057692307692307696 0.07932692307692307
1 0.5372596153846154 0.828125 0.036057692307692304 0.08413461538461539
1 0.27884615384615385 0.78125 0.03365384615384615 0.04326923076923077
0 0.9086538461538461 0.7115384615384616 0.1201923076923077 0.13701923076923078
0 0.6081730769230769 0.6009615384615384 0.09615384615384616 0.11298076923076923