0 0.04326923076923077 0.20432692307692307 0.08653846153846154 0.12980769230769232
0 0.07451923076923077 0.15625 0.055288461538461536 0.08173076923076923
0 0.16346153846153846 0.12259615384615384 0.0625 0.08173076923076923
0 0.2283653846153846 0.15865384615384615 0.038461538461538464 0.125
0 0.33413461538461536 0.12259615384615384 0.0625 0.08173076923076923
0 0.2692307692307692 0.15865384615384615 0.038461538461538464 0.125
0 0.7019230769230769 0.09375 0.0673076923076923 0.08173076923076923
0 0.028846153846153848 0.8870192307692307 0.026442307692307692 0.03365384615384615
0 0.16826923076923078 0.8894230769230769 0.019230769230769232 0.03125
0 0.9819711538461539 0.40024038461538464 0.03125 0.08413461538461539
0 0.8677884615384616 0.38461538461538464 0.05048076923076923 0.06971153846153846
0 0.5697115384615384 0.3870192307692308 0.04807692307692308 0.06490384615384616
0 0.7163461538461539 0.3942307692307692 0.057692307692307696 0.06971153846153846
0 0.8173076923076923 0.38461538461538464 0.040865384615384616 0.0625
0 0.4543269230769231 0.40625 0.04567307692307692 0.06009615384615385
0 0.6490384615384616 0.3894230769230769 0.040865384615384616 0.057692307692307696
0 0.9158653846153846 0.40625 0.04807692307692308 0.08173076923076923
0 0.6875 0.40625 0.040865384615384616 0.06490384615384616