0 0.07932692307692307 0.11298076923076923 0.07211538461538461 0.08173076923076923
0 0.055288461538461536 0.055288461538461536 0.040865384615384616 0.038461538461538464
0 0.2764423076923077 0.0625 0.040865384615384616 0.038461538461538464
1 0.01201923076923077 0.0625 0.02403846153846154 0.04807692307692308
1 0.17548076923076922 0.06971153846153846 0.06009615384615385 0.06009615384615385
1 0.21394230769230768 0.09375 0.04326923076923077 0.06009615384615385
0 0.2403846153846154 0.03125 0.036057692307692304 0.03365384615384615
1 0.13942307692307693 0.019230769230769232 0.026442307692307692 0.03365384615384615
1 0.1814903846153846 0.013221153846153846 0.03125 0.026442307692307692
1 0.20793269230769232 0.014423076923076924 0.026442307692307692 0.028846153846153848
1 0.07211538461538461 0.028846153846153848 0.028846153846153848 0.03125
0 0.35096153846153844 0.08052884615384616 0.08653846153846154 0.07451923076923077
0 0.875 0.375 0.07692307692307693 0.09375
0 0.19110576923076922 0.8137019230769231 0.2283653846153846 0.36778846153846156
1 0.36899038461538464 0.5757211538461539 0.08413461538461539 0.055288461538461536
1 0.46033653846153844 0.5805288461538461 0.08413461538461539 0.06490384615384616
1 0.6298076923076923 0.6129807692307693 0.10096153846153846 0.11057692307692307
1 0.9759615384615384 0.6177884615384616 0.04326923076923077 0.1201923076923077
1 0.3293269230769231 0.5588942307692307 0.04326923076923077 0.021634615384615384