0 0.36538461538461536 0.43028846153846156 0.0625 0.0625
0 0.052884615384615384 0.4519230769230769 0.04567307692307692 0.04567307692307692
0 0.008413461538461538 0.38221153846153844 0.016826923076923076 0.052884615384615384
0 0.5288461538461539 0.1971153846153846 0.11298076923076923 0.10817307692307693
0 0.07932692307692307 0.9110576923076923 0.13942307692307693 0.17307692307692307
0 0.30528846153846156 0.9302884615384616 0.11778846153846154 0.125
0 0.3894230769230769 0.8377403846153846 0.09615384615384616 0.17067307692307693
0 0.6754807692307693 0.7211538461538461 0.07692307692307693 0.11538461538461539
0 0.5432692307692307 0.6995192307692307 0.09615384615384616 0.12980769230769232
0 0.7115384615384616 0.6586538461538461 0.038461538461538464 0.05048076923076923
0 0.75 0.6274038461538461 0.04567307692307692 0.04567307692307692