0 0.34134615384615385 0.5649038461538461 0.03365384615384615 0.040865384615384616
0 0.08173076923076923 0.5733173076923077 0.028846153846153848 0.026442307692307692
0 0.234375 0.5757211538461539 0.036057692307692304 0.021634615384615384
0 0.75 0.13701923076923078 0.057692307692307696 0.06971153846153846
0 0.5793269230769231 0.1346153846153846 0.057692307692307696 0.06971153846153846
0 0.8365384615384616 0.16105769230769232 0.052884615384615384 0.057692307692307696
1 0.46634615384615385 0.15144230769230768 0.057692307692307696 0.06490384615384616
0 0.8798076923076923 0.14182692307692307 0.028846153846153848 0.04567307692307692
0 0.9927884615384616 0.14182692307692307 0.009615384615384616 0.04326923076923077
0 0.4338942307692308 0.875 0.03125 0.12980769230769232
0 0.6778846153846154 0.8533653846153846 0.09375 0.12740384615384615
0 0.9783653846153846 0.9519230769230769 0.03365384615384615 0.040865384615384616
0 0.8918269230769231 0.9615384615384616 0.038461538461538464 0.036057692307692304