0 0.35096153846153844 0.42788461538461536 0.057692307692307696 0.0625
0 0.6466346153846154 0.44471153846153844 0.057692307692307696 0.055288461538461536
0 0.007211538461538462 0.46033653846153844 0.014423076923076924 0.06490384615384616
0 0.15144230769230768 0.4543269230769231 0.04326923076923077 0.05048076923076923
0 0.21875 0.4206730769230769 0.06009615384615385 0.0673076923076923
0 0.49278846153846156 0.4495192307692308 0.055288461538461536 0.0625
0 0.9399038461538461 0.5192307692307693 0.0625 0.06009615384615385
0 0.8701923076923077 0.27403846153846156 0.0625 0.052884615384615384
0 0.22115384615384615 0.7932692307692307 0.057692307692307696 0.08653846153846154
0 0.6394230769230769 0.8389423076923077 0.055288461538461536 0.06971153846153846
0 0.5192307692307693 0.8341346153846154 0.055288461538461536 0.057692307692307696
1 0.35336538461538464 0.7908653846153846 0.06971153846153846 0.09615384615384616
1 0.10096153846153846 0.8173076923076923 0.06971153846153846 0.09375
1 0.16105769230769232 0.8317307692307693 0.04326923076923077 0.06009615384615385
1 0.019230769230769232 0.8365384615384616 0.038461538461538464 0.04807692307692308
1 0.29086538461538464 0.8317307692307693 0.038461538461538464 0.052884615384615384
0 0.43028846153846156 0.8365384615384616 0.05048076923076923 0.06971153846153846
1 0.9026442307692307 0.9591346153846154 0.15625 0.07692307692307693