0 0.23317307692307693 0.15384615384615385 0.038461538461538464 0.04326923076923077
0 0.46634615384615385 0.33653846153846156 0.03365384615384615 0.038461538461538464
0 0.6995192307692307 0.31971153846153844 0.15144230769230768 0.19230769230769232
0 0.9242788461538461 0.3713942307692308 0.1466346153846154 0.10817307692307693
0 0.7019230769230769 0.03245192307692308 0.15865384615384615 0.06490384615384616
0 0.13942307692307693 0.9230769230769231 0.04807692307692308 0.04326923076923077
0 0.24759615384615385 0.8173076923076923 0.04567307692307692 0.04567307692307692
0 0.17067307692307693 0.8100961538461539 0.038461538461538464 0.03365384615384615
0 0.28365384615384615 0.8100961538461539 0.03125 0.03365384615384615
0 0.24519230769230768 0.75 0.026442307692307692 0.02403846153846154
0 0.33653846153846156 0.8245192307692307 0.038461538461538464 0.040865384615384616
0 0.49038461538461536 0.8269230769230769 0.057692307692307696 0.055288461538461536
0 0.24639423076923078 0.4375 0.03125 0.019230769230769232
0 0.8233173076923077 0.4639423076923077 0.18990384615384615 0.07211538461538461