0 0.4411057692307692 0.18269230769230768 0.08413461538461539 0.1346153846153846
0 0.6129807692307693 0.18028846153846154 0.040865384615384616 0.052884615384615384
0 0.7451923076923077 0.24519230769230768 0.09375 0.10336538461538461
0 0.7836538461538461 0.15625 0.04567307692307692 0.052884615384615384
0 0.9567307692307693 0.1141826923076923 0.08173076923076923 0.13701923076923078
0 0.021634615384615384 0.8509615384615384 0.04326923076923077 0.10576923076923077
0 0.6658653846153846 0.8557692307692307 0.03365384615384615 0.038461538461538464
0 0.7788461538461539 0.7572115384615384 0.03365384615384615 0.021634615384615384
0 0.6730769230769231 0.7596153846153846 0.038461538461538464 0.036057692307692304
0 0.7644230769230769 0.7283653846153846 0.03125 0.03125
0 0.8245192307692307 0.5625 0.036057692307692304 0.036057692307692304
0 0.9483173076923077 0.4795673076923077 0.040865384615384616 0.021634615384615384
0 0.9495192307692307 0.5649038461538461 0.038461538461538464 0.038461538461538464