0 0.22115384615384615 0.21394230769230768 0.06971153846153846 0.07451923076923077
0 0.12980769230769232 0.7788461538461539 0.06971153846153846 0.09134615384615384
0 0.4543269230769231 0.7908653846153846 0.08413461538461539 0.10096153846153846
0 0.24278846153846154 0.7788461538461539 0.08413461538461539 0.11298076923076923
0 0.0673076923076923 0.8221153846153846 0.038461538461538464 0.04567307692307692
0 0.008413461538461538 0.8173076923076923 0.016826923076923076 0.04326923076923077
0 0.12980769230769232 0.47596153846153844 0.06971153846153846 0.09134615384615384
0 0.4543269230769231 0.4723557692307692 0.08653846153846154 0.0889423076923077
0 0.24278846153846154 0.4807692307692308 0.08653846153846154 0.10576923076923077
0 0.008413461538461538 0.44350961538461536 0.016826923076923076 0.03125
0 0.7548076923076923 0.7860576923076923 0.1466346153846154 0.16346153846153846
0 0.5228365384615384 0.7680288461538461 0.026442307692307692 0.07451923076923077
1 0.6177884615384616 0.7740384615384616 0.10336538461538461 0.11778846153846154
0 0.7572115384615384 0.4963942307692308 0.15384615384615385 0.13701923076923078
0 0.5228365384615384 0.4987980769230769 0.026442307692307692 0.07451923076923077
1 0.6177884615384616 0.49038461538461536 0.10336538461538461 0.11778846153846154