0 0.35216346153846156 0.04326923076923077 0.06971153846153846 0.08653846153846154
0 0.23557692307692307 0.055288461538461536 0.0625 0.0889423076923077
0 0.5324519230769231 0.04326923076923077 0.026442307692307692 0.08653846153846154
0 0.40865384615384615 0.055288461538461536 0.04326923076923077 0.08173076923076923
0 0.13221153846153846 0.04927884615384615 0.09134615384615384 0.0985576923076923
0 0.2920673076923077 0.03485576923076923 0.055288461538461536 0.06971153846153846
0 0.19230769230769232 0.03365384615384615 0.057692307692307696 0.0673076923076923
0 0.4375 0.055288461538461536 0.038461538461538464 0.07451923076923077
0 0.5973557692307693 0.09975961538461539 0.0985576923076923 0.17067307692307693
0 0.9254807692307693 0.2403846153846154 0.14423076923076922 0.14423076923076922
0 0.9735576923076923 0.13221153846153846 0.04807692307692308 0.09134615384615384
0 0.8028846153846154 0.09615384615384616 0.13221153846153846 0.14903846153846154
0 0.5048076923076923 0.6466346153846154 0.08173076923076923 0.19230769230769232
0 0.27884615384615385 0.6418269230769231 0.07451923076923077 0.08653846153846154
0 0.21875 0.6490384615384616 0.04567307692307692 0.055288461538461536
0 0.11298076923076923 0.6706730769230769 0.036057692307692304 0.038461538461538464
0 0.07692307692307693 0.6490384615384616 0.028846153846153848 0.03125
0 0.0625 0.6730769230769231 0.03365384615384615 0.03125
0 0.02403846153846154 0.6634615384615384 0.028846153846153848 0.02403846153846154
0 0.010817307692307692 0.6766826923076923 0.021634615384615384 0.03125
0 0.5036057692307693 0.4182692307692308 0.08413461538461539 0.07692307692307693
0 0.28125 0.3954326923076923 0.08173076923076923 0.03125
1 0.71875 0.7692307692307693 0.057692307692307696 0.07692307692307693
1 0.9543269230769231 0.8004807692307693 0.057692307692307696 0.06971153846153846
1 0.65625 0.8052884615384616 0.03365384615384615 0.04326923076923077
1 0.6225961538461539 0.8052884615384616 0.028846153846153848 0.04567307692307692
1 0.8365384615384616 0.7884615384615384 0.03365384615384615 0.04567307692307692
1 0.8774038461538461 0.8076923076923077 0.038461538461538464 0.052884615384615384