0 0.4639423076923077 0.026442307692307692 0.0673076923076923 0.052884615384615384
1 0.6177884615384616 0.23076923076923078 0.05048076923076923 0.057692307692307696
1 0.6586538461538461 0.18990384615384615 0.04326923076923077 0.052884615384615384
1 0.6971153846153846 0.21153846153846154 0.04567307692307692 0.06009615384615385
1 0.7427884615384616 0.22355769230769232 0.03125 0.04326923076923077
1 0.8389423076923077 0.23317307692307693 0.052884615384615384 0.06009615384615385
1 0.90625 0.22355769230769232 0.04326923076923077 0.055288461538461536
1 0.04447115384615385 0.5985576923076923 0.0889423076923077 0.057692307692307696
0 0.9110576923076923 0.6538461538461539 0.0625 0.07932692307692307
1 0.9651442307692307 0.7716346153846154 0.06490384615384616 0.11057692307692307
0 0.71875 0.7163461538461539 0.04326923076923077 0.036057692307692304