0 0.019230769230769232 0.24519230769230768 0.038461538461538464 0.08173076923076923
0 0.055288461538461536 0.23076923076923078 0.052884615384615384 0.07211538461538461
0 0.0985576923076923 0.24519230769230768 0.038461538461538464 0.04567307692307692
0 0.21394230769230768 0.25 0.04807692307692308 0.06971153846153846
0 0.2860576923076923 0.21634615384615385 0.05048076923076923 0.0625
0 0.38461538461538464 0.22355769230769232 0.052884615384615384 0.057692307692307696
0 0.4254807692307692 0.1875 0.04807692307692308 0.06009615384615385
0 0.49038461538461536 0.16346153846153846 0.04567307692307692 0.06490384615384616
0 0.46634615384615385 0.1658653846153846 0.038461538461538464 0.055288461538461536
0 0.7331730769230769 0.11778846153846154 0.10336538461538461 0.11778846153846154
0 0.5709134615384616 0.21033653846153846 0.04567307692307692 0.06009615384615385