0 0.28365384615384615 0.4375 0.10576923076923077 0.11778846153846154
0 0.5540865384615384 0.0673076923076923 0.05048076923076923 0.1346153846153846
0 0.18509615384615385 0.75 0.05048076923076923 0.06971153846153846
0 0.1466346153846154 0.7740384615384616 0.03365384615384615 0.040865384615384616
0 0.055288461538461536 0.7836538461538461 0.03365384615384615 0.028846153846153848
0 0.31009615384615385 0.7644230769230769 0.06971153846153846 0.0673076923076923
0 0.3870192307692308 0.7764423076923077 0.04567307692307692 0.06009615384615385
0 0.5048076923076923 0.7788461538461539 0.04326923076923077 0.09615384615384616
0 0.4519230769230769 0.7956730769230769 0.03125 0.04326923076923077
0 0.22115384615384615 0.7596153846153846 0.03365384615384615 0.055288461538461536
0 0.2668269230769231 0.7788461538461539 0.021634615384615384 0.03365384615384615
0 0.5432692307692307 0.6117788461538461 0.028846153846153848 0.007211538461538462
0 0.7271634615384616 0.6237980769230769 0.036057692307692304 0.03125
0 0.6274038461538461 0.6105769230769231 0.02403846153846154 0.004807692307692308