0 0.5192307692307693 0.27403846153846156 0.07451923076923077 0.0985576923076923
0 0.10096153846153846 0.29086538461538464 0.07932692307692307 0.09615384615384616
0 0.33413461538461536 0.25961538461538464 0.06971153846153846 0.08653846153846154
0 0.20192307692307693 0.29086538461538464 0.06490384615384616 0.08653846153846154
0 0.25 0.25 0.057692307692307696 0.07932692307692307
0 0.036057692307692304 0.23317307692307693 0.04807692307692308 0.06490384615384616
0 0.3581730769230769 0.22355769230769232 0.057692307692307696 0.07932692307692307
0 0.036057692307692304 0.002403846153846154 0.052884615384615384 0.004807692307692308
0 0.359375 0.010817307692307692 0.06490384615384616 0.021634615384615384
0 0.6057692307692307 0.18509615384615385 0.04326923076923077 0.04326923076923077
0 0.5612980769230769 0.4855769230769231 0.03125 0.19230769230769232
1 0.9795673076923077 0.4675480769230769 0.036057692307692304 0.15625