0 0.12259615384615384 0.31490384615384615 0.1201923076923077 0.12980769230769232
0 0.20673076923076922 0.3557692307692308 0.10336538461538461 0.11778846153846154
0 0.6177884615384616 0.18509615384615385 0.09615384615384616 0.14423076923076922
0 0.8028846153846154 0.17548076923076922 0.04326923076923077 0.04807692307692308
0 0.9423076923076923 0.21153846153846154 0.0985576923076923 0.11538461538461539
0 0.6177884615384616 0.025240384615384616 0.09615384615384616 0.05048076923076923
0 0.8040865384615384 0.007211538461538462 0.04567307692307692 0.014423076923076924
0 0.90625 0.7716346153846154 0.04807692307692308 0.055288461538461536
0 0.6730769230769231 0.7475961538461539 0.04326923076923077 0.05048076923076923
0 0.71875 0.7740384615384616 0.036057692307692304 0.05048076923076923
0 0.9891826923076923 0.7740384615384616 0.016826923076923076 0.038461538461538464