0 0.2668269230769231 0.15625 0.04567307692307692 0.05048076923076923
0 0.5372596153846154 0.15384615384615385 0.016826923076923076 0.04807692307692308
0 0.46875 0.1466346153846154 0.040865384615384616 0.055288461538461536
0 0.35336538461538464 0.15144230769230768 0.04567307692307692 0.057692307692307696
0 0.3870192307692308 0.15384615384615385 0.036057692307692304 0.036057692307692304
0 0.43509615384615385 0.15144230769230768 0.03125 0.055288461538461536
0 0.7007211538461539 0.07932692307692307 0.19471153846153846 0.15865384615384615
0 0.9158653846153846 0.07451923076923077 0.057692307692307696 0.06971153846153846
0 0.055288461538461536 0.6490384615384616 0.057692307692307696 0.0625
0 0.0625 0.7163461538461539 0.06490384615384616 0.06490384615384616
0 0.3004807692307692 0.7139423076923077 0.038461538461538464 0.04326923076923077
0 0.44711538461538464 0.6826923076923077 0.04567307692307692 0.052884615384615384
1 0.8533653846153846 0.5913461538461539 0.11298076923076923 0.12980769230769232