0 0.13221153846153846 0.20552884615384615 0.2644230769230769 0.29086538461538464
0 0.5288461538461539 0.34375 0.12980769230769232 0.08653846153846154
0 0.41225961538461536 0.3233173076923077 0.15625 0.12740384615384615
0 0.13221153846153846 0.027644230769230768 0.2644230769230769 0.055288461538461536
0 0.71875 0.028846153846153848 0.05048076923076923 0.04807692307692308
0 0.8100961538461539 0.10336538461538461 0.04567307692307692 0.04567307692307692
0 0.13221153846153846 0.7475961538461539 0.10576923076923077 0.11778846153846154
0 0.5817307692307693 0.7319711538461539 0.04807692307692308 0.10817307692307693
0 0.5192307692307693 0.75 0.06971153846153846 0.0889423076923077
0 0.2764423076923077 0.7283653846153846 0.08413461538461539 0.10817307692307693
0 0.39663461538461536 0.7475961538461539 0.057692307692307696 0.10576923076923077
0 0.7163461538461539 0.6899038461538461 0.12980769230769232 0.16826923076923078