0 0.4807692307692308 0.10576923076923077 0.11538461538461539 0.11778846153846154
1 0.3317307692307692 0.09375 0.08173076923076923 0.09134615384615384
1 0.08653846153846154 0.10576923076923077 0.09615384615384616 0.09615384615384616
1 0.020432692307692308 0.07091346153846154 0.040865384615384616 0.05048076923076923
0 0.90625 0.13701923076923078 0.0625 0.07211538461538461
0 0.13701923076923078 0.5 0.06009615384615385 0.0673076923076923
0 0.2548076923076923 0.5336538461538461 0.0625 0.0625
0 0.5841346153846154 0.4423076923076923 0.055288461538461536 0.07211538461538461
0 0.01201923076923077 0.4795673076923077 0.02403846153846154 0.05048076923076923
0 0.3629807692307692 0.49759615384615385 0.040865384615384616 0.04567307692307692
0 0.7379807692307693 0.49759615384615385 0.08413461538461539 0.10096153846153846
0 0.9615384615384616 0.4951923076923077 0.07211538461538461 0.09615384615384616