0 0.27163461538461536 0.2403846153846154 0.3076923076923077 0.28365384615384615
1 0.5492788461538461 0.23197115384615385 0.06009615384615385 0.15625
1 0.8365384615384616 0.27403846153846156 0.08653846153846154 0.10576923076923077
1 0.6923076923076923 0.30288461538461536 0.10817307692307693 0.14182692307692307
1 0.9278846153846154 0.2548076923076923 0.10336538461538461 0.12980769230769232
0 0.04567307692307692 0.7307692307692307 0.06009615384615385 0.04326923076923077
0 0.19471153846153846 0.6682692307692307 0.057692307692307696 0.06971153846153846
0 0.5516826923076923 0.6189903846153846 0.06490384615384616 0.0889423076923077
1 0.9206730769230769 0.6274038461538461 0.0889423076923077 0.10576923076923077
1 0.6514423076923077 0.5673076923076923 0.10096153846153846 0.1201923076923077
1 0.8221153846153846 0.6081730769230769 0.07692307692307693 0.0889423076923077
0 0.7788461538461539 0.6370192307692307 0.055288461538461536 0.08173076923076923