0 0.7956730769230769 0.8942307692307693 0.07211538461538461 0.08173076923076923
0 0.40384615384615385 0.8557692307692307 0.07211538461538461 0.07932692307692307
0 0.7716346153846154 0.8365384615384616 0.040865384615384616 0.038461538461538464
0 0.984375 0.8449519230769231 0.026442307692307692 0.040865384615384616
1 0.5889423076923077 0.8653846153846154 0.0625 0.055288461538461536
1 0.6442307692307693 0.8365384615384616 0.057692307692307696 0.052884615384615384
1 0.7139423076923077 0.84375 0.05048076923076923 0.04567307692307692
1 0.8918269230769231 0.8509615384615384 0.06009615384615385 0.06009615384615385
1 0.9302884615384616 0.875 0.04326923076923077 0.06009615384615385
0 0.9567307692307693 0.8125 0.036057692307692304 0.03365384615384615
1 0.8557692307692307 0.8004807692307693 0.026442307692307692 0.03365384615384615
1 0.8966346153846154 0.7884615384615384 0.028846153846153848 0.036057692307692304
1 0.9230769230769231 0.7932692307692307 0.02403846153846154 0.03125
1 0.7884615384615384 0.8100961538461539 0.028846153846153848 0.03125