0 0.7475961538461539 0.40865384615384615 0.06009615384615385 0.06971153846153846
0 0.9543269230769231 0.4387019230769231 0.0673076923076923 0.055288461538461536
0 0.8173076923076923 0.41346153846153844 0.04807692307692308 0.055288461538461536
1 0.8990384615384616 0.43990384615384615 0.10576923076923077 0.052884615384615384
1 0.8701923076923077 0.39663461538461536 0.026442307692307692 0.03125
0 0.5288461538461539 0.7019230769230769 0.08173076923076923 0.09615384615384616
0 0.9783653846153846 0.6526442307692307 0.038461538461538464 0.10817307692307693
0 0.9350961538461539 0.7235576923076923 0.0625 0.07451923076923077
0 0.8076923076923077 0.7259615384615384 0.0625 0.07451923076923077
0 0.7019230769230769 0.7355769230769231 0.06009615384615385 0.08173076923076923
0 0.6514423076923077 0.7692307692307693 0.04807692307692308 0.06009615384615385
0 0.7668269230769231 0.7692307692307693 0.04567307692307692 0.0625
0 0.8653846153846154 0.7620192307692307 0.057692307692307696 0.057692307692307696