0 0.31490384615384615 0.4375 0.08173076923076923 0.10096153846153846
0 0.5216346153846154 0.46153846153846156 0.07932692307692307 0.10576923076923077
0 0.07932692307692307 0.4326923076923077 0.0985576923076923 0.11298076923076923
0 0.6971153846153846 0.15985576923076922 0.1346153846153846 0.31971153846153844
0 0.10576923076923077 0.6189903846153846 0.04807692307692308 0.040865384615384616
0 0.11177884615384616 0.9723557692307693 0.22355769230769232 0.05048076923076923
0 0.9927884615384616 0.71875 0.009615384615384616 0.07211538461538461
0 0.7427884615384616 0.6850961538461539 0.07692307692307693 0.11538461538461539
0 0.9567307692307693 0.71875 0.040865384615384616 0.06971153846153846
0 0.9302884615384616 0.7211538461538461 0.04567307692307692 0.0673076923076923
0 0.8461538461538461 0.7211538461538461 0.03365384615384615 0.04567307692307692
0 0.8846153846153846 0.7331730769230769 0.03365384615384615 0.055288461538461536