0 0.4855769230769231 0.15384615384615385 0.16346153846153846 0.19471153846153846
1 0.22115384615384615 0.0985576923076923 0.17548076923076922 0.1875
0 0.7055288461538461 0.028846153846153848 0.09375 0.057692307692307696
0 0.9266826923076923 0.019230769230769232 0.0985576923076923 0.038461538461538464
0 0.08413461538461539 0.6959134615384616 0.16826923076923078 0.17548076923076922
0 0.6081730769230769 0.7487980769230769 0.09615384615384616 0.1658653846153846
0 0.5072115384615384 0.7836538461538461 0.11298076923076923 0.12980769230769232
0 0.20432692307692307 0.6995192307692307 0.11778846153846154 0.14182692307692307
0 0.01201923076923077 0.7151442307692307 0.02403846153846154 0.07451923076923077
0 0.5997596153846154 0.6875 0.11298076923076923 0.10576923076923077
0 0.08413461538461539 0.5180288461538461 0.16826923076923078 0.17548076923076922
0 0.6081730769230769 0.4891826923076923 0.09615384615384616 0.12259615384615384
0 0.5084134615384616 0.46274038461538464 0.11778846153846154 0.06971153846153846
0 0.20432692307692307 0.5120192307692307 0.11778846153846154 0.14182692307692307
0 0.01201923076923077 0.4987980769230769 0.02403846153846154 0.07451923076923077
0 0.5997596153846154 0.5240384615384616 0.11298076923076923 0.10576923076923077
0 0.8016826923076923 0.44591346153846156 0.12259615384615384 0.036057692307692304