0 0.2127403846153846 0.15384615384615385 0.33413461538461536 0.3076923076923077
0 0.7211538461538461 0.5625 0.03125 0.03125
0 0.78125 0.39663461538461536 0.036057692307692304 0.036057692307692304
0 0.9038461538461539 0.30528846153846156 0.038461538461538464 0.03365384615384615
0 0.90625 0.39903846153846156 0.038461538461538464 0.038461538461538464
0 0.7740384615384616 0.2860576923076923 0.026442307692307692 0.028846153846153848
0 0.8076923076923077 0.27163461538461536 0.036057692307692304 0.03365384615384615
0 0.8533653846153846 0.2644230769230769 0.03125 0.040865384615384616
0 0.8533653846153846 0.006009615384615385 0.03365384615384615 0.01201923076923077
0 0.31009615384615385 0.7932692307692307 0.057692307692307696 0.0673076923076923
0 0.09134615384615384 0.7908653846153846 0.05048076923076923 0.06971153846153846
0 0.23557692307692307 0.7860576923076923 0.055288461538461536 0.06971153846153846
0 0.040865384615384616 0.8076923076923077 0.04326923076923077 0.057692307692307696
0 0.20432692307692307 0.8125 0.03365384615384615 0.04807692307692308
0 0.6129807692307693 0.8485576923076923 0.11298076923076923 0.16105769230769232
0 0.4855769230769231 0.8461538461538461 0.10096153846153846 0.13221153846153846
0 0.6141826923076923 0.6117788461538461 0.11778846153846154 0.06490384615384616
0 0.48677884615384615 0.6045673076923077 0.10336538461538461 0.05048076923076923