0 0.32211538461538464 0.25961538461538464 0.0889423076923077 0.09615384615384616
0 0.21995192307692307 0.421875 0.06971153846153846 0.06971153846153846
0 0.18509615384615385 0.3293269230769231 0.04567307692307692 0.052884615384615384
0 0.021634615384615384 0.3269230769230769 0.040865384615384616 0.040865384615384616
0 0.12379807692307693 0.43990384615384615 0.05048076923076923 0.03365384615384615
0 0.6274038461538461 0.1466346153846154 0.15144230769230768 0.1658653846153846
0 0.9591346153846154 0.2704326923076923 0.07692307692307693 0.15625
0 0.9230769230769231 0.021634615384615384 0.04807692307692308 0.04326923076923077
1 0.08173076923076923 0.5793269230769231 0.07932692307692307 0.08653846153846154
1 0.17067307692307693 0.6129807692307693 0.06009615384615385 0.07451923076923077
1 0.2764423076923077 0.6129807692307693 0.057692307692307696 0.06009615384615385
1 0.3629807692307692 0.625 0.04567307692307692 0.057692307692307696
1 0.22355769230769232 0.625 0.040865384615384616 0.06490384615384616
1 0.6778846153846154 0.5745192307692307 0.06490384615384616 0.07692307692307693
1 0.8173076923076923 0.5865384615384616 0.057692307692307696 0.07692307692307693