0 0.05889423076923077 0.13341346153846154 0.11778846153846154 0.2668269230769231
1 0.5697115384615384 0.3317307692307692 0.038461538461538464 0.040865384615384616
1 0.7475961538461539 0.3605769230769231 0.03125 0.038461538461538464
1 0.7740384615384616 0.3485576923076923 0.028846153846153848 0.03365384615384615
1 0.8557692307692307 0.34375 0.026442307692307692 0.036057692307692304
1 0.9134615384615384 0.35096153846153844 0.04567307692307692 0.04807692307692308
1 0.9759615384615384 0.3581730769230769 0.03125 0.03365384615384615
1 0.9519230769230769 0.3605769230769231 0.02403846153846154 0.038461538461538464
0 0.23918269230769232 0.5564903846153846 0.06971153846153846 0.055288461538461536
0 0.45552884615384615 0.5697115384615384 0.040865384615384616 0.08173076923076923
0 0.2956730769230769 0.5588942307692307 0.057692307692307696 0.06009615384615385
0 0.11658653846153846 0.5612980769230769 0.05048076923076923 0.06490384615384616
0 0.02403846153846154 0.5408653846153846 0.04807692307692308 0.02403846153846154
0 0.15625 0.5540865384615384 0.038461538461538464 0.05048076923076923
0 0.4326923076923077 0.5528846153846154 0.052884615384615384 0.04807692307692308
0 0.37740384615384615 0.5540865384615384 0.04807692307692308 0.05048076923076923
0 0.8605769230769231 0.6947115384615384 0.16826923076923078 0.25961538461538464
0 0.7427884615384616 0.6875 0.12740384615384615 0.18509615384615385