0 0.16826923076923078 0.39783653846153844 0.14423076923076922 0.13701923076923078
0 0.35336538461538464 0.34375 0.1346153846153846 0.1466346153846154
0 0.5673076923076923 0.3449519230769231 0.038461538461538464 0.15144230769230768
0 0.9579326923076923 0.1622596153846154 0.07932692307692307 0.1658653846153846
0 0.7235576923076923 0.14423076923076922 0.10817307692307693 0.15384615384615385
1 0.6514423076923077 0.10336538461538461 0.057692307692307696 0.07211538461538461
0 0.21634615384615385 0.8269230769230769 0.04326923076923077 0.04807692307692308
0 0.5264423076923077 0.7259615384615384 0.04326923076923077 0.04326923076923077
0 0.29086538461538464 0.5745192307692307 0.03365384615384615 0.040865384615384616
0 0.9014423076923077 0.7860576923076923 0.09134615384615384 0.11778846153846154
0 0.6105769230769231 0.7944711538461539 0.04326923076923077 0.10336538461538461
0 0.6514423076923077 0.8052884615384616 0.055288461538461536 0.07451923076923077
0 0.6995192307692307 0.8197115384615384 0.052884615384615384 0.08173076923076923
0 0.8677884615384616 0.7932692307692307 0.057692307692307696 0.09615384615384616
0 0.7475961538461539 0.8317307692307693 0.036057692307692304 0.057692307692307696
1 0.8004807692307693 0.8149038461538461 0.040865384615384616 0.06009615384615385