0 0.3762019230769231 0.06490384615384616 0.15625 0.12980769230769232
0 0.15144230769230768 0.10336538461538461 0.07211538461538461 0.08413461538461539
0 0.20432692307692307 0.0985576923076923 0.055288461538461536 0.06490384615384616
0 0.5300480769230769 0.23076923076923078 0.05048076923076923 0.0625
0 0.07932692307692307 0.10336538461538461 0.07211538461538461 0.08413461538461539
0 0.027644230769230768 0.0985576923076923 0.055288461538461536 0.0673076923076923
0 0.8329326923076923 0.4639423076923077 0.07451923076923077 0.04326923076923077
0 0.7043269230769231 0.12980769230769232 0.0889423076923077 0.09375
0 0.9795673076923077 0.21995192307692307 0.036057692307692304 0.08413461538461539
0 0.7043269230769231 0.021634615384615384 0.09134615384615384 0.04326923076923077
0 0.4014423076923077 0.5889423076923077 0.04567307692307692 0.055288461538461536
0 0.7956730769230769 0.7139423076923077 0.19230769230769232 0.22596153846153846
0 0.7067307692307693 0.7908653846153846 0.10336538461538461 0.11778846153846154
0 0.65625 0.8245192307692307 0.08653846153846154 0.11538461538461539