0 0.038461538461538464 0.34975961538461536 0.07692307692307693 0.17548076923076922
0 0.3137019230769231 0.3449519230769231 0.06490384615384616 0.18990384615384615
1 0.9615384615384616 0.4110576923076923 0.06009615384615385 0.07211538461538461
1 0.5841346153846154 0.39663461538461536 0.057692307692307696 0.0673076923076923
1 0.7788461538461539 0.40865384615384615 0.05048076923076923 0.057692307692307696
1 0.36538461538461536 0.39302884615384615 0.03365384615384615 0.06009615384615385
1 0.46153846153846156 0.40625 0.040865384615384616 0.04567307692307692
1 0.5192307692307693 0.43509615384615385 0.03125 0.04567307692307692
1 0.6850961538461539 0.4014423076923077 0.04567307692307692 0.055288461538461536
0 0.49038461538461536 0.6706730769230769 0.0625 0.07451923076923077
0 0.6009615384615384 0.6826923076923077 0.07211538461538461 0.10576923076923077
0 0.5528846153846154 0.6754807692307693 0.04807692307692308 0.08173076923076923
0 0.7884615384615384 0.6634615384615384 0.09615384615384616 0.0673076923076923
0 0.7475961538461539 0.6754807692307693 0.03125 0.07211538461538461
0 0.8293269230769231 0.6754807692307693 0.04567307692307692 0.08653846153846154
0 0.8774038461538461 0.6971153846153846 0.04326923076923077 0.0625
0 0.9471153846153846 0.7067307692307693 0.08173076923076923 0.11778846153846154