1 0.010817307692307692 0.36177884615384615 0.021634615384615384 0.06490384615384616
1 0.057692307692307696 0.3605769230769231 0.036057692307692304 0.052884615384615384
1 0.03125 0.3629807692307692 0.028846153846153848 0.055288461538461536
1 0.125 0.3581730769230769 0.038461538461538464 0.057692307692307696
0 0.25961538461538464 0.35336538461538464 0.04567307692307692 0.055288461538461536
0 0.30288461538461536 0.35336538461538464 0.026442307692307692 0.04567307692307692
1 0.37740384615384615 0.3581730769230769 0.036057692307692304 0.052884615384615384
1 0.31971153846153844 0.3581730769230769 0.03365384615384615 0.04326923076923077
1 0.18990384615384615 0.3485576923076923 0.03365384615384615 0.04807692307692308
1 0.39903846153846156 0.34615384615384615 0.03125 0.04807692307692308
1 0.7764423076923077 0.3125 0.0673076923076923 0.08173076923076923
1 0.8798076923076923 0.3125 0.057692307692307696 0.06490384615384616
1 0.6033653846153846 0.31009615384615385 0.04807692307692308 0.11057692307692307
0 0.5 0.8257211538461539 0.15384615384615385 0.2283653846153846
0 0.1971153846153846 0.625 0.06971153846153846 0.055288461538461536
0 0.47836538461538464 0.6899038461538461 0.06490384615384616 0.052884615384615384
0 0.22355769230769232 0.7091346153846154 0.0625 0.06009615384615385
0 0.45072115384615385 0.6129807692307693 0.06490384615384616 0.04807692307692308
0 0.4098557692307692 0.5961538461538461 0.05048076923076923 0.014423076923076924
0 0.19591346153846154 0.6021634615384616 0.055288461538461536 0.026442307692307692
0 0.6033653846153846 0.7283653846153846 0.040865384615384616 0.036057692307692304