0 0.08653846153846154 0.07211538461538461 0.09375 0.10817307692307693
1 0.037259615384615384 0.125 0.07451923076923077 0.09134615384615384
0 0.8725961538461539 0.11778846153846154 0.11298076923076923 0.11538461538461539
0 0.9362980769230769 0.1502403846153846 0.12259615384615384 0.1466346153846154
1 0.7451923076923077 0.1201923076923077 0.05048076923076923 0.06009615384615385
1 0.78125 0.04807692307692308 0.055288461538461536 0.0625
1 0.9399038461538461 0.04807692307692308 0.052884615384615384 0.06009615384615385
1 0.6370192307692307 0.03365384615384615 0.040865384615384616 0.055288461538461536
1 0.8341346153846154 0.9086538461538461 0.08653846153846154 0.10576923076923077
1 0.6490384615384616 0.9326923076923077 0.07451923076923077 0.09134615384615384
1 0.5600961538461539 0.9326923076923077 0.02403846153846154 0.057692307692307696