0 0.0625 0.28846153846153844 0.05048076923076923 0.055288461538461536
0 0.20432692307692307 0.29086538461538464 0.057692307692307696 0.052884615384615384
0 0.2932692307692308 0.27403846153846156 0.052884615384615384 0.05048076923076923
0 0.43509615384615385 0.2956730769230769 0.04807692307692308 0.04326923076923077
0 0.47596153846153844 0.28846153846153844 0.028846153846153848 0.04807692307692308
1 0.6826923076923077 0.3076923076923077 0.07692307692307693 0.09615384615384616
1 0.8653846153846154 0.2956730769230769 0.1346153846153846 0.16105769230769232
1 0.9747596153846154 0.3786057692307692 0.04567307692307692 0.0889423076923077
1 0.5661057692307693 0.3293269230769231 0.07451923076923077 0.10576923076923077
0 0.39783653846153844 0.5889423076923077 0.25721153846153844 0.22115384615384615
0 0.8653846153846154 0.7019230769230769 0.2644230769230769 0.2764423076923077