0 0.05048076923076923 0.18269230769230768 0.09615384615384616 0.11538461538461539
0 0.3269230769230769 0.18509615384615385 0.028846153846153848 0.03365384615384615
0 0.6923076923076923 0.39663461538461536 0.11538461538461539 0.1201923076923077
0 0.9771634615384616 0.41586538461538464 0.040865384615384616 0.10096153846153846
0 0.25961538461538464 0.5949519230769231 0.07211538461538461 0.05048076923076923
0 0.3161057692307692 0.5805288461538461 0.05048076923076923 0.021634615384615384
0 0.8725961538461539 0.6971153846153846 0.12980769230769232 0.18269230769230768
0 0.6418269230769231 0.7451923076923077 0.06490384615384616 0.0985576923076923
0 0.7307692307692307 0.7572115384615384 0.09134615384615384 0.12259615384615384
0 0.5144230769230769 0.7247596153846154 0.07211538461538461 0.15625
0 0.5600961538461539 0.7596153846153846 0.07692307692307693 0.11778846153846154