0 0.2956730769230769 0.28125 0.03365384615384615 0.03365384615384615
0 0.13701923076923078 0.27163461538461536 0.03125 0.03365384615384615
0 0.17307692307692307 0.28846153846153844 0.03365384615384615 0.03365384615384615
0 0.9711538461538461 0.24759615384615385 0.052884615384615384 0.16826923076923078
0 0.5 0.20432692307692307 0.04326923076923077 0.04326923076923077
0 0.07932692307692307 0.46875 0.12980769230769232 0.10096153846153846
0 0.7283653846153846 0.6923076923076923 0.057692307692307696 0.07451923076923077
0 0.6370192307692307 0.78125 0.06009615384615385 0.06971153846153846
0 0.38461538461538464 0.9699519230769231 0.0673076923076923 0.055288461538461536
0 0.8365384615384616 0.6514423076923077 0.057692307692307696 0.07932692307692307
0 0.5216346153846154 0.8365384615384616 0.055288461538461536 0.07451923076923077
0 0.5264423076923077 0.9302884615384616 0.07692307692307693 0.06971153846153846