0 0.14423076923076922 0.0673076923076923 0.04807692307692308 0.057692307692307696
0 0.40865384615384615 0.07932692307692307 0.040865384615384616 0.057692307692307696
0 0.2764423076923077 0.0673076923076923 0.04807692307692308 0.0625
0 0.0625 0.06009615384615385 0.04807692307692308 0.057692307692307696
0 0.75 0.09134615384615384 0.07211538461538461 0.09134615384615384
0 0.8870192307692307 0.08173076923076923 0.0625 0.06971153846153846
0 0.7932692307692307 0.10576923076923077 0.04326923076923077 0.057692307692307696
0 0.53125 0.15144230769230768 0.026442307692307692 0.038461538461538464
0 0.6826923076923077 0.11298076923076923 0.03125 0.04326923076923077
0 0.5745192307692307 0.1346153846153846 0.038461538461538464 0.03365384615384615
0 0.5264423076923077 0.1201923076923077 0.036057692307692304 0.028846153846153848
1 0.13942307692307693 0.5036057692307693 0.0625 0.03125
1 0.2668269230769231 0.5012019230769231 0.0673076923076923 0.026442307692307692
1 0.02283653846153846 0.5168269230769231 0.04567307692307692 0.057692307692307696
1 0.38341346153846156 0.5072115384615384 0.06009615384615385 0.038461538461538464
0 0.8930288461538461 0.6225961538461539 0.2091346153846154 0.2692307692307692