0 0.4230769230769231 0.1310096153846154 0.16826923076923078 0.2620192307692308
0 0.6201923076923077 0.21394230769230768 0.08173076923076923 0.09375
0 0.7740384615384616 0.3918269230769231 0.08173076923076923 0.0625
0 0.3942307692307692 0.5841346153846154 0.07451923076923077 0.09615384615384616
0 0.11778846153846154 0.6610576923076923 0.04567307692307692 0.06971153846153846
0 0.052884615384615384 0.6682692307692307 0.04807692307692308 0.04807692307692308
0 0.5444711538461539 0.8701923076923077 0.06971153846153846 0.1346153846153846
0 0.5240384615384616 0.8173076923076923 0.028846153846153848 0.125
0 0.6971153846153846 0.84375 0.08413461538461539 0.11778846153846154
0 0.6658653846153846 0.8100961538461539 0.06971153846153846 0.08173076923076923
0 0.8293269230769231 0.8725961538461539 0.0889423076923077 0.125
0 0.9423076923076923 0.8028846153846154 0.11057692307692307 0.14903846153846154
0 0.8149038461538461 0.7884615384615384 0.0889423076923077 0.08653846153846154
1 0.6538461538461539 0.8942307692307693 0.0889423076923077 0.10576923076923077
0 0.9411057692307693 0.5360576923076923 0.11298076923076923 0.03365384615384615