0 0.057692307692307696 0.4206730769230769 0.07451923076923077 0.08413461538461539
0 0.24759615384615385 0.4495192307692308 0.0625 0.06971153846153846
0 0.9110576923076923 0.2403846153846154 0.06971153846153846 0.07211538461538461
0 0.5841346153846154 0.29086538461538464 0.06490384615384616 0.07932692307692307
0 0.7956730769230769 0.2932692307692308 0.057692307692307696 0.055288461538461536
0 0.8293269230769231 0.2668269230769231 0.03365384615384615 0.04807692307692308
0 0.9110576923076923 0.02403846153846154 0.07211538461538461 0.04807692307692308
0 0.8317307692307693 0.004807692307692308 0.038461538461538464 0.009615384615384616
0 0.30649038461538464 0.5480769230769231 0.07451923076923077 0.07692307692307693
0 0.20432692307692307 0.6033653846153846 0.0625 0.0673076923076923
0 0.37259615384615385 0.5865384615384616 0.04567307692307692 0.06009615384615385
0 0.42908653846153844 0.5865384615384616 0.036057692307692304 0.057692307692307696
0 0.6658653846153846 0.6057692307692307 0.20673076923076922 0.19230769230769232