0 0.49158653846153844 0.30288461538461536 0.06971153846153846 0.19230769230769232
0 0.2764423076923077 0.21394230769230768 0.10096153846153846 0.12980769230769232
0 0.5745192307692307 0.14903846153846154 0.09134615384615384 0.10096153846153846
0 0.7524038461538461 0.1466346153846154 0.2091346153846154 0.19951923076923078
0 0.11057692307692307 0.4855769230769231 0.04807692307692308 0.055288461538461536
0 0.20432692307692307 0.4879807692307692 0.038461538461538464 0.036057692307692304
0 0.2620192307692308 0.4639423076923077 0.057692307692307696 0.0625
0 0.3004807692307692 0.49038461538461536 0.040865384615384616 0.04326923076923077
0 0.31490384615384615 0.45913461538461536 0.036057692307692304 0.04326923076923077
0 0.4495192307692308 0.5 0.026442307692307692 0.03125
0 0.5096153846153846 0.4951923076923077 0.03365384615384615 0.036057692307692304
0 0.9735576923076923 0.6586538461538461 0.04807692307692308 0.0625
0 0.9086538461538461 0.6586538461538461 0.06009615384615385 0.06009615384615385