0 0.3004807692307692 0.21153846153846154 0.19951923076923078 0.25240384615384615
0 0.6706730769230769 0.0829326923076923 0.125 0.13701923076923078
0 0.8798076923076923 0.25240384615384615 0.07932692307692307 0.08653846153846154
1 0.5384615384615384 0.9423076923076923 0.07932692307692307 0.11298076923076923
1 0.02403846153846154 0.9158653846153846 0.04807692307692308 0.14423076923076922
1 0.27163461538461536 0.9158653846153846 0.0889423076923077 0.11778846153846154
1 0.36778846153846156 0.9675480769230769 0.057692307692307696 0.06009615384615385
1 0.21153846153846154 0.9639423076923077 0.057692307692307696 0.057692307692307696
1 0.11177884615384616 0.984375 0.040865384615384616 0.026442307692307692
1 0.0673076923076923 0.96875 0.038461538461538464 0.06009615384615385
0 0.7091346153846154 0.6646634615384616 0.09615384615384616 0.09375