0 0.038461538461538464 0.24759615384615385 0.07692307692307693 0.09615384615384616
0 0.19471153846153846 0.1778846153846154 0.08413461538461539 0.06490384615384616
1 0.5432692307692307 0.23798076923076922 0.04567307692307692 0.057692307692307696
1 0.4639423076923077 0.23557692307692307 0.009615384615384616 0.057692307692307696
1 0.6129807692307693 0.2283653846153846 0.028846153846153848 0.036057692307692304
1 0.6394230769230769 0.24519230769230768 0.04567307692307692 0.04807692307692308
1 0.7091346153846154 0.24278846153846154 0.04567307692307692 0.055288461538461536
1 0.8197115384615384 0.25 0.038461538461538464 0.04807692307692308
1 0.8509615384615384 0.23317307692307693 0.03365384615384615 0.05048076923076923
1 0.8846153846153846 0.24759615384615385 0.04567307692307692 0.05048076923076923
0 0.3293269230769231 0.6947115384615384 0.24519230769230768 0.27163461538461536