0 0.2932692307692308 0.18028846153846154 0.05048076923076923 0.06490384615384616
0 0.40384615384615385 0.40625 0.09134615384615384 0.09134615384615384
0 0.014423076923076924 0.1814903846153846 0.028846153846153848 0.06971153846153846
0 0.7355769230769231 0.453125 0.052884615384615384 0.026442307692307692
0 0.5889423076923077 0.23317307692307693 0.04326923076923077 0.04567307692307692
0 0.6105769230769231 0.03365384615384615 0.04567307692307692 0.04326923076923077
0 0.019230769230769232 0.8569711538461539 0.038461538461538464 0.06971153846153846
0 0.6778846153846154 0.7692307692307693 0.0673076923076923 0.057692307692307696
0 0.8100961538461539 0.84375 0.0625 0.0673076923076923
0 0.5985576923076923 0.8028846153846154 0.038461538461538464 0.038461538461538464
0 0.7451923076923077 0.7692307692307693 0.04807692307692308 0.052884615384615384