0 0.014423076923076924 0.13822115384615385 0.028846153846153848 0.04567307692307692
1 0.4014423076923077 0.04326923076923077 0.06490384615384616 0.08173076923076923
1 0.4735576923076923 0.028846153846153848 0.0625 0.057692307692307696
1 0.6262019230769231 0.018028846153846152 0.06490384615384616 0.036057692307692304
1 0.6670673076923077 0.027644230769230768 0.04567307692307692 0.055288461538461536
1 0.7319711538461539 0.027644230769230768 0.06009615384615385 0.055288461538461536
1 0.8149038461538461 0.03365384615384615 0.04567307692307692 0.055288461538461536
1 0.9158653846153846 0.026442307692307692 0.04326923076923077 0.052884615384615384
1 0.9711538461538461 0.015625 0.052884615384615384 0.03125
0 0.07211538461538461 0.49038461538461536 0.14423076923076922 0.20192307692307693
0 0.2692307692307692 0.42908653846153844 0.17307692307692307 0.07932692307692307
0 0.7019230769230769 0.53125 0.2091346153846154 0.23317307692307693