1 0.90625 0.2956730769230769 0.052884615384615384 0.06490384615384616
1 0.6370192307692307 0.31490384615384615 0.03365384615384615 0.040865384615384616
1 0.5769230769230769 0.31971153846153844 0.038461538461538464 0.057692307692307696
1 0.7067307692307693 0.3125 0.04567307692307692 0.052884615384615384
1 0.7427884615384616 0.3076923076923077 0.036057692307692304 0.04326923076923077
1 0.8149038461538461 0.3076923076923077 0.038461538461538464 0.052884615384615384
1 0.84375 0.31490384615384615 0.03125 0.040865384615384616
1 0.9855769230769231 0.31490384615384615 0.02403846153846154 0.0625
1 0.9735576923076923 0.3004807692307692 0.03365384615384615 0.055288461538461536
0 0.038461538461538464 0.7259615384615384 0.057692307692307696 0.052884615384615384
0 0.12740384615384615 0.7091346153846154 0.052884615384615384 0.05048076923076923
0 0.2692307692307692 0.7307692307692307 0.04807692307692308 0.04326923076923077
0 0.31009615384615385 0.7235576923076923 0.028846153846153848 0.04807692307692308
0 0.39663461538461536 0.7331730769230769 0.052884615384615384 0.04807692307692308
0 0.5348557692307693 0.7223557692307693 0.040865384615384616 0.06009615384615385
0 0.8966346153846154 0.6177884615384616 0.057692307692307696 0.06971153846153846