0 0.1502403846153846 0.013221153846153846 0.06490384615384616 0.026442307692307692
0 0.016826923076923076 0.03365384615384615 0.03365384615384615 0.052884615384615384
0 0.9747596153846154 0.21995192307692307 0.04567307692307692 0.13701923076923078
1 0.6442307692307693 0.23557692307692307 0.07932692307692307 0.10336538461538461
1 0.4735576923076923 0.2439903846153846 0.04807692307692308 0.10336538461538461
0 0.8100961538461539 0.25240384615384615 0.10576923076923077 0.1201923076923077
1 0.5841346153846154 0.2548076923076923 0.0673076923076923 0.09375
1 0.9543269230769231 0.2620192307692308 0.06490384615384616 0.10576923076923077
0 0.8774038461538461 0.4423076923076923 0.06009615384615385 0.08173076923076923
0 0.33533653846153844 0.5649038461538461 0.18990384615384615 0.15384615384615385
1 0.4831730769230769 0.6923076923076923 0.0673076923076923 0.12980769230769232
1 0.5841346153846154 0.6730769230769231 0.07211538461538461 0.08173076923076923
1 0.8076923076923077 0.6802884615384616 0.057692307692307696 0.08173076923076923
1 0.6995192307692307 0.6346153846153846 0.09375 0.11538461538461539
1 0.9423076923076923 0.6995192307692307 0.052884615384615384 0.07692307692307693
1 0.90625 0.6995192307692307 0.04326923076923077 0.06971153846153846
1 0.875 0.6995192307692307 0.026442307692307692 0.04567307692307692