0 0.24759615384615385 0.34134615384615385 0.040865384615384616 0.04807692307692308
0 0.24759615384615385 0.04807692307692308 0.040865384615384616 0.04807692307692308
0 0.3701923076923077 0.37740384615384615 0.13942307692307693 0.12980769230769232
0 0.9375 0.4639423076923077 0.052884615384615384 0.0625
0 0.7908653846153846 0.46875 0.04567307692307692 0.052884615384615384
0 0.8221153846153846 0.4495192307692308 0.028846153846153848 0.04567307692307692
0 0.13701923076923078 0.78125 0.055288461538461536 0.06009615384615385
0 0.36778846153846156 0.6622596153846154 0.13942307692307693 0.2860576923076923
0 0.3425480769230769 0.53125 0.0889423076923077 0.0625
0 0.5504807692307693 0.5420673076923077 0.14423076923076922 0.08413461538461539
0 0.6923076923076923 0.5709134615384616 0.10576923076923077 0.14182692307692307
0 0.8064903846153846 0.5576923076923077 0.14182692307692307 0.11538461538461539