1 0.020432692307692308 0.3557692307692308 0.040865384615384616 0.09134615384615384
1 0.0889423076923077 0.36778846153846156 0.08173076923076923 0.08173076923076923
1 0.25961538461538464 0.4110576923076923 0.10096153846153846 0.11057692307692307
1 0.11298076923076923 0.2956730769230769 0.055288461538461536 0.052884615384615384
1 0.23076923076923078 0.2932692307692308 0.04567307692307692 0.06009615384615385
1 0.32211538461538464 0.28846153846153844 0.04567307692307692 0.05048076923076923
1 0.39663461538461536 0.28125 0.03125 0.040865384615384616
1 0.41586538461538464 0.2644230769230769 0.02403846153846154 0.03365384615384615
1 0.4543269230769231 0.27884615384615385 0.02403846153846154 0.04807692307692308
0 0.5036057692307693 0.055288461538461536 0.06971153846153846 0.11057692307692307
0 0.7572115384615384 0.036057692307692304 0.10096153846153846 0.07211538461538461
0 0.953125 0.03245192307692308 0.09375 0.06490384615384616
0 0.5432692307692307 0.038461538461538464 0.0625 0.07692307692307693
0 0.23798076923076922 0.6394230769230769 0.0673076923076923 0.07932692307692307
0 0.16105769230769232 0.7115384615384616 0.055288461538461536 0.06971153846153846
0 0.019230769230769232 0.7259615384615384 0.038461538461538464 0.04807692307692308
0 0.10817307692307693 0.7307692307692307 0.03365384615384615 0.038461538461538464
0 0.8990384615384616 0.7716346153846154 0.03365384615384615 0.04567307692307692
0 0.9471153846153846 0.7860576923076923 0.03365384615384615 0.04326923076923077
0 0.9663461538461539 0.8028846153846154 0.03365384615384615 0.03365384615384615