0 0.008413461538461538 0.038461538461538464 0.016826923076923076 0.07692307692307693
0 0.08774038461538461 0.054086538461538464 0.11298076923076923 0.10817307692307693
0 0.16105769230769232 0.05048076923076923 0.06009615384615385 0.07451923076923077
0 0.30288461538461536 0.05048076923076923 0.07451923076923077 0.0985576923076923
0 0.35096153846153844 0.052884615384615384 0.052884615384615384 0.10576923076923077
1 0.3870192307692308 0.12379807692307693 0.014423076923076924 0.07932692307692307
1 0.4375 0.12980769230769232 0.052884615384615384 0.07211538461538461
1 0.7283653846153846 0.1346153846153846 0.052884615384615384 0.06009615384615385
1 0.5120192307692307 0.14423076923076922 0.02403846153846154 0.04567307692307692
1 0.4831730769230769 0.15384615384615385 0.028846153846153848 0.04807692307692308
1 0.6177884615384616 0.14903846153846154 0.04326923076923077 0.0625
1 0.5841346153846154 0.13942307692307693 0.03125 0.057692307692307696
1 0.6682692307692307 0.1346153846153846 0.026442307692307692 0.04567307692307692
1 0.8317307692307693 0.15865384615384615 0.026442307692307692 0.038461538461538464
1 0.8076923076923077 0.14903846153846154 0.02403846153846154 0.04567307692307692
0 0.4483173076923077 0.5949519230769231 0.13701923076923078 0.19951923076923078
0 0.4495192307692308 0.43149038461538464 0.13942307692307693 0.12740384615384615