0 0.4423076923076923 0.29086538461538464 0.11538461538461539 0.11298076923076923
0 0.21033653846153846 0.35336538461538464 0.08413461538461539 0.08653846153846154
0 0.44350961538461536 0.03245192307692308 0.11778846153846154 0.06490384615384616
0 0.7776442307692307 0.24639423076923078 0.055288461538461536 0.13221153846153846
1 0.9375 0.2668269230769231 0.07692307692307693 0.12740384615384615
0 0.17548076923076922 0.5 0.09375 0.10336538461538461
0 0.3125 0.5865384615384616 0.09615384615384616 0.10817307692307693
0 0.5360576923076923 0.5576923076923077 0.09615384615384616 0.12740384615384615
0 0.6586538461538461 0.5288461538461539 0.10576923076923077 0.12259615384615384
0 0.17548076923076922 0.4230769230769231 0.09615384615384616 0.04807692307692308
0 0.6598557692307693 0.41466346153846156 0.11298076923076923 0.03125
1 0.7668269230769231 0.7295673076923077 0.03365384615384615 0.07932692307692307
1 0.9134615384615384 0.7403846153846154 0.052884615384615384 0.06490384615384616
1 0.8125 0.7644230769230769 0.055288461538461536 0.06971153846153846