1 0.5480769230769231 0.24278846153846154 0.06009615384615385 0.07692307692307693
1 0.37259615384615385 0.25961538461538464 0.052884615384615384 0.0625
1 0.17548076923076922 0.2403846153846154 0.04567307692307692 0.0673076923076923
1 0.11057692307692307 0.23317307692307693 0.038461538461538464 0.052884615384615384
1 0.3125 0.2548076923076923 0.040865384615384616 0.052884615384615384
1 0.47115384615384615 0.2620192307692308 0.036057692307692304 0.038461538461538464
1 0.01201923076923077 0.2692307692307692 0.02403846153846154 0.052884615384615384
0 0.6538461538461539 0.3581730769230769 0.08413461538461539 0.10817307692307693
0 0.9230769230769231 0.36778846153846156 0.05048076923076923 0.06009615384615385
0 0.8245192307692307 0.375 0.0673076923076923 0.06971153846153846
0 0.34615384615384615 0.6850961538461539 0.11538461538461539 0.07211538461538461