1 0.07451923076923077 0.18509615384615385 0.06971153846153846 0.08653846153846154
1 0.2403846153846154 0.21394230769230768 0.0673076923076923 0.07932692307692307
1 0.44471153846153844 0.22596153846153846 0.06009615384615385 0.06971153846153846
1 0.34615384615384615 0.23557692307692307 0.05048076923076923 0.06009615384615385
1 0.5913461538461539 0.25240384615384615 0.06490384615384616 0.057692307692307696
1 0.1658653846153846 0.23557692307692307 0.04326923076923077 0.05048076923076923
0 0.7752403846153846 0.24278846153846154 0.27163461538461536 0.21153846153846154
0 0.3701923076923077 0.6971153846153846 0.04567307692307692 0.06009615384615385
0 0.20192307692307693 0.7067307692307693 0.05048076923076923 0.06971153846153846
0 0.14182692307692307 0.6995192307692307 0.04567307692307692 0.057692307692307696
0 0.5480769230769231 0.6971153846153846 0.04567307692307692 0.057692307692307696
0 0.3004807692307692 0.6995192307692307 0.040865384615384616 0.05048076923076923
0 0.46875 0.7019230769230769 0.03125 0.04567307692307692
0 0.6310096153846154 0.6935096153846154 0.01201923076923077 0.05048076923076923
0 0.6153846153846154 0.7043269230769231 0.040865384615384616 0.057692307692307696
0 0.7295673076923077 0.6670673076923077 0.17067307692307693 0.21875