0 0.028846153846153848 0.15865384615384615 0.057692307692307696 0.125
1 0.39663461538461536 0.13701923076923078 0.13942307692307693 0.15384615384615385
1 0.5384615384615384 0.16466346153846154 0.07692307692307693 0.13221153846153846
0 0.7788461538461539 0.125 0.036057692307692304 0.040865384615384616
0 0.8557692307692307 0.09375 0.036057692307692304 0.04326923076923077
0 0.8293269230769231 0.10576923076923077 0.03365384615384615 0.038461538461538464
0 0.2692307692307692 0.7163461538461539 0.0673076923076923 0.06971153846153846
0 0.1875 0.7259615384615384 0.057692307692307696 0.057692307692307696
0 0.17307692307692307 0.6826923076923077 0.057692307692307696 0.04567307692307692
0 0.17307692307692307 0.4098557692307692 0.0625 0.021634615384615384
0 0.7379807692307693 0.7716346153846154 0.07932692307692307 0.0889423076923077