0 0.2860576923076923 0.08413461538461539 0.06490384615384616 0.06971153846153846
0 0.9038461538461539 0.5408653846153846 0.028846153846153848 0.03125
0 0.9879807692307693 0.5372596153846154 0.019230769230769232 0.036057692307692304
0 0.4519230769230769 0.7836538461538461 0.07932692307692307 0.08173076923076923
0 0.9567307692307693 0.9807692307692307 0.052884615384615384 0.03365384615384615
0 0.9567307692307693 0.7644230769230769 0.05048076923076923 0.052884615384615384
0 0.8774038461538461 0.6899038461538461 0.0673076923076923 0.02403846153846154
0 0.9411057692307693 0.6935096153846154 0.036057692307692304 0.03125
0 0.7379807692307693 0.7451923076923077 0.03365384615384615 0.03365384615384615
0 0.6875 0.7403846153846154 0.036057692307692304 0.028846153846153848
0 0.71875 0.6850961538461539 0.04326923076923077 0.014423076923076924
0 0.7800480769230769 0.6911057692307693 0.03125 0.026442307692307692