0 0.05048076923076923 0.14903846153846154 0.0673076923076923 0.09615384615384616
0 0.20432692307692307 0.14182692307692307 0.10096153846153846 0.12740384615384615
0 0.4110576923076923 0.13221153846153846 0.10336538461538461 0.12740384615384615
0 0.018028846153846152 0.125 0.036057692307692304 0.12980769230769232
0 0.30528846153846156 0.17067307692307693 0.04807692307692308 0.06971153846153846
0 0.46634615384615385 0.17548076923076922 0.052884615384615384 0.07211538461538461
0 0.11538461538461539 0.1971153846153846 0.04567307692307692 0.07211538461538461
0 0.7980769230769231 0.35336538461538464 0.18269230769230768 0.23317307692307693
0 0.109375 0.7247596153846154 0.14182692307692307 0.11298076923076923
0 0.3269230769230769 0.8822115384615384 0.07932692307692307 0.08653846153846154
0 0.59375 0.6850961538461539 0.08173076923076923 0.03365384615384615
0 0.6947115384615384 0.6826923076923077 0.0673076923076923 0.028846153846153848