0 0.0985576923076923 0.11778846153846154 0.07211538461538461 0.08653846153846154
0 0.02403846153846154 0.1971153846153846 0.04807692307692308 0.07692307692307693
0 0.3245192307692308 0.11538461538461539 0.057692307692307696 0.06971153846153846
0 0.18028846153846154 0.10576923076923077 0.028846153846153848 0.038461538461538464
1 0.8149038461538461 0.39903846153846156 0.06971153846153846 0.08173076923076923
1 0.6394230769230769 0.41346153846153844 0.057692307692307696 0.07451923076923077
1 0.5625 0.43509615384615385 0.05048076923076923 0.057692307692307696
1 0.4543269230769231 0.43990384615384615 0.04807692307692308 0.052884615384615384
1 0.3701923076923077 0.46033653846153844 0.02403846153846154 0.040865384615384616
0 0.014423076923076924 0.6478365384615384 0.028846153846153848 0.055288461538461536
0 0.34615384615384615 0.7307692307692307 0.019230769230769232 0.04326923076923077
0 0.31971153846153844 0.6033653846153846 0.040865384615384616 0.040865384615384616
0 0.23317307692307693 0.6298076923076923 0.03365384615384615 0.04326923076923077
0 0.10576923076923077 0.6394230769230769 0.04807692307692308 0.05048076923076923
0 0.07211538461538461 0.6418269230769231 0.036057692307692304 0.04567307692307692
1 0.16826923076923078 0.625 0.040865384615384616 0.04567307692307692
0 0.4951923076923077 0.7283653846153846 0.11778846153846154 0.1658653846153846
0 0.4951923076923077 0.5528846153846154 0.1201923076923077 0.04807692307692308