0 0.43149038461538464 0.3545673076923077 0.05048076923076923 0.19951923076923078
1 0.9326923076923077 0.40384615384615385 0.06971153846153846 0.08173076923076923
1 0.7572115384615384 0.4182692307692308 0.057692307692307696 0.07451923076923077
1 0.6802884615384616 0.43990384615384615 0.05048076923076923 0.057692307692307696
1 0.5721153846153846 0.44471153846153844 0.04807692307692308 0.052884615384615384
1 0.4807692307692308 0.4639423076923077 0.036057692307692304 0.038461538461538464
1 0.4639423076923077 0.4699519230769231 0.009615384615384616 0.03125
0 0.028846153846153848 0.7427884615384616 0.038461538461538464 0.06009615384615385
0 0.10096153846153846 0.7620192307692307 0.03365384615384615 0.04326923076923077
1 0.9723557692307693 0.5516826923076923 0.05048076923076923 0.12740384615384615
1 0.5516826923076923 0.5252403846153846 0.0889423076923077 0.07451923076923077
1 0.8173076923076923 0.5228365384615384 0.09615384615384616 0.06971153846153846