0 0.03125 0.13942307692307693 0.05048076923076923 0.055288461538461536
0 0.27163461538461536 0.13221153846153846 0.04567307692307692 0.057692307692307696
0 0.14182692307692307 0.1466346153846154 0.040865384615384616 0.05048076923076923
0 0.23557692307692307 0.14182692307692307 0.03365384615384615 0.05048076923076923
0 0.3173076923076923 0.14903846153846154 0.04326923076923077 0.04807692307692308
0 0.08653846153846154 0.15625 0.028846153846153848 0.040865384615384616
0 0.052884615384615384 0.1466346153846154 0.026442307692307692 0.040865384615384616
0 0.75 0.13341346153846154 0.18269230769230768 0.2668269230769231
0 0.9146634615384616 0.1814903846153846 0.1658653846153846 0.25240384615384615
0 0.8341346153846154 0.11057692307692307 0.15865384615384615 0.22115384615384615
0 0.39783653846153844 0.71875 0.3581730769230769 0.27884615384615385
0 0.7355769230769231 0.9230769230769231 0.06490384615384616 0.06971153846153846