0 0.44471153846153844 0.036057692307692304 0.057692307692307696 0.07211538461538461
0 0.1658653846153846 0.05048076923076923 0.057692307692307696 0.06971153846153846
0 0.07211538461538461 0.05048076923076923 0.052884615384615384 0.06971153846153846
0 0.3485576923076923 0.036057692307692304 0.0625 0.07211538461538461
0 0.22115384615384615 0.040865384615384616 0.04567307692307692 0.06490384615384616
0 0.3954326923076923 0.03365384615384615 0.036057692307692304 0.0673076923076923
0 0.5228365384615384 0.05048076923076923 0.007211538461538462 0.04326923076923077
0 0.890625 0.018028846153846152 0.06490384615384616 0.036057692307692304
0 0.06971153846153846 0.7644230769230769 0.07451923076923077 0.09134615384615384
0 0.17307692307692307 0.75 0.0673076923076923 0.08413461538461539
0 0.21875 0.8197115384615384 0.08173076923076923 0.09615384615384616
0 0.11778846153846154 0.7091346153846154 0.052884615384615384 0.07692307692307693
0 0.020432692307692308 0.7235576923076923 0.040865384615384616 0.07692307692307693
1 0.5132211538461539 0.7740384615384616 0.026442307692307692 0.1201923076923077
1 0.4723557692307692 0.8485576923076923 0.10817307692307693 0.13942307692307693
0 0.07091346153846154 0.5264423076923077 0.07932692307692307 0.07692307692307693
0 0.17427884615384615 0.5300480769230769 0.06971153846153846 0.08413461538461539
0 0.21875 0.5 0.08653846153846154 0.02403846153846154
0 0.11778846153846154 0.5697115384615384 0.052884615384615384 0.07692307692307693
0 0.020432692307692308 0.5552884615384616 0.040865384615384616 0.07692307692307693
1 0.5120192307692307 0.5276442307692307 0.028846153846153848 0.07932692307692307
0 0.9447115384615384 0.5180288461538461 0.10576923076923077 0.06009615384615385