0 0.11778846153846154 0.28846153846153844 0.057692307692307696 0.08173076923076923
0 0.44711538461538464 0.25240384615384615 0.06971153846153846 0.09375
0 0.5769230769230769 0.25961538461538464 0.08173076923076923 0.10336538461538461
0 0.31490384615384615 0.90625 0.057692307692307696 0.07692307692307693
0 0.11057692307692307 0.8774038461538461 0.036057692307692304 0.05048076923076923
0 0.18269230769230768 0.8966346153846154 0.028846153846153848 0.05048076923076923
1 0.038461538461538464 0.8774038461538461 0.021634615384615384 0.02403846153846154
1 0.004807692307692308 0.875 0.009615384615384616 0.02403846153846154
1 0.02403846153846154 0.8653846153846154 0.016826923076923076 0.021634615384615384
1 0.057692307692307696 0.8677884615384616 0.016826923076923076 0.026442307692307692
1 0.07451923076923077 0.8629807692307693 0.021634615384615384 0.026442307692307692
1 0.20192307692307693 0.8725961538461539 0.019230769230769232 0.016826923076923076
1 0.25961538461538464 0.8774038461538461 0.016826923076923076 0.02403846153846154
1 0.4206730769230769 0.8870192307692307 0.019230769230769232 0.021634615384615384
1 0.17067307692307693 0.8725961538461539 0.016826923076923076 0.019230769230769232
0 0.75 0.5552884615384616 0.057692307692307696 0.08653846153846154
0 0.8221153846153846 0.5649038461538461 0.06490384615384616 0.07451923076923077
0 0.7091346153846154 0.5576923076923077 0.03365384615384615 0.07451923076923077