0 0.3449519230769231 0.21514423076923078 0.021634615384615384 0.09375
0 0.18269230769230768 0.21875 0.08173076923076923 0.10096153846153846
0 0.30528846153846156 0.13221153846153846 0.057692307692307696 0.0673076923076923
0 0.22115384615384615 0.1658653846153846 0.0673076923076923 0.0673076923076923
0 0.24278846153846154 0.10817307692307693 0.05048076923076923 0.057692307692307696
0 0.1466346153846154 0.07692307692307693 0.04807692307692308 0.06009615384615385
0 0.10817307692307693 0.15865384615384615 0.052884615384615384 0.06009615384615385
0 0.9759615384615384 0.018028846153846152 0.04326923076923077 0.036057692307692304
0 0.9735576923076923 0.23918269230769232 0.04807692307692308 0.11778846153846154
0 0.42788461538461536 0.13581730769230768 0.13942307692307693 0.15144230769230768
0 0.12740384615384615 0.6358173076923077 0.2548076923076923 0.43509615384615385
0 0.6310096153846154 0.5649038461538461 0.3581730769230769 0.2932692307692308