0 0.03365384615384615 0.054086538461538464 0.0673076923076923 0.10817307692307693
0 0.25240384615384615 0.09615384615384616 0.04807692307692308 0.0673076923076923
1 0.46153846153846156 0.04807692307692308 0.0625 0.07692307692307693
1 0.1658653846153846 0.08413461538461539 0.0625 0.07451923076923077
1 0.31971153846153844 0.07692307692307693 0.057692307692307696 0.07451923076923077
1 0.3798076923076923 0.0673076923076923 0.057692307692307696 0.06971153846153846
0 0.6742788461538461 0.039663461538461536 0.10336538461538461 0.07932692307692307
0 0.8918269230769231 0.0625 0.06971153846153846 0.07451923076923077
0 0.8413461538461539 0.09375 0.057692307692307696 0.07932692307692307
0 0.9759615384615384 0.11538461538461539 0.04326923076923077 0.07692307692307693
0 0.7451923076923077 0.8894230769230769 0.0625 0.06971153846153846
0 0.9783653846153846 0.8725961538461539 0.038461538461538464 0.08173076923076923
0 0.8557692307692307 0.9182692307692307 0.05048076923076923 0.0625
0 0.6730769230769231 0.90625 0.055288461538461536 0.06009615384615385