0 0.1778846153846154 0.16346153846153846 0.05048076923076923 0.052884615384615384
0 0.3701923076923077 0.15384615384615385 0.038461538461538464 0.04326923076923077
0 0.43509615384615385 0.15625 0.03365384615384615 0.040865384615384616
0 0.5048076923076923 0.15144230769230768 0.036057692307692304 0.04326923076923077
0 0.9146634615384616 0.17668269230769232 0.1658653846153846 0.21875
0 0.5240384615384616 0.8689903846153846 0.02403846153846154 0.10817307692307693
0 0.10576923076923077 0.84375 0.0625 0.08173076923076923
0 0.49278846153846156 0.8653846153846154 0.06490384615384616 0.08653846153846154
0 0.18269230769230768 0.8629807692307693 0.057692307692307696 0.06971153846153846
0 0.28365384615384615 0.8389423076923077 0.052884615384615384 0.07932692307692307
0 0.33413461538461536 0.8605769230769231 0.057692307692307696 0.08653846153846154
0 0.014423076923076924 0.8521634615384616 0.028846153846153848 0.05048076923076923
0 0.6298076923076923 0.7932692307692307 0.12740384615384615 0.18028846153846154
0 0.9795673076923077 0.8701923076923077 0.036057692307692304 0.09134615384615384
0 0.8990384615384616 0.8100961538461539 0.125 0.16105769230769232
0 0.6995192307692307 0.8413461538461539 0.08413461538461539 0.1346153846153846
0 0.8365384615384616 0.8677884615384616 0.06971153846153846 0.08653846153846154
0 0.7596153846153846 0.8918269230769231 0.06490384615384616 0.0889423076923077