0 0.14423076923076922 0.2764423076923077 0.05048076923076923 0.07692307692307693
0 0.38221153846153844 0.2548076923076923 0.04567307692307692 0.07211538461538461
0 0.24759615384615385 0.27163461538461536 0.04807692307692308 0.06490384615384616
0 0.5096153846153846 0.25 0.052884615384615384 0.0673076923076923
0 0.44471153846153844 0.2644230769230769 0.04807692307692308 0.06971153846153846
0 0.5793269230769231 0.13942307692307693 0.057692307692307696 0.07211538461538461
0 0.47836538461538464 0.12259615384615384 0.052884615384615384 0.06971153846153846
0 0.33413461538461536 0.2668269230769231 0.04567307692307692 0.06971153846153846
0 0.38822115384615385 0.02403846153846154 0.05048076923076923 0.04807692307692308
0 0.6081730769230769 0.28365384615384615 0.055288461538461536 0.06971153846153846
0 0.02403846153846154 0.265625 0.04807692307692308 0.06490384615384616
0 0.07451923076923077 0.24278846153846154 0.04807692307692308 0.055288461538461536
0 0.10817307692307693 0.19951923076923078 0.038461538461538464 0.06009615384615385
0 0.21875 0.15144230769230768 0.04326923076923077 0.07451923076923077
0 0.3245192307692308 0.13701923076923078 0.036057692307692304 0.0625
0 0.8149038461538461 0.18269230769230768 0.06009615384615385 0.05048076923076923
0 0.9747596153846154 0.296875 0.04567307692307692 0.040865384615384616
0 0.49278846153846156 0.6274038461538461 0.0673076923076923 0.038461538461538464
0 0.19230769230769232 0.6586538461538461 0.04807692307692308 0.052884615384615384
0 0.8713942307692307 0.6610576923076923 0.19471153846153846 0.10576923076923077