0 0.3581730769230769 0.25721153846153844 0.11538461538461539 0.1201923076923077
0 0.4855769230769231 0.1778846153846154 0.036057692307692304 0.04807692307692308
0 0.32211538461538464 0.16826923076923078 0.03125 0.036057692307692304
0 0.19951923076923078 0.16346153846153846 0.040865384615384616 0.04567307692307692
0 0.359375 0.028846153846153848 0.12259615384615384 0.057692307692307696
0 0.4855769230769231 0.07211538461538461 0.036057692307692304 0.04807692307692308
0 0.32211538461538464 0.08173076923076923 0.03125 0.036057692307692304
0 0.19951923076923078 0.08653846153846154 0.040865384615384616 0.04567307692307692
0 0.6694711538461539 0.015625 0.055288461538461536 0.03125
0 0.3004807692307692 0.6490384615384616 0.16826923076923078 0.21153846153846154
0 0.054086538461538464 0.671875 0.10817307692307693 0.17067307692307693
0 0.6778846153846154 0.7115384615384616 0.057692307692307696 0.06971153846153846
0 0.9182692307692307 0.7524038461538461 0.0625 0.055288461538461536