0 0.16105769230769232 0.25240384615384615 0.09375 0.057692307692307696
0 0.23076923076923078 0.24278846153846154 0.06490384615384616 0.057692307692307696
0 0.2860576923076923 0.24278846153846154 0.06009615384615385 0.06971153846153846
0 0.3629807692307692 0.2644230769230769 0.0625 0.04326923076923077
0 0.49759615384615385 0.2668269230769231 0.05048076923076923 0.055288461538461536
0 0.6826923076923077 0.31971153846153844 0.03365384615384615 0.04807692307692308
0 0.6514423076923077 0.31490384615384615 0.03365384615384615 0.04567307692307692
0 0.7451923076923077 0.32211538461538464 0.038461538461538464 0.04567307692307692
0 0.7836538461538461 0.31009615384615385 0.03365384615384615 0.04326923076923077
0 0.8341346153846154 0.31490384615384615 0.04326923076923077 0.057692307692307696
0 0.8966346153846154 0.27884615384615385 0.09134615384615384 0.10336538461538461
0 0.9399038461538461 0.30528846153846156 0.036057692307692304 0.052884615384615384
0 0.5649038461538461 0.8040865384615384 0.04326923076923077 0.0889423076923077