0 0.5721153846153846 0.18990384615384615 0.07692307692307693 0.06971153846153846
0 0.46875 0.18028846153846154 0.019230769230769232 0.09615384615384616
0 0.5889423076923077 0.11538461538461539 0.055288461538461536 0.06009615384615385
0 0.9615384615384616 0.0985576923076923 0.04567307692307692 0.05048076923076923
0 0.5216346153846154 0.05048076923076923 0.04567307692307692 0.036057692307692304
0 0.7451923076923077 0.052884615384615384 0.04326923076923077 0.040865384615384616
1 0.8076923076923077 0.3389423076923077 0.07451923076923077 0.08653846153846154
1 0.6778846153846154 0.055288461538461536 0.03365384615384615 0.04567307692307692
1 0.7331730769230769 0.07211538461538461 0.04807692307692308 0.055288461538461536
0 0.5216346153846154 0.015625 0.04807692307692308 0.03125
0 0.7463942307692307 0.015625 0.04567307692307692 0.03125
1 0.6790865384615384 0.015625 0.036057692307692304 0.03125
1 0.734375 0.009615384615384616 0.05048076923076923 0.019230769230769232
0 0.2956730769230769 0.8774038461538461 0.057692307692307696 0.07211538461538461