0 0.22115384615384615 0.34375 0.04326923076923077 0.052884615384615384
0 0.12980769230769232 0.38461538461538464 0.03365384615384615 0.040865384615384616
0 0.007211538461538462 0.36177884615384615 0.014423076923076924 0.036057692307692304
0 0.32211538461538464 0.33653846153846156 0.04807692307692308 0.05048076923076923
0 0.28846153846153844 0.3389423076923077 0.036057692307692304 0.04567307692307692
1 0.16826923076923078 0.3870192307692308 0.028846153846153848 0.036057692307692304
1 0.3798076923076923 0.32211538461538464 0.03365384615384615 0.04807692307692308
0 0.6899038461538461 0.17548076923076922 0.08413461538461539 0.057692307692307696
0 0.3173076923076923 0.8894230769230769 0.06009615384615385 0.06971153846153846
0 0.3629807692307692 0.9182692307692307 0.04567307692307692 0.057692307692307696
0 0.5240384615384616 0.7307692307692307 0.07451923076923077 0.09375