0 0.36658653846153844 0.013221153846153846 0.1466346153846154 0.026442307692307692
0 0.09615384615384616 0.5841346153846154 0.0625 0.07211538461538461
0 0.34375 0.5649038461538461 0.057692307692307696 0.06009615384615385
0 0.4254807692307692 0.5384615384615384 0.052884615384615384 0.06009615384615385
0 0.20192307692307693 0.5673076923076923 0.05048076923076923 0.055288461538461536
0 0.15144230769230768 0.5745192307692307 0.040865384615384616 0.04567307692307692
0 0.45913461538461536 0.5552884615384616 0.03365384615384615 0.04326923076923077
0 0.026442307692307692 0.5793269230769231 0.040865384615384616 0.055288461538461536
0 0.5673076923076923 0.7932692307692307 0.04567307692307692 0.04567307692307692
0 0.90625 0.7259615384615384 0.04326923076923077 0.052884615384615384
0 0.8149038461538461 0.7668269230769231 0.03365384615384615 0.040865384615384616
0 0.6826923076923077 0.7427884615384616 0.03125 0.03365384615384615
0 0.6153846153846154 0.7644230769230769 0.03125 0.04326923076923077
0 0.9903846153846154 0.71875 0.014423076923076924 0.052884615384615384
0 0.9735576923076923 0.7211538461538461 0.036057692307692304 0.04567307692307692
0 0.59375 0.7331730769230769 0.028846153846153848 0.038461538461538464
0 0.6370192307692307 0.7307692307692307 0.03125 0.036057692307692304
0 0.65625 0.7427884615384616 0.03365384615384615 0.040865384615384616
1 0.8533653846153846 0.7692307692307693 0.028846153846153848 0.036057692307692304