0 0.19951923076923078 0.0985576923076923 0.08173076923076923 0.10817307692307693
0 0.4423076923076923 0.12620192307692307 0.04807692307692308 0.0985576923076923
0 0.8064903846153846 0.14182692307692307 0.38221153846153844 0.28365384615384615
0 0.4891826923076923 0.14182692307692307 0.040865384615384616 0.28365384615384615
0 0.02403846153846154 0.4699519230769231 0.04807692307692308 0.021634615384615384
0 0.21394230769230768 0.4699519230769231 0.0673076923076923 0.021634615384615384
0 0.4483173076923077 0.4795673076923077 0.040865384615384616 0.040865384615384616
1 0.10096153846153846 0.46875 0.057692307692307696 0.019230769230769232
1 0.16947115384615385 0.47115384615384615 0.04567307692307692 0.02403846153846154
0 0.5264423076923077 0.5697115384615384 0.03365384615384615 0.038461538461538464
0 0.9423076923076923 0.6971153846153846 0.052884615384615384 0.04567307692307692