0 0.2668269230769231 0.31009615384615385 0.057692307692307696 0.08173076923076923
0 0.4699519230769231 0.21995192307692307 0.055288461538461536 0.18028846153846154
0 0.1466346153846154 0.33413461538461536 0.052884615384615384 0.06490384615384616
0 0.040865384615384616 0.33413461538461536 0.04567307692307692 0.0625
0 0.21153846153846154 0.34615384615384615 0.038461538461538464 0.038461538461538464
0 0.3317307692307692 0.3389423076923077 0.04326923076923077 0.052884615384615384
1 0.28846153846153844 0.5336538461538461 0.055288461538461536 0.08413461538461539
1 0.2403846153846154 0.5384615384615384 0.0625 0.09375
1 0.39903846153846156 0.5721153846153846 0.057692307692307696 0.06971153846153846
1 0.18509615384615385 0.5384615384615384 0.04807692307692308 0.06009615384615385
1 0.040865384615384616 0.53125 0.057692307692307696 0.0625
1 0.07692307692307693 0.5240384615384616 0.038461538461538464 0.06490384615384616
0 0.9759615384615384 0.7403846153846154 0.04326923076923077 0.1201923076923077