0 0.5 0.21875 0.13701923076923078 0.16826923076923078
0 0.6442307692307693 0.2644230769230769 0.038461538461538464 0.040865384615384616
0 0.8317307692307693 0.1201923076923077 0.09375 0.09134615384615384
1 0.25 0.9206730769230769 0.057692307692307696 0.07692307692307693
1 0.4855769230769231 0.9519230769230769 0.057692307692307696 0.06971153846153846
1 0.004807692307692308 0.9387019230769231 0.009615384615384616 0.06009615384615385
1 0.1875 0.9567307692307693 0.03365384615384615 0.04326923076923077
1 0.6057692307692307 0.96875 0.052884615384615384 0.05048076923076923
1 0.5625 0.9615384615384616 0.026442307692307692 0.04326923076923077
1 0.15384615384615385 0.9567307692307693 0.028846153846153848 0.04567307692307692
1 0.36778846153846156 0.9399038461538461 0.03365384615384615 0.04567307692307692
1 0.40865384615384615 0.9591346153846154 0.038461538461538464 0.052884615384615384