0 0.9831730769230769 0.3449519230769231 0.028846153846153848 0.040865384615384616
1 0.7079326923076923 0.796875 0.0985576923076923 0.13701923076923078
1 0.15384615384615385 0.8004807692307693 0.04807692307692308 0.06009615384615385
1 0.4495192307692308 0.7980769230769231 0.055288461538461536 0.06009615384615385
1 0.07932692307692307 0.8125 0.052884615384615384 0.057692307692307696
1 0.016826923076923076 0.7980769230769231 0.03365384615384615 0.0625
1 0.27163461538461536 0.8100961538461539 0.04567307692307692 0.057692307692307696
1 0.18028846153846154 0.7860576923076923 0.03365384615384615 0.06009615384615385
1 0.6177884615384616 0.8076923076923077 0.05048076923076923 0.07451923076923077
0 0.7860576923076923 0.6802884615384616 0.052884615384615384 0.07211538461538461
0 0.8293269230769231 0.6947115384615384 0.038461538461538464 0.04567307692307692
0 0.9447115384615384 0.6995192307692307 0.04807692307692308 0.06971153846153846