0 0.013221153846153846 0.19110576923076922 0.026442307692307692 0.07451923076923077
0 0.040865384615384616 0.20432692307692307 0.038461538461538464 0.04567307692307692
0 0.15625 0.2091346153846154 0.04807692307692308 0.06971153846153846
0 0.2283653846153846 0.17548076923076922 0.05048076923076923 0.0625
0 0.3269230769230769 0.18269230769230768 0.052884615384615384 0.057692307692307696
0 0.36778846153846156 0.1466346153846154 0.04807692307692308 0.06009615384615385
0 0.4326923076923077 0.12259615384615384 0.04567307692307692 0.06490384615384616
0 0.40865384615384615 0.125 0.038461538461538464 0.055288461538461536
0 0.5841346153846154 0.38461538461538464 0.06009615384615385 0.07451923076923077
1 0.7115384615384616 0.4014423076923077 0.052884615384615384 0.057692307692307696
1 0.8004807692307693 0.4014423076923077 0.038461538461538464 0.04567307692307692
1 0.9110576923076923 0.38221153846153844 0.04807692307692308 0.04807692307692308
1 0.9807692307692307 0.3713942307692308 0.03365384615384615 0.055288461538461536
1 0.796875 0.6646634615384616 0.07451923076923077 0.05048076923076923
1 0.9290865384615384 0.6538461538461539 0.10817307692307693 0.028846153846153848
1 0.9855769230769231 0.6730769230769231 0.02403846153846154 0.0673076923076923