0 0.31009615384615385 0.14423076923076922 0.16105769230769232 0.1778846153846154
0 0.7764423076923077 0.07692307692307693 0.07692307692307693 0.10096153846153846
0 0.6730769230769231 0.13221153846153846 0.08653846153846154 0.10576923076923077
0 0.9579326923076923 0.3137019230769231 0.07932692307692307 0.10817307692307693
0 0.5673076923076923 0.3701923076923077 0.055288461538461536 0.06490384615384616
0 0.9230769230769231 0.010817307692307692 0.03365384615384615 0.021634615384615384
0 0.15144230769230768 0.9158653846153846 0.04567307692307692 0.0673076923076923
0 0.20192307692307693 0.8966346153846154 0.04567307692307692 0.06009615384615385
0 0.29086538461538464 0.90625 0.04326923076923077 0.06490384615384616
0 0.3605769230769231 0.9014423076923077 0.04567307692307692 0.06009615384615385
0 0.4182692307692308 0.9002403846153846 0.014423076923076924 0.06009615384615385
0 0.2668269230769231 0.9014423076923077 0.04326923076923077 0.06971153846153846
0 0.9338942307692307 0.6935096153846154 0.12740384615384615 0.18028846153846154
0 0.7740384615384616 0.7860576923076923 0.15144230769230768 0.1658653846153846
0 0.6298076923076923 0.8581730769230769 0.18990384615384615 0.22115384615384615
0 0.9326923076923077 0.5276442307692307 0.12980769230769232 0.036057692307692304