1 0.03365384615384615 0.0985576923076923 0.04567307692307692 0.0625
1 0.09375 0.0985576923076923 0.036057692307692304 0.052884615384615384
1 0.0673076923076923 0.10096153846153846 0.028846153846153848 0.055288461538461536
1 0.16105769230769232 0.09615384615384616 0.038461538461538464 0.057692307692307696
0 0.2956730769230769 0.09134615384615384 0.04567307692307692 0.055288461538461536
0 0.3389423076923077 0.09134615384615384 0.026442307692307692 0.04567307692307692
1 0.41346153846153844 0.09615384615384616 0.036057692307692304 0.052884615384615384
1 0.3557692307692308 0.09615384615384616 0.03365384615384615 0.04326923076923077
1 0.22596153846153846 0.08653846153846154 0.03365384615384615 0.04807692307692308
1 0.43509615384615385 0.08413461538461539 0.03125 0.04807692307692308
0 0.5805288461538461 0.19591346153846154 0.06490384615384616 0.10336538461538461
0 0.9723557692307693 0.6225961538461539 0.05048076923076923 0.1875
0 0.7199519230769231 0.5925480769230769 0.14182692307692307 0.12740384615384615