0 0.04807692307692308 0.3485576923076923 0.06009615384615385 0.07451923076923077
1 0.6310096153846154 0.3473557692307692 0.03125 0.08413461538461539
1 0.17548076923076922 0.36538461538461536 0.052884615384615384 0.057692307692307696
1 0.5456730769230769 0.31490384615384615 0.052884615384615384 0.06009615384615385
1 0.2644230769230769 0.36538461538461536 0.038461538461538464 0.04567307692307692
1 0.375 0.34615384615384615 0.04807692307692308 0.04807692307692308
1 0.4519230769230769 0.33413461538461536 0.04807692307692308 0.052884615384615384
0 0.9507211538461539 0.12620192307692307 0.09375 0.25240384615384615
0 0.2668269230769231 0.6586538461538461 0.021634615384615384 0.036057692307692304
0 0.39663461538461536 0.6538461538461539 0.03365384615384615 0.03365384615384615
0 0.35336538461538464 0.6634615384615384 0.02403846153846154 0.03365384615384615
0 0.28846153846153844 0.6490384615384616 0.021634615384615384 0.03365384615384615
0 0.8221153846153846 0.46634615384615385 0.14903846153846154 0.1346153846153846