1 0.010817307692307692 0.8197115384615384 0.021634615384615384 0.09134615384615384
1 0.27403846153846156 0.8197115384615384 0.057692307692307696 0.06971153846153846
1 0.10576923076923077 0.8774038461538461 0.1201923076923077 0.13701923076923078
1 0.6165865384615384 0.8822115384615384 0.0985576923076923 0.11057692307692307
1 0.41586538461538464 0.8100961538461539 0.04567307692307692 0.06009615384615385
1 0.5745192307692307 0.9507211538461539 0.18269230769230768 0.09375
1 0.4639423076923077 0.8221153846153846 0.04807692307692308 0.06971153846153846
1 0.23798076923076922 0.8100961538461539 0.038461538461538464 0.06490384615384616
1 0.038461538461538464 0.8245192307692307 0.04807692307692308 0.06971153846153846
0 0.9326923076923077 0.7932692307692307 0.036057692307692304 0.040865384615384616
0 0.9771634615384616 0.8040865384615384 0.040865384615384616 0.04567307692307692