1 0.018028846153846152 0.31490384615384615 0.036057692307692304 0.09615384615384616
1 0.13701923076923078 0.3125 0.04567307692307692 0.07451923076923077
1 0.2692307692307692 0.3245192307692308 0.052884615384615384 0.06490384615384616
0 0.7379807692307693 0.11298076923076923 0.1778846153846154 0.21394230769230768
0 0.9771634615384616 0.12740384615384615 0.040865384615384616 0.09615384615384616
0 0.1971153846153846 0.4567307692307692 0.08413461538461539 0.11778846153846154
0 0.036057692307692304 0.46875 0.07211538461538461 0.1201923076923077
0 0.3545673076923077 0.4483173076923077 0.0985576923076923 0.11778846153846154
0 0.96875 0.7223557692307693 0.057692307692307696 0.10817307692307693
1 0.7788461538461539 0.7403846153846154 0.0673076923076923 0.07211538461538461
1 0.6009615384615384 0.75 0.06009615384615385 0.057692307692307696
1 0.6706730769230769 0.7115384615384616 0.0625 0.09375
1 0.8966346153846154 0.7524038461538461 0.06490384615384616 0.07451923076923077