0 0.23197115384615385 0.057692307692307696 0.17548076923076922 0.11538461538461539
0 0.6346153846153846 0.3245192307692308 0.0625 0.07211538461538461
0 0.4855769230769231 0.3269230769230769 0.03365384615384615 0.07211538461538461
0 0.5480769230769231 0.18028846153846154 0.04567307692307692 0.04567307692307692
0 0.6610576923076923 0.19471153846153846 0.04807692307692308 0.052884615384615384
0 0.48197115384615385 0.15625 0.026442307692307692 0.04326923076923077
0 0.6105769230769231 0.16346153846153846 0.03365384615384615 0.04807692307692308
0 0.6490384615384616 0.15625 0.038461538461538464 0.04567307692307692
0 0.3076923076923077 0.6947115384615384 0.10096153846153846 0.12980769230769232
0 0.025240384615384616 0.5625 0.05048076923076923 0.1201923076923077
0 0.8762019230769231 0.796875 0.24278846153846154 0.37259615384615385
0 0.6081730769230769 0.7451923076923077 0.27884615384615385 0.39903846153846156