0 0.078125 0.04567307692307692 0.0889423076923077 0.09134615384615384
1 0.16105769230769232 0.04807692307692308 0.040865384615384616 0.05048076923076923
1 0.21394230769230768 0.0625 0.057692307692307696 0.07451923076923077
0 0.2860576923076923 0.036057692307692304 0.057692307692307696 0.07211538461538461
0 0.39903846153846156 0.036057692307692304 0.07211538461538461 0.07211538461538461
1 0.4567307692307692 0.038461538461538464 0.055288461538461536 0.06971153846153846
1 0.5264423076923077 0.04326923076923077 0.0625 0.07932692307692307
1 0.5913461538461539 0.055288461538461536 0.028846153846153848 0.07211538461538461
0 0.9867788461538461 0.5288461538461539 0.021634615384615384 0.052884615384615384
0 0.004807692307692308 0.7403846153846154 0.009615384615384616 0.04807692307692308
0 0.08653846153846154 0.7740384615384616 0.04326923076923077 0.052884615384615384