0 0.5456730769230769 0.24278846153846154 0.028846153846153848 0.026442307692307692
0 0.5649038461538461 0.3942307692307692 0.03125 0.028846153846153848
0 0.5288461538461539 0.3701923076923077 0.021634615384615384 0.028846153846153848
0 0.5504807692307693 0.37740384615384615 0.021634615384615384 0.02403846153846154
0 0.7572115384615384 0.3076923076923077 0.11298076923076923 0.12259615384615384
0 0.014423076923076924 0.8064903846153846 0.028846153846153848 0.055288461538461536
0 0.38221153846153844 0.8629807692307693 0.04567307692307692 0.05048076923076923
0 0.42788461538461536 0.8653846153846154 0.06009615384615385 0.06971153846153846
0 0.7403846153846154 0.7788461538461539 0.06009615384615385 0.06971153846153846
0 0.9471153846153846 0.8341346153846154 0.06490384615384616 0.10576923076923077
0 0.8100961538461539 0.7836538461538461 0.04807692307692308 0.055288461538461536
1 0.8918269230769231 0.8557692307692307 0.10336538461538461 0.14182692307692307
1 0.8629807692307693 0.7668269230769231 0.026442307692307692 0.03125