0 0.025240384615384616 0.057692307692307696 0.05048076923076923 0.11538461538461539
0 0.984375 0.27163461538461536 0.026442307692307692 0.10576923076923077
0 0.6971153846153846 0.23798076923076922 0.12259615384615384 0.13701923076923078
0 0.9615384615384616 0.2548076923076923 0.055288461538461536 0.07692307692307693
0 0.8197115384615384 0.24278846153846154 0.04807692307692308 0.052884615384615384
0 0.11298076923076923 0.8966346153846154 0.055288461538461536 0.057692307692307696
0 0.21394230769230768 0.8100961538461539 0.04807692307692308 0.052884615384615384
0 0.31490384615384615 0.7379807692307693 0.052884615384615384 0.06009615384615385
0 0.4879807692307692 0.59375 0.057692307692307696 0.028846153846153848
0 0.40625 0.9615384615384616 0.03365384615384615 0.038461538461538464
0 0.9735576923076923 0.9579326923076923 0.04807692307692308 0.07932692307692307