1 0.009615384615384616 0.12620192307692307 0.019230769230769232 0.10817307692307693
1 0.36538461538461536 0.12980769230769232 0.07211538461538461 0.0889423076923077
1 0.29086538461538464 0.13942307692307693 0.09375 0.10817307692307693
1 0.04567307692307692 0.1466346153846154 0.0673076923076923 0.08173076923076923
1 0.4855769230769231 0.13221153846153846 0.0673076923076923 0.07932692307692307
1 0.7548076923076923 0.33413461538461536 0.05048076923076923 0.057692307692307696
1 0.7956730769230769 0.2932692307692308 0.04326923076923077 0.052884615384615384
1 0.8341346153846154 0.31490384615384615 0.04567307692307692 0.06009615384615385
1 0.8798076923076923 0.3269230769230769 0.03125 0.04326923076923077
1 0.9735576923076923 0.33653846153846156 0.04807692307692308 0.0625
0 0.35336538461538464 0.7836538461538461 0.028846153846153848 0.009615384615384616