0 0.4855769230769231 0.11538461538461539 0.06971153846153846 0.08413461538461539
0 0.5925480769230769 0.06009615384615385 0.026442307692307692 0.11057692307692307
0 0.3173076923076923 0.1201923076923077 0.0673076923076923 0.08173076923076923
0 0.09375 0.11057692307692307 0.0625 0.08173076923076923
0 0.028846153846153848 0.1201923076923077 0.052884615384615384 0.06971153846153846
1 0.21153846153846154 0.14182692307692307 0.057692307692307696 0.07451923076923077
1 0.4423076923076923 0.11778846153846154 0.03365384615384615 0.06009615384615385
1 0.4182692307692308 0.11778846153846154 0.03365384615384615 0.055288461538461536
0 0.9795673076923077 0.3473557692307692 0.036057692307692304 0.09375
0 0.6586538461538461 0.3629807692307692 0.052884615384615384 0.06971153846153846
1 0.7956730769230769 0.37740384615384615 0.04567307692307692 0.07211538461538461
1 0.9086538461538461 0.36538461538461536 0.04326923076923077 0.07451923076923077
1 0.8533653846153846 0.3485576923076923 0.038461538461538464 0.06490384615384616
0 0.6165865384615384 0.328125 0.016826923076923076 0.05048076923076923
1 0.7524038461538461 0.3581730769230769 0.04326923076923077 0.06490384615384616
0 0.328125 0.5540865384615384 0.0985576923076923 0.03125