0 0.10817307692307693 0.14423076923076922 0.21634615384615385 0.28846153846153844
0 0.8942307692307693 0.1778846153846154 0.20673076923076922 0.3557692307692308
0 0.11778846153846154 0.7355769230769231 0.06971153846153846 0.08173076923076923
0 0.23557692307692307 0.7355769230769231 0.07932692307692307 0.09134615384615384
0 0.4519230769230769 0.75 0.055288461538461536 0.06490384615384616
1 0.008413461538461538 0.7451923076923077 0.016826923076923076 0.07692307692307693
0 0.2956730769230769 0.7524038461538461 0.036057692307692304 0.05048076923076923
0 0.41346153846153844 0.7475961538461539 0.028846153846153848 0.05048076923076923
0 0.38461538461538464 0.7524038461538461 0.03125 0.040865384615384616
0 0.07451923076923077 0.7644230769230769 0.040865384615384616 0.052884615384615384
0 0.9579326923076923 0.6574519230769231 0.07932692307692307 0.18028846153846154