0 0.40384615384615385 0.375 0.09615384615384616 0.11538461538461539
0 0.02283653846153846 0.38461538461538464 0.04567307692307692 0.09134615384615384
0 0.12259615384615384 0.3798076923076923 0.05048076923076923 0.06009615384615385
0 0.1875 0.38461538461538464 0.05048076923076923 0.057692307692307696
0 0.31009615384615385 0.36778846153846156 0.04807692307692308 0.06490384615384616
0 0.78125 0.3317307692307692 0.03365384615384615 0.040865384615384616
0 0.6947115384615384 0.34134615384615385 0.038461538461538464 0.036057692307692304
0 0.5673076923076923 0.4807692307692308 0.1201923076923077 0.0625
0 0.2980769230769231 0.4735576923076923 0.0625 0.04807692307692308
0 0.025240384615384616 0.46634615384615385 0.05048076923076923 0.03365384615384615
0 0.6646634615384616 0.4735576923076923 0.06971153846153846 0.04807692307692308
0 0.8064903846153846 0.47475961538461536 0.13221153846153846 0.05048076923076923