0 0.021634615384615384 0.3016826923076923 0.04326923076923077 0.07451923076923077
1 0.4375 0.2536057692307692 0.038461538461538464 0.06009615384615385
1 0.5480769230769231 0.23557692307692307 0.07451923076923077 0.07692307692307693
1 0.5961538461538461 0.25 0.03365384615384615 0.052884615384615384
1 0.7548076923076923 0.24519230769230768 0.052884615384615384 0.06971153846153846
1 0.8653846153846154 0.28365384615384615 0.028846153846153848 0.04567307692307692
1 0.9230769230769231 0.24759615384615385 0.040865384615384616 0.04807692307692308
1 0.9891826923076923 0.24639423076923078 0.016826923076923076 0.05048076923076923
1 0.24278846153846154 0.5408653846153846 0.05048076923076923 0.06971153846153846
1 0.38461538461538464 0.5216346153846154 0.05048076923076923 0.06971153846153846
1 0.17307692307692307 0.53125 0.04567307692307692 0.055288461538461536
0 0.7115384615384616 0.71875 0.055288461538461536 0.07211538461538461
0 0.5456730769230769 0.6947115384615384 0.04567307692307692 0.0673076923076923
0 0.47596153846153844 0.7115384615384616 0.04807692307692308 0.06490384615384616
0 0.6418269230769231 0.7019230769230769 0.040865384615384616 0.0625