0 0.08413461538461539 0.39663461538461536 0.052884615384615384 0.057692307692307696
0 0.5288461538461539 0.31490384615384615 0.04807692307692308 0.057692307692307696
0 0.6201923076923077 0.34375 0.052884615384615384 0.057692307692307696
0 0.7163461538461539 0.34615384615384615 0.04567307692307692 0.04807692307692308
0 0.7884615384615384 0.36538461538461536 0.04567307692307692 0.04326923076923077
0 0.4567307692307692 0.2403846153846154 0.028846153846153848 0.03365384615384615
0 0.36538461538461536 0.2091346153846154 0.028846153846153848 0.03365384615384615
0 0.23677884615384615 0.6045673076923077 0.040865384615384616 0.07932692307692307
0 0.14182692307692307 0.6802884615384616 0.04567307692307692 0.04807692307692308
0 0.49759615384615385 0.7524038461538461 0.036057692307692304 0.04326923076923077
0 0.5600961538461539 0.6346153846153846 0.03365384615384615 0.038461538461538464