1 0.03245192307692308 0.2776442307692308 0.06490384615384616 0.10336538461538461
1 0.24519230769230768 0.2548076923076923 0.052884615384615384 0.057692307692307696
1 0.17067307692307693 0.2403846153846154 0.052884615384615384 0.06009615384615385
0 0.8485576923076923 0.25961538461538464 0.055288461538461536 0.06490384615384616
0 0.30528846153846156 0.34134615384615385 0.03365384615384615 0.03365384615384615
0 0.6466346153846154 0.3485576923076923 0.03365384615384615 0.028846153846153848
0 0.6466346153846154 0.28846153846153844 0.03365384615384615 0.028846153846153848
0 0.5817307692307693 0.3293269230769231 0.03365384615384615 0.028846153846153848
0 0.5120192307692307 0.31971153846153844 0.016826923076923076 0.021634615384615384
0 0.34615384615384615 0.3269230769230769 0.03125 0.028846153846153848
1 0.025240384615384616 0.6790865384615384 0.05048076923076923 0.07932692307692307
0 0.7115384615384616 0.65625 0.038461538461538464 0.03365384615384615
0 0.8245192307692307 0.6538461538461539 0.038461538461538464 0.028846153846153848