0 0.2692307692307692 0.3557692307692308 0.06490384615384616 0.08653846153846154
0 0.9158653846153846 0.25721153846153844 0.16346153846153846 0.25
0 0.9146634615384616 0.03125 0.1658653846153846 0.0625
0 0.42788461538461536 0.7163461538461539 0.07451923076923077 0.08173076923076923
0 0.13701923076923078 0.5793269230769231 0.14903846153846154 0.19230769230769232
0 0.7451923076923077 0.8942307692307693 0.04807692307692308 0.057692307692307696
0 0.5144230769230769 0.7788461538461539 0.028846153846153848 0.03125
0 0.8173076923076923 0.8028846153846154 0.026442307692307692 0.038461538461538464
0 0.9591346153846154 0.7067307692307693 0.026442307692307692 0.038461538461538464
0 0.8918269230769231 0.7403846153846154 0.021634615384615384 0.038461538461538464
0 0.9086538461538461 0.7716346153846154 0.028846153846153848 0.03365384615384615