0 0.03245192307692308 0.20552884615384615 0.06490384615384616 0.28125
0 0.8185096153846154 0.15144230769230768 0.18028846153846154 0.27403846153846156
0 0.07932692307692307 0.7884615384615384 0.07211538461538461 0.09375
0 0.1658653846153846 0.7956730769230769 0.06490384615384616 0.07932692307692307
0 0.2860576923076923 0.8245192307692307 0.04567307692307692 0.06971153846153846
0 0.3798076923076923 0.8197115384615384 0.05048076923076923 0.07451923076923077
0 0.46875 0.8149038461538461 0.04567307692307692 0.057692307692307696
0 0.33653846153846156 0.8269230769230769 0.038461538461538464 0.06009615384615385
0 0.20673076923076922 0.8100961538461539 0.03365384615384615 0.07451923076923077
0 0.004807692307692308 0.8161057692307693 0.009615384615384616 0.05048076923076923
0 0.7692307692307693 0.7151442307692307 0.052884615384615384 0.05048076923076923
0 0.8737980769230769 0.7091346153846154 0.05048076923076923 0.038461538461538464
0 0.9591346153846154 0.7079326923076923 0.04807692307692308 0.036057692307692304