0 0.2980769230769231 0.08413461538461539 0.13221153846153846 0.13221153846153846
0 0.6201923076923077 0.5817307692307693 0.15865384615384615 0.09134615384615384
0 0.6466346153846154 0.3269230769230769 0.10817307692307693 0.10336538461538461
0 0.7283653846153846 0.25240384615384615 0.055288461538461536 0.08413461538461539
0 0.6466346153846154 0.4879807692307692 0.10576923076923077 0.10817307692307693
0 0.8846153846153846 0.45913461538461536 0.07692307692307693 0.07692307692307693
1 0.8677884615384616 0.27884615384615385 0.06009615384615385 0.0673076923076923
0 0.15384615384615385 0.7980769230769231 0.3076923076923077 0.20192307692307693
0 0.15625 0.6646634615384616 0.3125 0.06971153846153846
0 0.6875 0.6454326923076923 0.14423076923076922 0.03125
0 0.5192307692307693 0.6418269230769231 0.038461538461538464 0.02403846153846154