0 0.3629807692307692 0.12980769230769232 0.06971153846153846 0.09375
0 0.05048076923076923 0.07932692307692307 0.03125 0.040865384615384616
0 0.11298076923076923 0.0985576923076923 0.05048076923076923 0.04567307692307692
0 0.11057692307692307 0.0673076923076923 0.04326923076923077 0.03365384615384615
0 0.11057692307692307 0.040865384615384616 0.03365384615384615 0.03365384615384615
0 0.8918269230769231 0.15865384615384615 0.0625 0.0673076923076923
0 0.5733173076923077 0.0625 0.05048076923076923 0.07211538461538461
0 0.8701923076923077 0.21875 0.0625 0.055288461538461536
0 0.234375 0.5192307692307693 0.10336538461538461 0.10096153846153846
0 0.4519230769230769 0.4951923076923077 0.052884615384615384 0.052884615384615384
0 0.41346153846153844 0.5096153846153846 0.03365384615384615 0.040865384615384616
0 0.32211538461538464 0.5192307692307693 0.03365384615384615 0.028846153846153848
0 0.4891826923076923 0.4963942307692308 0.036057692307692304 0.055288461538461536
0 0.5336538461538461 0.5144230769230769 0.021634615384615384 0.03365384615384615
0 0.7079326923076923 0.5264423076923077 0.11778846153846154 0.11538461538461539
0 0.9723557692307693 0.5096153846153846 0.05048076923076923 0.08173076923076923