0 0.07932692307692307 0.1971153846153846 0.0673076923076923 0.07451923076923077
0 0.18509615384615385 0.18990384615384615 0.11057692307692307 0.14903846153846154
0 0.25961538461538464 0.2091346153846154 0.06009615384615385 0.07451923076923077
0 0.4014423076923077 0.2091346153846154 0.07451923076923077 0.0985576923076923
0 0.4699519230769231 0.18870192307692307 0.09375 0.15144230769230768
0 0.8774038461538461 0.10336538461538461 0.19230769230769232 0.20432692307692307
0 0.6370192307692307 0.06971153846153846 0.0889423076923077 0.09615384615384616
0 0.039663461538461536 0.9867788461538461 0.04567307692307692 0.021634615384615384
0 0.003605769230769231 0.8918269230769231 0.007211538461538462 0.04326923076923077
0 0.5805288461538461 0.7247596153846154 0.12259615384615384 0.17067307692307693
0 0.8653846153846154 0.8052884615384616 0.06490384615384616 0.0673076923076923
0 0.71875 0.7740384615384616 0.1201923076923077 0.13942307692307693
0 0.8629807692307693 0.8653846153846154 0.09375 0.07932692307692307