0 0.17548076923076922 0.34615384615384615 0.11538461538461539 0.1346153846153846
0 0.39903846153846156 0.23557692307692307 0.04567307692307692 0.0673076923076923
0 0.1658653846153846 0.24278846153846154 0.04567307692307692 0.04807692307692308
0 0.24519230769230768 0.2548076923076923 0.02403846153846154 0.03365384615384615
0 0.1201923076923077 0.25721153846153844 0.038461538461538464 0.04567307692307692
0 0.6802884615384616 0.3076923076923077 0.09134615384615384 0.10576923076923077
0 0.5336538461538461 0.2776442307692308 0.09134615384615384 0.14182692307692307
0 0.8293269230769231 0.27884615384615385 0.07211538461538461 0.10576923076923077
0 0.9675480769230769 0.2800480769230769 0.06009615384615385 0.11778846153846154
0 0.9483173076923077 0.7403846153846154 0.06490384615384616 0.08173076923076923
0 0.6021634615384616 0.7067307692307693 0.05048076923076923 0.014423076923076924