0 0.5697115384615384 0.03245192307692308 0.057692307692307696 0.06490384615384616
0 0.40865384615384615 0.09615384615384616 0.04326923076923077 0.052884615384615384
0 0.6322115384615384 0.06009615384615385 0.03125 0.04567307692307692
0 0.6838942307692307 0.06850961538461539 0.026442307692307692 0.05048076923076923
0 0.5168269230769231 0.10817307692307693 0.038461538461538464 0.0625
0 0.9651442307692307 0.359375 0.06490384615384616 0.08413461538461539
0 0.7259615384615384 0.16105769230769232 0.03365384615384615 0.04326923076923077
0 0.4543269230769231 0.9206730769230769 0.04807692307692308 0.0673076923076923
0 0.12740384615384615 0.9230769230769231 0.04567307692307692 0.06009615384615385
0 0.30528846153846156 0.9230769230769231 0.04567307692307692 0.057692307692307696
0 0.057692307692307696 0.9254807692307693 0.040865384615384616 0.05048076923076923
0 0.22596153846153846 0.9278846153846154 0.03125 0.04567307692307692
0 0.39663461538461536 0.9182692307692307 0.028846153846153848 0.04807692307692308
0 0.37259615384615385 0.9302884615384616 0.040865384615384616 0.057692307692307696