0 0.8100961538461539 0.2692307692307692 0.07211538461538461 0.08173076923076923
0 0.4375 0.23076923076923078 0.038461538461538464 0.08173076923076923
0 0.7860576923076923 0.21153846153846154 0.040865384615384616 0.038461538461538464
0 0.9915865384615384 0.21995192307692307 0.01201923076923077 0.040865384615384616
1 0.6033653846153846 0.2403846153846154 0.0625 0.055288461538461536
1 0.6586538461538461 0.21153846153846154 0.057692307692307696 0.052884615384615384
1 0.7283653846153846 0.21875 0.05048076923076923 0.04567307692307692
1 0.90625 0.22596153846153846 0.06009615384615385 0.06009615384615385
1 0.9447115384615384 0.25 0.04326923076923077 0.06009615384615385
0 0.9711538461538461 0.1875 0.036057692307692304 0.03365384615384615
1 0.8701923076923077 0.17548076923076922 0.026442307692307692 0.03365384615384615
1 0.9110576923076923 0.16346153846153846 0.028846153846153848 0.036057692307692304
1 0.9375 0.16826923076923078 0.02403846153846154 0.03125
1 0.8028846153846154 0.18509615384615385 0.028846153846153848 0.03125
0 0.27163461538461536 0.8533653846153846 0.07211538461538461 0.08173076923076923
0 0.24759615384615385 0.7956730769230769 0.040865384615384616 0.038461538461538464
1 0.06490384615384616 0.8245192307692307 0.0625 0.055288461538461536
1 0.1201923076923077 0.7956730769230769 0.057692307692307696 0.052884615384615384
1 0.18990384615384615 0.8028846153846154 0.05048076923076923 0.04567307692307692
1 0.36778846153846156 0.8100961538461539 0.06009615384615385 0.06009615384615385
1 0.40024038461538464 0.8341346153846154 0.03125 0.0625
1 0.3317307692307692 0.7596153846153846 0.026442307692307692 0.03365384615384615
1 0.37259615384615385 0.7475961538461539 0.028846153846153848 0.036057692307692304
1 0.39903846153846156 0.7524038461538461 0.02403846153846154 0.03125
1 0.2644230769230769 0.7692307692307693 0.028846153846153848 0.03125
0 0.5540865384615384 0.5336538461538461 0.05048076923076923 0.028846153846153848
0 0.8629807692307693 0.5697115384615384 0.052884615384615384 0.06009615384615385
0 0.8425480769230769 0.5384615384615384 0.055288461538461536 0.038461538461538464