0 0.03485576923076923 0.375 0.06971153846153846 0.21634615384615385
1 0.25 0.3918269230769231 0.18028846153846154 0.23798076923076922
0 0.6802884615384616 0.21634615384615385 0.0889423076923077 0.10336538461538461
0 0.4951923076923077 0.21153846153846154 0.08653846153846154 0.1201923076923077
0 0.8774038461538461 0.21153846153846154 0.09375 0.1346153846153846
1 0.03245192307692308 0.7247596153846154 0.06490384615384616 0.09375
1 0.19471153846153846 0.7283653846153846 0.07451923076923077 0.10817307692307693
1 0.31971153846153844 0.7403846153846154 0.040865384615384616 0.052884615384615384
1 0.15384615384615385 0.7668269230769231 0.03365384615384615 0.04326923076923077
0 0.5913461538461539 0.8798076923076923 0.07692307692307693 0.057692307692307696
0 0.6923076923076923 0.8918269230769231 0.07692307692307693 0.0673076923076923
0 0.9423076923076923 0.9302884615384616 0.055288461538461536 0.04567307692307692
0 0.9567307692307693 0.8317307692307693 0.08173076923076923 0.0625
0 0.9567307692307693 0.6502403846153846 0.08173076923076923 0.021634615384615384