0 0.4182692307692308 0.06490384615384616 0.07692307692307693 0.08173076923076923
0 0.2644230769230769 0.10576923076923077 0.0625 0.07692307692307693
0 0.09134615384615384 0.0985576923076923 0.06490384615384616 0.07692307692307693
0 0.17067307692307693 0.0985576923076923 0.05048076923076923 0.07211538461538461
0 0.3798076923076923 0.07211538461538461 0.05048076923076923 0.07692307692307693
0 0.0625 0.0985576923076923 0.040865384615384616 0.06971153846153846
0 0.31490384615384615 0.11057692307692307 0.028846153846153848 0.04326923076923077
0 0.640625 0.046875 0.07451923076923077 0.09375
1 0.9771634615384616 0.06971153846153846 0.040865384615384616 0.09134615384615384
1 0.9230769230769231 0.10817307692307693 0.0625 0.07451923076923077
1 0.5745192307692307 0.06971153846153846 0.05048076923076923 0.0673076923076923
1 0.6899038461538461 0.09134615384615384 0.04567307692307692 0.06490384615384616
1 0.7475961538461539 0.10096153846153846 0.03365384615384615 0.04567307692307692
1 0.7908653846153846 0.11538461538461539 0.03125 0.04567307692307692
1 0.8293269230769231 0.10576923076923077 0.03365384615384615 0.040865384615384616
0 0.6009615384615384 0.7548076923076923 0.18990384615384615 0.20192307692307693
0 0.6021634615384616 0.5108173076923077 0.19471153846153846 0.06490384615384616