0 0.1466346153846154 0.07451923076923077 0.07211538461538461 0.0985576923076923
1 0.49759615384615385 0.10096153846153846 0.0673076923076923 0.0889423076923077
1 0.43028846153846156 0.13942307692307693 0.0625 0.07451923076923077
1 0.08173076923076923 0.10096153846153846 0.05048076923076923 0.0673076923076923
1 0.1971153846153846 0.12259615384615384 0.04567307692307692 0.06490384615384616
1 0.2548076923076923 0.13221153846153846 0.03365384615384615 0.04567307692307692
1 0.2980769230769231 0.1466346153846154 0.03125 0.04567307692307692
1 0.33653846153846156 0.13701923076923078 0.03365384615384615 0.040865384615384616
1 0.5841346153846154 0.140625 0.02403846153846154 0.06009615384615385
0 0.7740384615384616 0.22115384615384615 0.14182692307692307 0.16826923076923078
0 0.9663461538461539 0.21995192307692307 0.0625 0.15144230769230768
0 0.36778846153846156 0.8293269230769231 0.0673076923076923 0.08653846153846154
0 0.038461538461538464 0.7331730769230769 0.03125 0.02403846153846154
0 0.9242788461538461 0.6875 0.11778846153846154 0.09615384615384616
0 0.6899038461538461 0.7427884615384616 0.08173076923076923 0.0889423076923077