0 0.019230769230769232 0.3389423076923077 0.038461538461538464 0.052884615384615384
0 0.08653846153846154 0.3245192307692308 0.04807692307692308 0.04567307692307692
0 0.2091346153846154 0.34615384615384615 0.040865384615384616 0.055288461538461536
0 0.2860576923076923 0.31009615384615385 0.040865384615384616 0.04807692307692308
0 0.4014423076923077 0.3004807692307692 0.04326923076923077 0.05048076923076923
1 0.9423076923076923 0.06610576923076923 0.11057692307692307 0.13221153846153846
1 0.8209134615384616 0.040865384615384616 0.08413461538461539 0.08173076923076923
1 0.6814903846153846 0.03245192307692308 0.11778846153846154 0.06490384615384616
1 0.2692307692307692 0.8798076923076923 0.05048076923076923 0.0673076923076923
1 0.15865384615384615 0.8557692307692307 0.05048076923076923 0.0625
1 0.055288461538461536 0.8557692307692307 0.040865384615384616 0.06490384615384616
1 0.21875 0.8798076923076923 0.04567307692307692 0.06490384615384616
1 0.38461538461538464 0.8653846153846154 0.03365384615384615 0.04326923076923077
1 0.3942307692307692 0.8966346153846154 0.04807692307692308 0.05048076923076923
1 0.9783653846153846 0.5552884615384616 0.038461538461538464 0.08653846153846154
1 0.8269230769230769 0.5769230769230769 0.07932692307692307 0.08653846153846154
1 0.7307692307692307 0.5865384615384616 0.06971153846153846 0.08173076923076923
1 0.6610576923076923 0.5769230769230769 0.052884615384615384 0.07451923076923077