0 0.3293269230769231 0.14423076923076922 0.028846153846153848 0.026442307692307692
0 0.3485576923076923 0.2956730769230769 0.03125 0.028846153846153848
0 0.3125 0.27163461538461536 0.021634615384615384 0.028846153846153848
0 0.33413461538461536 0.27884615384615385 0.021634615384615384 0.02403846153846154
0 0.8088942307692307 0.3858173076923077 0.10336538461538461 0.06009615384615385
0 0.9411057692307693 0.3870192307692308 0.0985576923076923 0.057692307692307696
0 0.11057692307692307 0.49278846153846156 0.07211538461538461 0.07692307692307693
0 0.9675480769230769 0.65625 0.06009615384615385 0.08173076923076923
0 0.5552884615384616 0.6153846153846154 0.08173076923076923 0.08653846153846154
0 0.9134615384615384 0.6850961538461539 0.0673076923076923 0.07451923076923077
0 0.8293269230769231 0.6923076923076923 0.0625 0.0673076923076923