0 0.40865384615384615 0.22115384615384615 0.07451923076923077 0.07692307692307693
0 0.5204326923076923 0.390625 0.03125 0.06971153846153846
0 0.0889423076923077 0.21875 0.05048076923076923 0.052884615384615384
0 0.019230769230769232 0.31009615384615385 0.038461538461538464 0.052884615384615384
0 0.35096153846153844 0.2548076923076923 0.08413461538461539 0.08173076923076923
0 0.07211538461538461 0.2980769230769231 0.03365384615384615 0.04567307692307692
0 0.37259615384615385 0.31009615384615385 0.05048076923076923 0.06009615384615385
0 0.1971153846153846 0.3004807692307692 0.04807692307692308 0.05048076923076923
0 0.40865384615384615 0.015625 0.07692307692307693 0.03125
0 0.0889423076923077 0.010817307692307692 0.052884615384615384 0.021634615384615384
0 0.8293269230769231 0.47836538461538464 0.04326923076923077 0.038461538461538464
0 0.9807692307692307 0.44350961538461536 0.03365384615384615 0.05048076923076923
0 0.6778846153846154 0.39903846153846156 0.03125 0.036057692307692304
0 0.7283653846153846 0.7548076923076923 0.08413461538461539 0.09615384615384616
0 0.9230769230769231 0.71875 0.057692307692307696 0.08173076923076923
0 0.8365384615384616 0.7163461538461539 0.038461538461538464 0.055288461538461536