1 0.2668269230769231 0.09615384615384616 0.12259615384615384 0.16105769230769232
1 0.3581730769230769 0.06971153846153846 0.08173076923076923 0.11298076923076923
1 0.08173076923076923 0.11778846153846154 0.10336538461538461 0.125
1 0.5192307692307693 0.11057692307692307 0.057692307692307696 0.0625
1 0.8389423076923077 0.10576923076923077 0.04567307692307692 0.055288461538461536
1 0.6298076923076923 0.125 0.028846153846153848 0.038461538461538464
1 0.6658653846153846 0.12259615384615384 0.028846153846153848 0.036057692307692304
1 0.7211538461538461 0.125 0.03125 0.036057692307692304
1 0.7451923076923077 0.1201923076923077 0.021634615384615384 0.036057692307692304
1 0.8028846153846154 0.11778846153846154 0.03365384615384615 0.04326923076923077
1 0.9302884615384616 0.12980769230769232 0.040865384615384616 0.04567307692307692
1 0.984375 0.1346153846153846 0.026442307692307692 0.04326923076923077
1 0.5576923076923077 0.1201923076923077 0.026442307692307692 0.04326923076923077
0 0.6274038461538461 0.5456730769230769 0.09134615384615384 0.11778846153846154
0 0.8990384615384616 0.5144230769230769 0.09615384615384616 0.07211538461538461