0 0.19951923076923078 0.11057692307692307 0.05048076923076923 0.06009615384615385
0 0.33653846153846156 0.11538461538461539 0.052884615384615384 0.057692307692307696
0 0.06009615384615385 0.11298076923076923 0.05048076923076923 0.0625
0 0.010817307692307692 0.11177884615384616 0.021634615384615384 0.055288461538461536
0 0.026442307692307692 0.11298076923076923 0.021634615384615384 0.04807692307692308
0 0.14423076923076922 0.11778846153846154 0.04326923076923077 0.057692307692307696
0 0.6983173076923077 0.02403846153846154 0.07932692307692307 0.04807692307692308
0 0.9699519230769231 0.8233173076923077 0.055288461538461536 0.06971153846153846
0 0.8100961538461539 0.7644230769230769 0.057692307692307696 0.06009615384615385
0 0.6274038461538461 0.9350961538461539 0.06490384615384616 0.05048076923076923
0 0.8112980769230769 0.5444711538461539 0.06009615384615385 0.05048076923076923