0 0.27403846153846156 0.3004807692307692 0.0673076923076923 0.052884615384615384
0 0.49759615384615385 0.04807692307692308 0.06490384615384616 0.07932692307692307
0 0.5709134615384616 0.040865384615384616 0.0985576923076923 0.08173076923076923
0 0.8954326923076923 0.037259615384615384 0.12259615384615384 0.07451923076923077
0 0.7259615384615384 0.06490384615384616 0.14423076923076922 0.12980769230769232
0 0.6514423076923077 0.05048076923076923 0.055288461538461536 0.08413461538461539
0 0.84375 0.05048076923076923 0.0673076923076923 0.0985576923076923
0 0.28846153846153844 0.5216346153846154 0.055288461538461536 0.07451923076923077
0 0.36538461538461536 0.5120192307692307 0.03365384615384615 0.040865384615384616
0 0.8822115384615384 0.5552884615384616 0.10817307692307693 0.14903846153846154
0 0.4014423076923077 0.6009615384615384 0.02403846153846154 0.12980769230769232
0 0.6802884615384616 0.6129807692307693 0.10096153846153846 0.125
0 0.5745192307692307 0.5745192307692307 0.10096153846153846 0.12980769230769232