0 0.35096153846153844 0.2956730769230769 0.1346153846153846 0.13701923076923078
0 0.8858173076923077 0.27524038461538464 0.22355769230769232 0.29086538461538464
0 0.8858173076923077 0.0673076923076923 0.22355769230769232 0.1346153846153846
0 0.13701923076923078 0.9182692307692307 0.0673076923076923 0.08653846153846154
1 0.875 0.7932692307692307 0.07211538461538461 0.09375
1 0.5336538461538461 0.7596153846153846 0.07451923076923077 0.09615384615384616
1 0.9903846153846154 0.7644230769230769 0.014423076923076924 0.08173076923076923
1 0.6730769230769231 0.7980769230769231 0.057692307692307696 0.07932692307692307
1 0.7716346153846154 0.8269230769230769 0.055288461538461536 0.07211538461538461
1 0.6346153846153846 0.8149038461538461 0.03365384615384615 0.057692307692307696
1 0.4879807692307692 0.8076923076923077 0.04326923076923077 0.057692307692307696