0 0.08653846153846154 0.35336538461538464 0.125 0.15865384615384615
0 0.28365384615384615 0.3942307692307692 0.15625 0.15865384615384615
0 0.8365384615384616 0.16826923076923078 0.0673076923076923 0.06971153846153846
0 0.6850961538461539 0.17307692307692307 0.06009615384615385 0.057692307692307696
0 0.5360576923076923 0.17307692307692307 0.057692307692307696 0.057692307692307696
0 0.1658653846153846 0.6490384615384616 0.1778846153846154 0.2403846153846154
0 0.3112980769230769 0.5901442307692307 0.16105769230769232 0.14182692307692307
0 0.9110576923076923 0.5889423076923077 0.12980769230769232 0.08173076923076923
0 0.7596153846153846 0.5793269230769231 0.08413461538461539 0.0673076923076923
0 0.9122596153846154 0.5324519230769231 0.13221153846153846 0.026442307692307692
0 0.7596153846153846 0.5336538461538461 0.08653846153846154 0.028846153846153848