0 0.04567307692307692 0.06850961538461539 0.09134615384615384 0.13701923076923078
1 0.7091346153846154 0.28846153846153844 0.10576923076923077 0.10096153846153846
1 0.9903846153846154 0.30528846153846156 0.014423076923076924 0.057692307692307696
1 0.9543269230769231 0.30288461538461536 0.057692307692307696 0.08413461538461539
1 0.9134615384615384 0.2980769230769231 0.03365384615384615 0.08413461538461539
1 0.36177884615384615 0.5552884615384616 0.16105769230769232 0.09134615384615384
1 0.24519230769230768 0.5889423076923077 0.11778846153846154 0.15865384615384615
1 0.04326923076923077 0.625 0.0625 0.07451923076923077
1 0.1346153846153846 0.59375 0.11298076923076923 0.14182692307692307
1 0.18990384615384615 0.5913461538461539 0.11778846153846154 0.14423076923076922
0 0.7115384615384616 0.8052884615384616 0.08413461538461539 0.07932692307692307