0 0.015625 0.31971153846153844 0.03125 0.07211538461538461
0 0.3317307692307692 0.3076923076923077 0.09375 0.09615384615384616
0 0.46875 0.3076923076923077 0.03365384615384615 0.07692307692307693
0 0.16346153846153846 0.31971153846153844 0.04567307692307692 0.06971153846153846
0 0.19951923076923078 0.3173076923076923 0.04807692307692308 0.07451923076923077
0 0.8389423076923077 0.20673076923076922 0.1875 0.1658653846153846
0 0.27524038461538464 0.39783653846153844 0.07932692307692307 0.07932692307692307
0 0.359375 0.40384615384615385 0.08413461538461539 0.09134615384615384
0 0.4326923076923077 0.40024038461538464 0.10576923076923077 0.08413461538461539
1 0.15264423076923078 0.4098557692307692 0.1658653846153846 0.10336538461538461
1 0.41225961538461536 0.5745192307692307 0.1466346153846154 0.2932692307692308
0 0.9086538461538461 0.46033653846153844 0.1778846153846154 0.20432692307692307