1 0.7439903846153846 0.006009615384615385 0.05048076923076923 0.01201923076923077
1 0.5709134615384616 0.015625 0.055288461538461536 0.03125
1 0.6622596153846154 0.007211538461538462 0.055288461538461536 0.014423076923076924
1 0.5096153846153846 0.015625 0.0625 0.03125
0 0.28365384615384615 0.46875 0.15625 0.13942307692307693
0 0.7283653846153846 0.4495192307692308 0.05048076923076923 0.07211538461538461
0 0.5060096153846154 0.4675480769230769 0.055288461538461536 0.07932692307692307
0 0.9302884615384616 0.4495192307692308 0.04567307692307692 0.06490384615384616
0 0.6274038461538461 0.4639423076923077 0.05048076923076923 0.0625
0 0.8221153846153846 0.44471153846153844 0.04567307692307692 0.06009615384615385
0 0.5408653846153846 0.45913461538461536 0.03365384615384615 0.05048076923076923