0 0.5588942307692307 0.12620192307692307 0.036057692307692304 0.07451923076923077
0 0.03125 0.12259615384615384 0.052884615384615384 0.05048076923076923
0 0.17307692307692307 0.14423076923076922 0.04807692307692308 0.04326923076923077
0 0.21394230769230768 0.13701923076923078 0.028846153846153848 0.04807692307692308
0 0.3004807692307692 0.1466346153846154 0.052884615384615384 0.04807692307692308
0 0.4495192307692308 0.1346153846153846 0.06009615384615385 0.057692307692307696
0 0.6983173076923077 0.44350961538461536 0.07932692307692307 0.04567307692307692
1 0.12620192307692307 0.5264423076923077 0.15144230769230768 0.11538461538461539
1 0.36778846153846156 0.5384615384615384 0.14423076923076922 0.13942307692307693
1 0.5252403846153846 0.5564903846153846 0.10336538461538461 0.15144230769230768
0 0.6153846153846154 0.5721153846153846 0.07211538461538461 0.20673076923076922
0 0.7728365384615384 0.5420673076923077 0.20432692307692307 0.1466346153846154
0 0.8461538461538461 0.5012019230769231 0.18269230769230768 0.06490384615384616
0 0.9567307692307693 0.5168269230769231 0.08173076923076923 0.09615384615384616