1 0.25961538461538464 0.021634615384615384 0.11057692307692307 0.04326923076923077
1 0.5492788461538461 0.036057692307692304 0.06490384615384616 0.07211538461538461
1 0.8701923076923077 0.020432692307692308 0.057692307692307696 0.040865384615384616
1 0.6911057692307693 0.028846153846153848 0.055288461538461536 0.057692307692307696
1 0.8293269230769231 0.038461538461538464 0.036057692307692304 0.057692307692307696
1 0.48677884615384615 0.015625 0.03125 0.03125
1 0.21153846153846154 0.7980769230769231 0.052884615384615384 0.06490384615384616
1 0.018028846153846152 0.8161057692307693 0.036057692307692304 0.055288461538461536
1 0.04807692307692308 0.8100961538461539 0.036057692307692304 0.04326923076923077
1 0.1201923076923077 0.8100961538461539 0.038461538461538464 0.052884615384615384
1 0.14903846153846154 0.8173076923076923 0.03125 0.040865384615384616
1 0.30528846153846156 0.8173076923076923 0.05048076923076923 0.06009615384615385
1 0.27884615384615385 0.8028846153846154 0.03365384615384615 0.055288461538461536
1 0.3557692307692308 0.8149038461538461 0.03365384615384615 0.04567307692307692
1 0.4375 0.7932692307692307 0.05048076923076923 0.057692307692307696
0 0.8125 0.6418269230769231 0.0673076923076923 0.0673076923076923
0 0.8365384615384616 0.7980769230769231 0.12980769230769232 0.15865384615384615
1 0.875 0.5024038461538461 0.04807692307692308 0.04567307692307692