0 0.13942307692307693 0.19230769230769232 0.04567307692307692 0.0673076923076923
0 0.5889423076923077 0.1658653846153846 0.040865384615384616 0.0673076923076923
0 0.18990384615384615 0.17307692307692307 0.04567307692307692 0.06009615384615385
0 0.27884615384615385 0.18269230769230768 0.04326923076923077 0.06490384615384616
0 0.3485576923076923 0.1778846153846154 0.04567307692307692 0.06009615384615385
0 0.4230769230769231 0.17548076923076922 0.04567307692307692 0.057692307692307696
0 0.5216346153846154 0.18269230769230768 0.04807692307692308 0.06971153846153846
0 0.2548076923076923 0.1778846153846154 0.04326923076923077 0.06971153846153846
0 0.875 0.36538461538461536 0.0625 0.0673076923076923
0 0.5793269230769231 0.7884615384615384 0.06971153846153846 0.0889423076923077
0 0.1201923076923077 0.7764423076923077 0.057692307692307696 0.06971153846153846
0 0.3918269230769231 0.7475961538461539 0.057692307692307696 0.07451923076923077
0 0.2668269230769231 0.7668269230769231 0.057692307692307696 0.06490384615384616
0 0.5240384615384616 0.7475961538461539 0.05048076923076923 0.0673076923076923
0 0.3317307692307692 0.7716346153846154 0.04807692307692308 0.06009615384615385
0 0.47836538461538464 0.7572115384615384 0.038461538461538464 0.04807692307692308
0 0.055288461538461536 0.7932692307692307 0.03365384615384615 0.04326923076923077