0 0.4567307692307692 0.33653846153846156 0.10096153846153846 0.1346153846153846
0 0.014423076923076924 0.28846153846153844 0.028846153846153848 0.16826923076923078
0 0.3173076923076923 0.36538461538461536 0.0673076923076923 0.09375
0 0.21634615384615385 0.3317307692307692 0.08413461538461539 0.12259615384615384
0 0.09615384615384616 0.33413461538461536 0.12259615384615384 0.1658653846153846
0 0.3942307692307692 0.45552884615384615 0.1346153846153846 0.12259615384615384
0 0.09735576923076923 0.006009615384615385 0.12740384615384615 0.01201923076923077
0 0.7596153846153846 0.08533653846153846 0.19230769230769232 0.17067307692307693
0 0.5528846153846154 0.14423076923076922 0.08653846153846154 0.17307692307692307
0 0.6610576923076923 0.7307692307692307 0.0673076923076923 0.057692307692307696
0 0.7932692307692307 0.8052884615384616 0.0625 0.0673076923076923
0 0.5817307692307693 0.7644230769230769 0.038461538461538464 0.038461538461538464
0 0.7283653846153846 0.7307692307692307 0.04807692307692308 0.052884615384615384