1 0.5432692307692307 0.1466346153846154 0.052884615384615384 0.0625
1 0.14182692307692307 0.15384615384615385 0.04567307692307692 0.06009615384615385
1 0.34615384615384615 0.12740384615384615 0.04567307692307692 0.0673076923076923
1 0.28125 0.1201923076923077 0.038461538461538464 0.052884615384615384
1 0.4831730769230769 0.14182692307692307 0.040865384615384616 0.052884615384615384
1 0.6298076923076923 0.1502403846153846 0.014423076923076924 0.040865384615384616
1 0.17307692307692307 0.15625 0.038461538461538464 0.05048076923076923
0 0.7908653846153846 0.31490384615384615 0.10576923076923077 0.11057692307692307
0 0.042067307692307696 0.6526442307692307 0.08413461538461539 0.11298076923076923
0 0.16706730769230768 0.515625 0.07932692307692307 0.03125
0 0.30288461538461536 0.6394230769230769 0.10817307692307693 0.11057692307692307
0 0.5817307692307693 0.5925480769230769 0.11057692307692307 0.10817307692307693
0 0.5552884615384616 0.53125 0.09615384615384616 0.0625
0 0.5793269230769231 0.8581730769230769 0.11538461538461539 0.15865384615384615
0 0.7692307692307693 0.8317307692307693 0.11298076923076923 0.13221153846153846