0 0.15985576923076922 0.03245192307692308 0.06009615384615385 0.06490384615384616
0 0.359375 0.02403846153846154 0.06009615384615385 0.04807692307692308
1 0.7067307692307693 0.08173076923076923 0.07451923076923077 0.09375
1 0.8461538461538461 0.07932692307692307 0.04567307692307692 0.07451923076923077
1 0.9747596153846154 0.09134615384615384 0.04567307692307692 0.0673076923076923
1 0.4543269230769231 0.078125 0.028846153846153848 0.055288461538461536
1 0.5 0.07211538461538461 0.028846153846153848 0.03125
1 0.6274038461538461 0.08413461538461539 0.03365384615384615 0.04807692307692308
1 0.5913461538461539 0.09134615384615384 0.026442307692307692 0.04807692307692308
0 0.4951923076923077 0.6586538461538461 0.06009615384615385 0.07451923076923077
1 0.6225961538461539 0.6754807692307693 0.052884615384615384 0.057692307692307696
1 0.9819711538461539 0.625 0.03125 0.0625
1 0.7115384615384616 0.6754807692307693 0.038461538461538464 0.04567307692307692
1 0.8221153846153846 0.65625 0.04807692307692308 0.04807692307692308
1 0.8990384615384616 0.6442307692307693 0.04807692307692308 0.052884615384615384