0 0.30528846153846156 0.15384615384615385 0.19230769230769232 0.25961538461538464
0 0.41586538461538464 0.30528846153846156 0.014423076923076924 0.0673076923076923
1 0.4639423076923077 0.2764423076923077 0.0625 0.06971153846153846
1 0.71875 0.25 0.07451923076923077 0.09615384615384616
1 0.8581730769230769 0.28846153846153844 0.057692307692307696 0.07932692307692307
1 0.9567307692307693 0.3173076923076923 0.055288461538461536 0.07211538461538461
1 0.6129807692307693 0.31009615384615385 0.057692307692307696 0.07692307692307693
0 0.5745192307692307 0.3125 0.028846153846153848 0.04567307692307692
1 0.8197115384615384 0.30528846153846156 0.03365384615384615 0.057692307692307696
1 0.6730769230769231 0.2980769230769231 0.04326923076923077 0.057692307692307696
0 0.4170673076923077 0.02403846153846154 0.016826923076923076 0.04807692307692308
1 0.4639423076923077 0.040865384615384616 0.0625 0.06971153846153846
1 0.71875 0.0673076923076923 0.07451923076923077 0.09615384615384616
1 0.9579326923076923 0.020432692307692308 0.06009615384615385 0.040865384615384616
1 0.6129807692307693 0.025240384615384616 0.0625 0.05048076923076923
0 0.5745192307692307 0.015625 0.03365384615384615 0.03125
1 0.8197115384615384 0.02283653846153846 0.038461538461538464 0.04567307692307692
0 0.20192307692307693 0.6971153846153846 0.057692307692307696 0.06971153846153846
0 0.3894230769230769 0.6778846153846154 0.03365384615384615 0.07692307692307693
0 0.9122596153846154 0.4362980769230769 0.13701923076923078 0.036057692307692304