0 0.22115384615384615 0.25 0.07692307692307693 0.09615384615384616
0 0.3269230769230769 0.2091346153846154 0.026442307692307692 0.04326923076923077
0 0.37259615384615385 0.1466346153846154 0.028846153846153848 0.03365384615384615
0 0.46875 0.11538461538461539 0.052884615384615384 0.07211538461538461
0 0.9879807692307693 0.028846153846153848 0.019230769230769232 0.057692307692307696
0 0.734375 0.007211538461538462 0.05048076923076923 0.014423076923076924
0 0.43509615384615385 0.6057692307692307 0.10336538461538461 0.11538461538461539
0 0.515625 0.5997596153846154 0.07932692307692307 0.13221153846153846
0 0.2620192307692308 0.7403846153846154 0.08413461538461539 0.12259615384615384
0 0.2620192307692308 0.9411057692307693 0.08653846153846154 0.11298076923076923
0 0.9362980769230769 0.484375 0.12259615384615384 0.0889423076923077