0 0.051682692307692304 0.2403846153846154 0.10336538461538461 0.1875
0 0.41466346153846156 0.19951923076923078 0.04567307692307692 0.10576923076923077
0 0.1778846153846154 0.19230769230769232 0.057692307692307696 0.07211538461538461
0 0.24278846153846154 0.19230769230769232 0.036057692307692304 0.06009615384615385
1 0.12259615384615384 0.2620192307692308 0.07692307692307693 0.125
1 0.19951923076923078 0.2860576923076923 0.0673076923076923 0.09615384615384616
1 0.2932692307692308 0.19471153846153846 0.03125 0.04326923076923077
1 0.3557692307692308 0.20432692307692307 0.04807692307692308 0.057692307692307696
0 0.054086538461538464 0.0673076923076923 0.10817307692307693 0.1346153846153846
0 0.41466346153846156 0.07932692307692307 0.04567307692307692 0.10576923076923077
0 0.1778846153846154 0.08653846153846154 0.057692307692307696 0.07211538461538461
0 0.24278846153846154 0.08653846153846154 0.036057692307692304 0.06009615384615385
1 0.12259615384615384 0.042067307692307696 0.08173076923076923 0.08413461538461539
1 0.19951923076923078 0.02283653846153846 0.07211538461538461 0.04567307692307692
1 0.2932692307692308 0.08413461538461539 0.03125 0.04326923076923077
1 0.3557692307692308 0.07451923076923077 0.04807692307692308 0.057692307692307696
0 0.5408653846153846 0.21153846153846154 0.0625 0.07932692307692307
0 0.7403846153846154 0.18509615384615385 0.052884615384615384 0.07211538461538461
0 0.8076923076923077 0.15144230769230768 0.07451923076923077 0.09375