0 0.17307692307692307 0.27163461538461536 0.04567307692307692 0.06009615384615385
1 0.009615384615384616 0.2932692307692308 0.019230769230769232 0.038461538461538464
1 0.21875 0.28125 0.038461538461538464 0.052884615384615384
0 0.7776442307692307 0.03125 0.07451923076923077 0.0625
0 0.6754807692307693 0.015625 0.0625 0.03125
0 0.7764423076923077 0.4495192307692308 0.07451923076923077 0.026442307692307692
1 0.36538461538461536 0.8221153846153846 0.0673076923076923 0.07692307692307693
1 0.8461538461538461 0.7668269230769231 0.055288461538461536 0.06971153846153846
1 0.5144230769230769 0.7644230769230769 0.052884615384615384 0.07451923076923077
1 0.44471153846153844 0.7956730769230769 0.04567307692307692 0.0625
1 0.6153846153846154 0.7836538461538461 0.03365384615384615 0.05048076923076923
1 0.7211538461538461 0.7932692307692307 0.057692307692307696 0.0673076923076923
1 0.5600961538461539 0.7932692307692307 0.04567307692307692 0.052884615384615384
1 0.9759615384615384 0.7752403846153846 0.04326923076923077 0.06490384615384616
1 0.9423076923076923 0.7524038461538461 0.038461538461538464 0.04807692307692308