0 0.328125 0.2704326923076923 0.0985576923076923 0.3485576923076923
0 0.5432692307692307 0.14903846153846154 0.06490384615384616 0.09375
0 0.6802884615384616 0.13701923076923078 0.07932692307692307 0.11057692307692307
0 0.4735576923076923 0.25240384615384615 0.11298076923076923 0.11298076923076923
0 0.9663461538461539 0.19831730769230768 0.0625 0.15625
0 0.7548076923076923 0.2548076923076923 0.11778846153846154 0.12259615384615384
0 0.11298076923076923 0.5961538461538461 0.08173076923076923 0.10336538461538461
0 0.2283653846153846 0.5889423076923077 0.0985576923076923 0.11057692307692307
0 0.4495192307692308 0.6586538461538461 0.09375 0.08653846153846154
0 0.7019230769230769 0.6995192307692307 0.06490384615384616 0.08653846153846154
0 0.4495192307692308 0.5372596153846154 0.09615384615384616 0.07451923076923077
0 0.7019230769230769 0.5168269230769231 0.0673076923076923 0.03365384615384615