0 0.1778846153846154 0.10576923076923077 0.3557692307692308 0.21153846153846154
0 0.8882211538461539 0.04326923076923077 0.07451923076923077 0.08653846153846154
0 0.6262019230769231 0.030048076923076924 0.06971153846153846 0.06009615384615385
0 0.7548076923076923 0.10336538461538461 0.07451923076923077 0.07932692307692307
0 0.59375 0.013221153846153846 0.04807692307692308 0.026442307692307692
0 0.12980769230769232 0.5528846153846154 0.25961538461538464 0.2692307692307692
0 0.6923076923076923 0.9014423076923077 0.05048076923076923 0.07692307692307693
0 0.9302884615384616 0.8798076923076923 0.04567307692307692 0.07211538461538461
0 0.7956730769230769 0.8966346153846154 0.04807692307692308 0.06490384615384616
0 0.9831730769230769 0.8894230769230769 0.028846153846153848 0.07211538461538461
0 0.8822115384615384 0.8918269230769231 0.04567307692307692 0.06971153846153846
0 0.9350961538461539 0.6346153846153846 0.04807692307692308 0.07211538461538461
0 0.5721153846153846 0.890625 0.04807692307692308 0.06490384615384616
0 0.6225961538461539 0.8677884615384616 0.04807692307692308 0.055288461538461536
0 0.65625 0.8245192307692307 0.038461538461538464 0.06009615384615385
0 0.7668269230769231 0.7764423076923077 0.04326923076923077 0.07451923076923077
0 0.8725961538461539 0.7620192307692307 0.036057692307692304 0.0625
0 0.9350961538461539 0.4338942307692308 0.052884615384615384 0.03125