1 0.43028846153846156 0.078125 0.10096153846153846 0.15625
0 0.5048076923076923 0.09134615384615384 0.10576923076923077 0.14423076923076922
0 0.6514423076923077 0.10096153846153846 0.06490384615384616 0.0889423076923077
0 0.78125 0.08413461538461539 0.08413461538461539 0.11057692307692307
0 0.9855769230769231 0.09495192307692307 0.02403846153846154 0.0985576923076923
0 0.8966346153846154 0.11778846153846154 0.0625 0.06971153846153846
0 0.06490384615384616 0.7019230769230769 0.03365384615384615 0.04567307692307692
0 0.2860576923076923 0.6875 0.036057692307692304 0.055288461538461536
0 0.15384615384615385 0.6826923076923077 0.03365384615384615 0.04567307692307692
0 0.7103365384615384 0.5048076923076923 0.11298076923076923 0.15384615384615385
0 0.9038461538461539 0.5168269230769231 0.11298076923076923 0.15384615384615385
0 0.5228365384615384 0.5024038461538461 0.13221153846153846 0.14903846153846154
0 0.9855769230769231 0.4891826923076923 0.02403846153846154 0.12259615384615384