0 0.19230769230769232 0.14903846153846154 0.10336538461538461 0.10817307692307693
0 0.8052884615384616 0.31490384615384615 0.06971153846153846 0.08173076923076923
0 0.125 0.7091346153846154 0.021634615384615384 0.03365384615384615
0 0.09615384615384616 0.7307692307692307 0.021634615384615384 0.021634615384615384
0 0.6610576923076923 0.6538461538461539 0.05048076923076923 0.06971153846153846
0 0.6225961538461539 0.6778846153846154 0.03365384615384615 0.040865384615384616
0 0.5396634615384616 0.6887019230769231 0.021634615384615384 0.03125
0 0.7860576923076923 0.6682692307692307 0.06971153846153846 0.0673076923076923
0 0.8629807692307693 0.6802884615384616 0.04567307692307692 0.06009615384615385
0 0.9783653846153846 0.6826923076923077 0.038461538461538464 0.09615384615384616
0 0.9278846153846154 0.6995192307692307 0.03125 0.04326923076923077
0 0.6971153846153846 0.6634615384615384 0.03365384615384615 0.055288461538461536
0 0.7427884615384616 0.6826923076923077 0.021634615384615384 0.03365384615384615