0 0.47836538461538464 0.34375 0.03125 0.03365384615384615
0 0.5913461538461539 0.21875 0.02403846153846154 0.03125
0 0.6370192307692307 0.24759615384615385 0.026442307692307692 0.03125
0 0.7692307692307693 0.24519230769230768 0.026442307692307692 0.03125
0 0.47836538461538464 0.46274038461538464 0.03365384615384615 0.026442307692307692
0 0.42427884615384615 0.6081730769230769 0.026442307692307692 0.09134615384615384
0 0.3870192307692308 0.6033653846153846 0.055288461538461536 0.08413461538461539
0 0.3269230769230769 0.59375 0.055288461538461536 0.09134615384615384
0 0.29086538461538464 0.5961538461538461 0.05048076923076923 0.09375
0 0.22355769230769232 0.6177884615384616 0.04567307692307692 0.06971153846153846
0 0.7211538461538461 0.6153846153846154 0.04326923076923077 0.04807692307692308