0 0.028846153846153848 0.3173076923076923 0.057692307692307696 0.07692307692307693
0 0.4879807692307692 0.3389423076923077 0.038461538461538464 0.07692307692307693
0 0.10817307692307693 0.32211538461538464 0.05048076923076923 0.0673076923076923
0 0.16826923076923078 0.34375 0.038461538461538464 0.05048076923076923
0 0.21634615384615385 0.33653846153846156 0.038461538461538464 0.05048076923076923
0 0.2548076923076923 0.34615384615384615 0.03125 0.05048076923076923
1 0.9483173076923077 0.052884615384615384 0.0985576923076923 0.10576923076923077
1 0.16105769230769232 0.59375 0.0625 0.08173076923076923
1 0.4807692307692308 0.5721153846153846 0.052884615384615384 0.0673076923076923
1 0.30288461538461536 0.5913461538461539 0.052884615384615384 0.06009615384615385
1 0.4423076923076923 0.6033653846153846 0.036057692307692304 0.057692307692307696
1 0.0985576923076923 0.5769230769230769 0.028846153846153848 0.03365384615384615
1 0.055288461538461536 0.5769230769230769 0.02403846153846154 0.028846153846153848