0 0.02283653846153846 0.24278846153846154 0.04567307692307692 0.10096153846153846
0 0.02403846153846154 0.027644230769230768 0.04807692307692308 0.055288461538461536
0 0.9399038461538461 0.13701923076923078 0.09375 0.12740384615384615
0 0.6129807692307693 0.15144230769230768 0.11057692307692307 0.13701923076923078
0 0.8100961538461539 0.1778846153846154 0.05048076923076923 0.0673076923076923
0 0.71875 0.18028846153846154 0.04567307692307692 0.0673076923076923
0 0.08052884615384616 0.5829326923076923 0.13221153846153846 0.12740384615384615
1 0.6490384615384616 0.6514423076923077 0.057692307692307696 0.06971153846153846
1 0.9759615384615384 0.6322115384615384 0.04567307692307692 0.06971153846153846
1 0.8966346153846154 0.6298076923076923 0.055288461538461536 0.052884615384615384
1 0.7475961538461539 0.625 0.04567307692307692 0.06971153846153846
1 0.5745192307692307 0.6153846153846154 0.04567307692307692 0.052884615384615384
0 0.6899038461538461 0.6009615384615384 0.038461538461538464 0.04807692307692308
1 0.6826923076923077 0.625 0.03365384615384615 0.04326923076923077
1 0.8197115384615384 0.6177884615384616 0.03365384615384615 0.052884615384615384
1 0.8725961538461539 0.6129807692307693 0.03365384615384615 0.057692307692307696
1 0.9375 0.6033653846153846 0.03125 0.038461538461538464