0 0.15144230769230768 0.1875 0.03125 0.036057692307692304
0 0.3004807692307692 0.21875 0.03365384615384615 0.03365384615384615
0 0.15144230769230768 0.8052884615384616 0.05048076923076923 0.07692307692307693
0 0.3894230769230769 0.7836538461538461 0.04567307692307692 0.07211538461538461
0 0.2548076923076923 0.8004807692307693 0.04807692307692308 0.06490384615384616
0 0.4519230769230769 0.7932692307692307 0.04807692307692308 0.06971153846153846
0 0.4675480769230769 0.6514423076923077 0.016826923076923076 0.07211538461538461
0 0.34134615384615385 0.7956730769230769 0.04567307692307692 0.06971153846153846
0 0.3954326923076923 0.5576923076923077 0.05048076923076923 0.038461538461538464
0 0.027644230769230768 0.7944711538461539 0.055288461538461536 0.06490384615384616
0 0.08173076923076923 0.7716346153846154 0.04807692307692308 0.055288461538461536
0 0.11538461538461539 0.7283653846153846 0.038461538461538464 0.06009615384615385
0 0.22596153846153846 0.6802884615384616 0.04326923076923077 0.07451923076923077
0 0.3317307692307692 0.6658653846153846 0.036057692307692304 0.0625
0 0.6346153846153846 0.5793269230769231 0.14423076923076922 0.08173076923076923