0 0.15625 0.3557692307692308 0.09615384615384616 0.10576923076923077
0 0.7019230769230769 0.22115384615384615 0.24519230769230768 0.27163461538461536
0 0.17067307692307693 0.7668269230769231 0.10336538461538461 0.10576923076923077
0 0.056490384615384616 0.7572115384615384 0.11298076923076923 0.15384615384615385
1 0.5612980769230769 0.49759615384615385 0.007211538461538462 0.04326923076923077
1 0.5985576923076923 0.4807692307692308 0.03125 0.040865384615384616
1 0.6598557692307693 0.48677884615384615 0.05048076923076923 0.055288461538461536
1 0.7163461538461539 0.4831730769230769 0.02403846153846154 0.040865384615384616
1 0.7439903846153846 0.48197115384615385 0.04567307692307692 0.04567307692307692
1 0.8016826923076923 0.49158653846153844 0.04567307692307692 0.06490384615384616
1 0.8966346153846154 0.4951923076923077 0.038461538461538464 0.04326923076923077
1 0.9519230769230769 0.4831730769230769 0.036057692307692304 0.04567307692307692
1 0.9867788461538461 0.49759615384615385 0.021634615384615384 0.052884615384615384