1 0.052884615384615384 0.328125 0.038461538461538464 0.016826923076923076
1 0.018028846153846152 0.3317307692307692 0.03125 0.009615384615384616
0 0.10697115384615384 0.32572115384615385 0.036057692307692304 0.021634615384615384
0 0.23197115384615385 0.3317307692307692 0.04567307692307692 0.009615384615384616
0 0.30408653846153844 0.33052884615384615 0.040865384615384616 0.01201923076923077
0 0.34615384615384615 0.5769230769230769 0.052884615384615384 0.0625
1 0.22355769230769232 0.5576923076923077 0.040865384615384616 0.05048076923076923
0 0.7139423076923077 0.6947115384615384 0.0889423076923077 0.11298076923076923
0 0.9495192307692307 0.7283653846153846 0.0985576923076923 0.11778846153846154
0 0.5673076923076923 0.7043269230769231 0.09134615384615384 0.10817307692307693
0 0.7692307692307693 0.7043269230769231 0.03365384615384615 0.09375