0 0.07451923076923077 0.32211538461538464 0.052884615384615384 0.055288461538461536
1 0.41466346153846156 0.13942307692307693 0.01201923076923077 0.04326923076923077
1 0.46634615384615385 0.1346153846153846 0.03365384615384615 0.04807692307692308
1 0.4879807692307692 0.12740384615384615 0.028846153846153848 0.04807692307692308
1 0.5841346153846154 0.12740384615384615 0.04567307692307692 0.057692307692307696
1 0.6442307692307693 0.13942307692307693 0.04807692307692308 0.06009615384615385
1 0.6947115384615384 0.14182692307692307 0.036057692307692304 0.04807692307692308
1 0.7475961538461539 0.1346153846153846 0.05048076923076923 0.0625
1 0.7932692307692307 0.13701923076923078 0.04567307692307692 0.055288461538461536
1 0.22115384615384615 0.6971153846153846 0.07211538461538461 0.0985576923076923
1 0.3557692307692308 0.7139423076923077 0.06971153846153846 0.09375
1 0.16826923076923078 0.6971153846153846 0.021634615384615384 0.03125
1 0.12740384615384615 0.7115384615384616 0.021634615384615384 0.02403846153846154
1 0.10576923076923077 0.7019230769230769 0.021634615384615384 0.03125
1 0.8365384615384616 0.8245192307692307 0.06971153846153846 0.07451923076923077
1 0.96875 0.8617788461538461 0.057692307692307696 0.11298076923076923
1 0.7668269230769231 0.8076923076923077 0.06009615384615385 0.06971153846153846
1 0.5841346153846154 0.8028846153846154 0.038461538461538464 0.04567307692307692