0 0.07932692307692307 0.2644230769230769 0.15865384615384615 0.15384615384615385
0 0.07932692307692307 0.10576923076923077 0.15865384615384615 0.15384615384615385
0 0.6826923076923077 0.20673076923076922 0.04807692307692308 0.0625
0 0.7860576923076923 0.21875 0.057692307692307696 0.055288461538461536
0 0.8798076923076923 0.21634615384615385 0.04567307692307692 0.057692307692307696
0 0.9471153846153846 0.21634615384615385 0.03365384615384615 0.05048076923076923
0 0.9795673076923077 0.21754807692307693 0.036057692307692304 0.06490384615384616
0 0.3629807692307692 0.8605769230769231 0.08653846153846154 0.12740384615384615
0 0.06009615384615385 0.9362980769230769 0.1201923076923077 0.12259615384615384
0 0.43990384615384615 0.8389423076923077 0.13221153846153846 0.18028846153846154
0 0.04567307692307692 0.7379807692307693 0.06971153846153846 0.0889423076923077
0 0.125 0.8100961538461539 0.04807692307692308 0.05048076923076923
0 0.2932692307692308 0.7524038461538461 0.057692307692307696 0.06490384615384616
0 0.23076923076923078 0.7788461538461539 0.036057692307692304 0.04567307692307692
0 0.10096153846153846 0.7403846153846154 0.05048076923076923 0.04567307692307692
0 0.7475961538461539 0.6598557692307693 0.09134615384615384 0.06009615384615385