1 0.16105769230769232 0.20432692307692307 0.08173076923076923 0.0985576923076923
1 0.2980769230769231 0.23076923076923078 0.09615384615384616 0.09375
1 0.09375 0.17548076923076922 0.06009615384615385 0.07932692307692307
1 0.4483173076923077 0.1778846153846154 0.036057692307692304 0.0673076923076923
1 0.40625 0.17067307692307693 0.04567307692307692 0.055288461538461536
1 0.2956730769230769 0.16346153846153846 0.055288461538461536 0.057692307692307696
0 0.8245192307692307 0.08653846153846154 0.026442307692307692 0.03365384615384615
0 0.8509615384615384 0.07451923076923077 0.03365384615384615 0.04326923076923077
0 0.9471153846153846 0.07932692307692307 0.04567307692307692 0.04567307692307692
0 0.9759615384615384 0.0673076923076923 0.03365384615384615 0.04567307692307692
1 0.3870192307692308 0.7740384615384616 0.15144230769230768 0.1778846153846154
1 0.18028846153846154 0.7451923076923077 0.09375 0.12259615384615384
0 0.5360576923076923 0.6382211538461539 0.1346153846153846 0.18990384615384615
0 0.7211538461538461 0.5456730769230769 0.15384615384615385 0.16826923076923078