0 0.7163461538461539 0.02403846153846154 0.0625 0.04807692307692308
0 0.9230769230769231 0.0673076923076923 0.06490384615384616 0.10576923076923077
0 0.5204326923076923 0.17307692307692307 0.021634615384615384 0.0673076923076923
0 0.5432692307692307 0.15865384615384615 0.055288461538461536 0.057692307692307696
0 0.5673076923076923 0.08653846153846154 0.03365384615384615 0.040865384615384616
0 0.7872596153846154 0.02283653846153846 0.05048076923076923 0.04567307692307692
1 0.8677884615384616 0.0889423076923077 0.10336538461538461 0.14182692307692307
1 0.8389423076923077 0.008413461538461538 0.028846153846153848 0.016826923076923076
0 0.1875 0.6298076923076923 0.09615384615384616 0.10817307692307693
0 0.34134615384615385 0.6274038461538461 0.10336538461538461 0.11778846153846154
0 0.8930288461538461 0.8257211538461539 0.2091346153846154 0.2668269230769231