0 0.21634615384615385 0.21153846153846154 0.06971153846153846 0.09134615384615384
0 0.32091346153846156 0.21153846153846154 0.06971153846153846 0.11538461538461539
0 0.04567307692307692 0.23557692307692307 0.04807692307692308 0.0673076923076923
0 0.15384615384615385 0.2548076923076923 0.038461538461538464 0.04567307692307692
0 0.08653846153846154 0.25 0.03125 0.040865384615384616
1 0.6706730769230769 0.23076923076923078 0.07451923076923077 0.09134615384615384
1 0.8389423076923077 0.23557692307692307 0.07451923076923077 0.10817307692307693
1 0.5480769230769231 0.28125 0.057692307692307696 0.06971153846153846
1 0.9639423076923077 0.24759615384615385 0.040865384615384616 0.052884615384615384
1 0.7980769230769231 0.27403846153846156 0.03365384615384615 0.04326923076923077
1 0.9182692307692307 0.6177884615384616 0.07211538461538461 0.09375
1 0.5769230769230769 0.5841346153846154 0.07451923076923077 0.09615384615384616
1 0.7163461538461539 0.6225961538461539 0.057692307692307696 0.07932692307692307
1 0.8149038461538461 0.6514423076923077 0.055288461538461536 0.07211538461538461
1 0.47115384615384615 0.6442307692307693 0.057692307692307696 0.07692307692307693
0 0.4326923076923077 0.6466346153846154 0.028846153846153848 0.04567307692307692
1 0.6778846153846154 0.6394230769230769 0.03365384615384615 0.057692307692307696
1 0.53125 0.6322115384615384 0.04326923076923077 0.057692307692307696