0 0.037259615384615384 0.3161057692307692 0.07451923076923077 0.06009615384615385
0 0.09615384615384616 0.30528846153846156 0.06490384615384616 0.057692307692307696
0 0.15144230769230768 0.30528846153846156 0.06009615384615385 0.06971153846153846
0 0.2283653846153846 0.3269230769230769 0.0625 0.04326923076923077
0 0.3629807692307692 0.3293269230769231 0.05048076923076923 0.055288461538461536
0 0.109375 0.7632211538461539 0.21875 0.33413461538461536
0 0.5697115384615384 0.8930288461538461 0.1346153846153846 0.2091346153846154
0 0.25240384615384615 0.9399038461538461 0.07692307692307693 0.11538461538461539
0 0.16826923076923078 0.9254807692307693 0.1201923076923077 0.14423076923076922
0 0.5096153846153846 0.9579326923076923 0.10576923076923077 0.07932692307692307
0 0.46033653846153844 0.9759615384615384 0.0889423076923077 0.04326923076923077
0 0.7692307692307693 0.7367788461538461 0.25961538461538464 0.2956730769230769