1 0.03245192307692308 0.13341346153846154 0.06490384615384616 0.11778846153846154
1 0.48677884615384615 0.1814903846153846 0.040865384615384616 0.0985576923076923
1 0.15625 0.15384615384615385 0.07451923076923077 0.08413461538461539
1 0.38461538461538464 0.17067307692307693 0.10576923076923077 0.12980769230769232
0 0.5564903846153846 0.02403846153846154 0.09375 0.04807692307692308
0 0.10336538461538461 0.5384615384615384 0.04567307692307692 0.04807692307692308
0 0.16346153846153846 0.5264423076923077 0.040865384615384616 0.057692307692307696
0 0.19230769230769232 0.5360576923076923 0.026442307692307692 0.038461538461538464
0 0.2620192307692308 0.5144230769230769 0.04326923076923077 0.057692307692307696
0 0.2860576923076923 0.5168269230769231 0.021634615384615384 0.040865384615384616
0 0.33413461538461536 0.5288461538461539 0.03365384615384615 0.040865384615384616
0 0.37740384615384615 0.5168269230769231 0.05048076923076923 0.057692307692307696
0 0.49278846153846156 0.5060096153846154 0.028846153846153848 0.06009615384615385
0 0.9134615384615384 0.53125 0.10336538461538461 0.11057692307692307
0 0.6538461538461539 0.5408653846153846 0.08413461538461539 0.0985576923076923