0 0.5456730769230769 0.040865384615384616 0.036057692307692304 0.040865384615384616
0 0.6490384615384616 0.0625 0.040865384615384616 0.04326923076923077
0 0.8966346153846154 0.6153846153846154 0.04807692307692308 0.05048076923076923
0 0.8557692307692307 0.6201923076923077 0.040865384615384616 0.05048076923076923
0 0.7572115384615384 0.6370192307692307 0.04567307692307692 0.04567307692307692
0 0.7884615384615384 0.6177884615384616 0.02403846153846154 0.03365384615384615
0 0.6394230769230769 0.7043269230769231 0.040865384615384616 0.036057692307692304
0 0.5576923076923077 0.6081730769230769 0.04567307692307692 0.03365384615384615
0 0.4519230769230769 0.6201923076923077 0.028846153846153848 0.038461538461538464
0 0.43028846153846156 0.6730769230769231 0.038461538461538464 0.03365384615384615
0 0.40865384615384615 0.625 0.021634615384615384 0.028846153846153848
0 0.35336538461538464 0.6466346153846154 0.03365384615384615 0.03365384615384615
0 0.39663461538461536 0.7043269230769231 0.028846153846153848 0.026442307692307692
0 0.6394230769230769 0.9855769230769231 0.04326923076923077 0.02403846153846154
0 0.39783653846153844 0.9879807692307693 0.03125 0.019230769230769232