0 0.43990384615384615 0.040865384615384616 0.09134615384615384 0.08173076923076923
0 0.9867788461538461 0.2920673076923077 0.021634615384615384 0.0889423076923077
0 0.8221153846153846 0.24278846153846154 0.06490384615384616 0.07692307692307693
0 0.8509615384615384 0.32211538461538464 0.0673076923076923 0.08173076923076923
0 0.8918269230769231 0.3557692307692308 0.03365384615384615 0.04567307692307692
0 0.9855769230769231 0.039663461538461536 0.02403846153846154 0.07932692307692307
0 0.8221153846153846 0.07932692307692307 0.06490384615384616 0.07692307692307693
0 0.8521634615384616 0.02283653846153846 0.07451923076923077 0.04567307692307692
1 0.45552884615384615 0.5973557692307693 0.06009615384615385 0.08413461538461539
1 0.37259615384615385 0.5360576923076923 0.055288461538461536 0.07451923076923077
1 0.10336538461538461 0.5576923076923077 0.057692307692307696 0.06490384615384616
1 0.4254807692307692 0.5600961538461539 0.052884615384615384 0.06490384615384616
1 0.019230769230769232 0.5841346153846154 0.03125 0.04567307692307692
1 0.17067307692307693 0.5721153846153846 0.040865384615384616 0.057692307692307696
1 0.24519230769230768 0.5865384615384616 0.07211538461538461 0.08173076923076923
1 0.21634615384615385 0.5456730769230769 0.057692307692307696 0.06971153846153846
1 0.2932692307692308 0.5841346153846154 0.03365384615384615 0.04326923076923077
0 0.6358173076923077 0.4831730769230769 0.25240384615384615 0.08653846153846154