0 0.19230769230769232 0.18028846153846154 0.040865384615384616 0.055288461538461536
0 0.90625 0.15504807692307693 0.18269230769230768 0.28125
0 0.4963942307692308 0.0889423076923077 0.055288461538461536 0.09134615384615384
0 0.7716346153846154 0.09375 0.07211538461538461 0.07932692307692307
0 0.5721153846153846 0.0889423076923077 0.04807692307692308 0.06971153846153846
0 0.6129807692307693 0.0889423076923077 0.03365384615384615 0.05048076923076923
0 0.7331730769230769 0.0889423076923077 0.036057692307692304 0.055288461538461536
0 0.09375 0.8677884615384616 0.10096153846153846 0.14182692307692307
0 0.09495192307692307 0.6622596153846154 0.10817307692307693 0.0889423076923077
0 0.7451923076923077 0.7379807692307693 0.04807692307692308 0.055288461538461536
0 0.5120192307692307 0.7139423076923077 0.04326923076923077 0.05048076923076923
0 0.5576923076923077 0.7403846153846154 0.036057692307692304 0.05048076923076923
0 0.8389423076923077 0.7403846153846154 0.038461538461538464 0.036057692307692304
0 0.8966346153846154 0.7163461538461539 0.057692307692307696 0.0625
0 0.9350961538461539 0.7427884615384616 0.040865384615384616 0.04326923076923077
0 0.9495192307692307 0.7115384615384616 0.036057692307692304 0.04326923076923077