0 0.9639423076923077 0.0889423076923077 0.0673076923076923 0.16346153846153846
0 0.5576923076923077 0.2091346153846154 0.17067307692307693 0.1875
0 0.8677884615384616 0.3004807692307692 0.06490384615384616 0.0673076923076923
0 0.7211538461538461 0.2692307692307692 0.1201923076923077 0.13942307692307693
0 0.8653846153846154 0.3485576923076923 0.09615384615384616 0.057692307692307696
0 0.3557692307692308 0.453125 0.04326923076923077 0.1466346153846154
0 0.12259615384615384 0.41586538461538464 0.057692307692307696 0.06009615384615385
0 0.8653846153846154 0.7788461538461539 0.21875 0.25
0 0.5625 0.75 0.1971153846153846 0.23076923076923078
0 0.9807692307692307 0.7860576923076923 0.03365384615384615 0.1201923076923077
0 0.5625 0.4014423076923077 0.20192307692307693 0.04326923076923077