0 0.1971153846153846 0.28365384615384615 0.05048076923076923 0.07692307692307693
0 0.43509615384615385 0.2620192307692308 0.04567307692307692 0.07211538461538461
0 0.3004807692307692 0.27884615384615385 0.04807692307692308 0.06490384615384616
0 0.5625 0.25721153846153844 0.052884615384615384 0.0673076923076923
0 0.49759615384615385 0.27163461538461536 0.04807692307692308 0.06971153846153846
0 0.6201923076923077 0.14783653846153846 0.03365384615384615 0.07451923076923077
0 0.53125 0.12980769230769232 0.052884615384615384 0.06971153846153846
0 0.3870192307692308 0.27403846153846156 0.04567307692307692 0.06971153846153846
0 0.4411057692307692 0.027644230769230768 0.05048076923076923 0.055288461538461536
0 0.06971153846153846 0.27163461538461536 0.057692307692307696 0.0625
0 0.12740384615384615 0.25 0.04807692307692308 0.055288461538461536
0 0.16105769230769232 0.20673076923076922 0.038461538461538464 0.06009615384615385
0 0.27163461538461536 0.15865384615384615 0.04326923076923077 0.07451923076923077
0 0.37740384615384615 0.14423076923076922 0.036057692307692304 0.0625
0 0.8173076923076923 0.10096153846153846 0.03365384615384615 0.036057692307692304
0 0.9182692307692307 0.09375 0.028846153846153848 0.04807692307692308
0 0.7115384615384616 0.02403846153846154 0.02403846153846154 0.036057692307692304
0 0.6911057692307693 0.014423076923076924 0.03125 0.028846153846153848
0 0.9567307692307693 0.0673076923076923 0.026442307692307692 0.04807692307692308
0 0.7620192307692307 0.007211538461538462 0.03365384615384615 0.014423076923076924
0 0.36778846153846156 0.7355769230769231 0.06971153846153846 0.09375
0 0.5096153846153846 0.7043269230769231 0.10096153846153846 0.11778846153846154
0 0.28365384615384615 0.6971153846153846 0.06490384615384616 0.08653846153846154
0 0.9711538461538461 0.7692307692307693 0.052884615384615384 0.20673076923076922
0 0.8004807692307693 0.7355769230769231 0.0889423076923077 0.09615384615384616