0 0.30528846153846156 0.31009615384615385 0.09615384615384616 0.125
0 0.10817307692307693 0.25 0.0985576923076923 0.125
0 0.41586538461538464 0.3076923076923077 0.1346153846153846 0.1466346153846154
0 0.6947115384615384 0.18990384615384615 0.2091346153846154 0.2620192307692308
0 0.6959134615384616 0.015625 0.21394230769230768 0.03125
0 0.17548076923076922 0.9134615384615384 0.09375 0.11778846153846154
0 0.026442307692307692 0.9375 0.052884615384615384 0.09134615384615384
0 0.734375 0.9771634615384616 0.040865384615384616 0.040865384615384616
0 0.8353365384615384 0.9759615384615384 0.036057692307692304 0.04326923076923077
0 0.9050480769230769 0.9759615384615384 0.040865384615384616 0.04326923076923077
0 0.9879807692307693 0.9747596153846154 0.019230769230769232 0.04567307692307692