1 0.5889423076923077 0.234375 0.03365384615384615 0.12259615384615384
1 0.5576923076923077 0.25 0.06490384615384616 0.0889423076923077
1 0.5120192307692307 0.2692307692307692 0.057692307692307696 0.07451923076923077
0 0.7956730769230769 0.25240384615384615 0.0985576923076923 0.12259615384615384
0 0.9254807692307693 0.33413461538461536 0.04326923076923077 0.057692307692307696
0 0.796875 0.038461538461538464 0.10336538461538461 0.07692307692307693
0 0.19110576923076922 0.9783653846153846 0.06971153846153846 0.038461538461538464
0 0.042067307692307696 0.9591346153846154 0.08413461538461539 0.07692307692307693
0 0.28966346153846156 0.9747596153846154 0.06009615384615385 0.04567307692307692
0 0.36778846153846156 0.9795673076923077 0.052884615384615384 0.036057692307692304
0 0.47716346153846156 0.9903846153846154 0.040865384615384616 0.014423076923076924
0 0.8786057692307693 0.9290865384615384 0.13701923076923078 0.13701923076923078