0 0.08653846153846154 0.15384615384615385 0.10817307692307693 0.125
0 0.22115384615384615 0.125 0.055288461538461536 0.07932692307692307
0 0.28125 0.10096153846153846 0.04567307692307692 0.06490384615384616
0 0.3701923076923077 0.06971153846153846 0.038461538461538464 0.052884615384615384
0 0.42788461538461536 0.07692307692307693 0.026442307692307692 0.038461538461538464
0 0.3918269230769231 0.0889423076923077 0.03125 0.040865384615384616
0 0.4735576923076923 0.07451923076923077 0.019230769230769232 0.02403846153846154
0 0.49278846153846156 0.06009615384615385 0.016826923076923076 0.021634615384615384
0 0.5144230769230769 0.06009615384615385 0.014423076923076924 0.021634615384615384
0 0.8365384615384616 0.38221153846153844 0.18509615384615385 0.22355769230769232
0 0.5973557692307693 0.38341346153846156 0.0985576923076923 0.2283653846153846
0 0.31009615384615385 0.7067307692307693 0.11298076923076923 0.13942307692307693
0 0.6394230769230769 0.7283653846153846 0.0625 0.0673076923076923
0 0.6574519230769231 0.6370192307692307 0.055288461538461536 0.057692307692307696