0 0.34615384615384615 0.3076923076923077 0.052884615384615384 0.125
0 0.6177884615384616 0.375 0.08173076923076923 0.10576923076923077
0 0.4855769230769231 0.36778846153846156 0.06971153846153846 0.08653846153846154
0 0.984375 0.3737980769230769 0.026442307692307692 0.08413461538461539
0 0.7668269230769231 0.36538461538461536 0.06009615384615385 0.0673076923076923
0 0.8389423076923077 0.375 0.057692307692307696 0.06009615384615385
0 0.9375 0.3918269230769231 0.038461538461538464 0.04326923076923077
1 0.3918269230769231 0.34375 0.055288461538461536 0.052884615384615384
1 0.9278846153846154 0.6778846153846154 0.06971153846153846 0.09134615384615384
1 0.7379807692307693 0.6394230769230769 0.14423076923076922 0.08173076923076923
1 0.6394230769230769 0.6706730769230769 0.0889423076923077 0.11778846153846154
1 0.9891826923076923 0.6802884615384616 0.016826923076923076 0.11057692307692307
1 0.5336538461538461 0.6850961538461539 0.052884615384615384 0.07451923076923077