0 0.15384615384615385 0.28125 0.0889423076923077 0.09615384615384616
0 0.051682692307692304 0.4326923076923077 0.06971153846153846 0.04807692307692308
0 0.020432692307692308 0.35216346153846156 0.040865384615384616 0.055288461538461536
0 0.8725961538461539 0.008413461538461538 0.0673076923076923 0.016826923076923076
0 0.17548076923076922 0.6850961538461539 0.14182692307692307 0.1466346153846154
0 0.35096153846153844 0.7548076923076923 0.10096153846153846 0.15144230769230768
1 0.96875 0.5192307692307693 0.057692307692307696 0.10096153846153846
1 0.7331730769230769 0.5480769230769231 0.07932692307692307 0.10096153846153846
1 0.5793269230769231 0.5576923076923077 0.06971153846153846 0.08413461538461539
1 0.8197115384615384 0.5576923076923077 0.057692307692307696 0.06490384615384616
1 0.9278846153846154 0.5649038461538461 0.04567307692307692 0.057692307692307696