0 0.375 0.11538461538461539 0.07451923076923077 0.09375
0 0.4831730769230769 0.04807692307692308 0.1201923076923077 0.09615384615384616
0 0.2692307692307692 0.10576923076923077 0.0889423076923077 0.11778846153846154
0 0.1466346153846154 0.06610576923076923 0.11538461538461539 0.13221153846153846
0 0.8245192307692307 0.14903846153846154 0.14182692307692307 0.15144230769230768
0 0.9723557692307693 0.19471153846153846 0.05048076923076923 0.1201923076923077
0 0.5600961538461539 0.6141826923076923 0.03365384615384615 0.05048076923076923
0 0.5673076923076923 0.7355769230769231 0.019230769230769232 0.038461538461538464
0 0.7644230769230769 0.7668269230769231 0.0673076923076923 0.09134615384615384
0 0.8942307692307693 0.8581730769230769 0.07451923076923077 0.07932692307692307
0 0.7331730769230769 0.7475961538461539 0.04567307692307692 0.06490384615384616
0 0.765625 0.4675480769230769 0.07451923076923077 0.036057692307692304
0 0.7355769230769231 0.4699519230769231 0.052884615384615384 0.040865384615384616