0 0.27163461538461536 0.22596153846153846 0.11778846153846154 0.13942307692307693
0 0.4182692307692308 0.1658653846153846 0.04807692307692308 0.05048076923076923
0 0.12259615384615384 0.13221153846153846 0.03365384615384615 0.03125
0 0.5793269230769231 0.2692307692307692 0.019230769230769232 0.057692307692307696
0 0.65625 0.27163461538461536 0.038461538461538464 0.036057692307692304
0 0.7139423076923077 0.24759615384615385 0.057692307692307696 0.0625
0 0.7524038461538461 0.27403846153846156 0.040865384615384616 0.04326923076923077
0 0.7668269230769231 0.24278846153846154 0.036057692307692304 0.04326923076923077
0 0.9014423076923077 0.28365384615384615 0.026442307692307692 0.03125
0 0.9615384615384616 0.27884615384615385 0.03365384615384615 0.036057692307692304
0 0.11658653846153846 0.9855769230769231 0.04567307692307692 0.02403846153846154
0 0.34134615384615385 0.9771634615384616 0.04326923076923077 0.040865384615384616
1 0.3942307692307692 0.9879807692307693 0.057692307692307696 0.019230769230769232
1 0.46875 0.8701923076923077 0.03365384615384615 0.03125
1 0.5240384615384616 0.8701923076923077 0.028846153846153848 0.02403846153846154
0 0.4326923076923077 0.9086538461538461 0.03365384615384615 0.03365384615384615
0 0.6370192307692307 0.7379807692307693 0.0673076923076923 0.08653846153846154
0 0.5733173076923077 0.6971153846153846 0.007211538461538462 0.038461538461538464
0 0.6033653846153846 0.6971153846153846 0.03365384615384615 0.04326923076923077
0 0.8581730769230769 0.7283653846153846 0.040865384615384616 0.040865384615384616
0 0.7644230769230769 0.7043269230769231 0.028846153846153848 0.038461538461538464
0 0.7259615384615384 0.7139423076923077 0.03125 0.04326923076923077
0 0.6778846153846154 0.7067307692307693 0.03125 0.038461538461538464