0 0.11057692307692307 0.24519230769230768 0.09615384615384616 0.12980769230769232
0 0.3088942307692308 0.29927884615384615 0.016826923076923076 0.08413461538461539
0 0.3076923076923077 0.25721153846153844 0.019230769230769232 0.08653846153846154
0 0.41586538461538464 0.24759615384615385 0.04807692307692308 0.052884615384615384
0 0.7259615384615384 0.2980769230769231 0.052884615384615384 0.06009615384615385
0 0.7043269230769231 0.25721153846153844 0.052884615384615384 0.055288461538461536
0 0.9879807692307693 0.2980769230769231 0.019230769230769232 0.0625
1 0.28966346153846156 0.8581730769230769 0.055288461538461536 0.11057692307692307
1 0.10336538461538461 0.8870192307692307 0.08653846153846154 0.10817307692307693
1 0.20673076923076922 0.8509615384615384 0.12740384615384615 0.15144230769230768
0 0.7475961538461539 0.8100961538461539 0.06009615384615385 0.06971153846153846
0 0.90625 0.8197115384615384 0.06971153846153846 0.04567307692307692