1 0.3233173076923077 0.41346153846153844 0.10817307692307693 0.08653846153846154
1 0.026442307692307692 0.43028846153846156 0.052884615384615384 0.052884615384615384
0 0.5600961538461539 0.24759615384615385 0.02403846153846154 0.052884615384615384
0 0.6081730769230769 0.21875 0.05048076923076923 0.05048076923076923
0 0.6442307692307693 0.2283653846153846 0.03125 0.04807692307692308
0 0.6899038461538461 0.25240384615384615 0.03125 0.04567307692307692
0 0.7283653846153846 0.24278846153846154 0.04326923076923077 0.05048076923076923
0 0.7836538461538461 0.22355769230769232 0.026442307692307692 0.04567307692307692
0 0.8076923076923077 0.23798076923076922 0.038461538461538464 0.055288461538461536
0 0.8557692307692307 0.22355769230769232 0.040865384615384616 0.057692307692307696
0 0.9495192307692307 0.24278846153846154 0.038461538461538464 0.04567307692307692
0 0.17307692307692307 0.7427884615384616 0.23076923076923078 0.35096153846153844
0 0.7908653846153846 0.7740384615384616 0.04567307692307692 0.06009615384615385
1 0.9831730769230769 0.7764423076923077 0.028846153846153848 0.0673076923076923
0 0.5961538461538461 0.8052884615384616 0.02403846153846154 0.036057692307692304
1 0.6201923076923077 0.7956730769230769 0.028846153846153848 0.036057692307692304
1 0.8365384615384616 0.7836538461538461 0.038461538461538464 0.052884615384615384
1 0.9447115384615384 0.7836538461538461 0.03365384615384615 0.04567307692307692