0 0.09375 0.21153846153846154 0.05048076923076923 0.052884615384615384
0 0.21875 0.19230769230769232 0.057692307692307696 0.052884615384615384
0 0.5612980769230769 0.24158653846153846 0.30528846153846156 0.46875
0 0.03125 0.9723557692307693 0.052884615384615384 0.05048076923076923
0 0.40024038461538464 0.9819711538461539 0.01201923076923077 0.03125
0 0.25240384615384615 0.9735576923076923 0.03125 0.03365384615384615
0 0.28966346153846156 0.9855769230769231 0.036057692307692304 0.02403846153846154
0 0.45072115384615385 0.5925480769230769 0.08413461538461539 0.1658653846153846
0 0.8245192307692307 0.7379807692307693 0.1201923076923077 0.1346153846153846
0 0.6634615384615384 0.9206730769230769 0.13221153846153846 0.11778846153846154
0 0.7163461538461539 0.65625 0.10817307692307693 0.14903846153846154
0 0.9471153846153846 0.5600961538461539 0.055288461538461536 0.07211538461538461
1 0.5600961538461539 0.6658653846153846 0.08413461538461539 0.09134615384615384