0 0.08774038461538461 0.3798076923076923 0.17548076923076922 0.36538461538461536
0 0.08774038461538461 0.08052884615384616 0.17548076923076922 0.16105769230769232
1 0.2764423076923077 0.36538461538461536 0.036057692307692304 0.03365384615384615
1 0.375 0.3557692307692308 0.03365384615384615 0.040865384615384616
1 0.4230769230769231 0.35096153846153844 0.028846153846153848 0.038461538461538464
1 0.5432692307692307 0.3485576923076923 0.04567307692307692 0.040865384615384616
1 0.7067307692307693 0.3605769230769231 0.028846153846153848 0.036057692307692304
1 0.7572115384615384 0.3485576923076923 0.03365384615384615 0.038461538461538464
1 0.8293269230769231 0.35096153846153844 0.038461538461538464 0.040865384615384616
1 0.9086538461538461 0.35096153846153844 0.03125 0.036057692307692304
1 0.9495192307692307 0.3605769230769231 0.02403846153846154 0.03365384615384615
1 0.9735576923076923 0.3389423076923077 0.040865384615384616 0.040865384615384616