0 0.34134615384615385 0.1971153846153846 0.057692307692307696 0.07692307692307693
0 0.13701923076923078 0.16826923076923078 0.036057692307692304 0.05048076923076923
0 0.2091346153846154 0.1875 0.028846153846153848 0.05048076923076923
1 0.06490384615384616 0.16826923076923078 0.021634615384615384 0.02403846153846154
1 0.02403846153846154 0.1658653846153846 0.019230769230769232 0.021634615384615384
1 0.008413461538461538 0.14783653846153846 0.016826923076923076 0.021634615384615384
1 0.05048076923076923 0.15625 0.016826923076923076 0.021634615384615384
1 0.08413461538461539 0.15865384615384615 0.016826923076923076 0.026442307692307692
1 0.10096153846153846 0.15384615384615385 0.021634615384615384 0.026442307692307692
1 0.2283653846153846 0.16346153846153846 0.019230769230769232 0.016826923076923076
1 0.2860576923076923 0.16826923076923078 0.016826923076923076 0.02403846153846154
1 0.44711538461538464 0.1778846153846154 0.019230769230769232 0.021634615384615384
1 0.1971153846153846 0.16346153846153846 0.016826923076923076 0.019230769230769232
1 0.9326923076923077 0.3870192307692308 0.07211538461538461 0.07692307692307693
1 0.7584134615384616 0.3954326923076923 0.06009615384615385 0.06009615384615385
1 0.6802884615384616 0.4110576923076923 0.052884615384615384 0.028846153846153848
1 0.5733173076923077 0.41466346153846156 0.05048076923076923 0.021634615384615384
0 0.16105769230769232 0.5552884615384616 0.32211538461538464 0.2548076923076923
0 0.3173076923076923 0.5841346153846154 0.17067307692307693 0.24278846153846154
1 0.4543269230769231 0.71875 0.04326923076923077 0.14423076923076922
0 0.7764423076923077 0.5697115384615384 0.1346153846153846 0.12980769230769232
0 0.7283653846153846 0.4735576923076923 0.09134615384615384 0.09134615384615384