0 0.20432692307692307 0.2668269230769231 0.11538461538461539 0.10096153846153846
0 0.2848557692307692 0.27524038461538464 0.15625 0.08413461538461539
0 0.5288461538461539 0.29086538461538464 0.0673076923076923 0.052884615384615384
0 0.4831730769230769 0.3076923076923077 0.07692307692307693 0.019230769230769232
1 0.53125 0.19230769230769232 0.04807692307692308 0.0625
1 0.4206730769230769 0.20673076923076922 0.04326923076923077 0.055288461538461536
1 0.35096153846153844 0.20432692307692307 0.06009615384615385 0.06009615384615385
1 0.07692307692307693 0.2764423076923077 0.05048076923076923 0.06009615384615385
1 0.11298076923076923 0.20432692307692307 0.055288461538461536 0.0625
1 0.27163461538461536 0.20432692307692307 0.052884615384615384 0.06009615384615385
1 0.8149038461538461 0.21634615384615385 0.07451923076923077 0.08413461538461539
1 0.9735576923076923 0.22956730769230768 0.04807692307692308 0.055288461538461536
0 0.1778846153846154 0.5600961538461539 0.23076923076923078 0.35096153846153844
0 0.8221153846153846 0.40625 0.13221153846153846 0.16105769230769232