0 0.12259615384615384 0.27403846153846156 0.1346153846153846 0.14423076923076922
0 0.8317307692307693 0.17307692307692307 0.0625 0.0889423076923077
0 0.6298076923076923 0.17307692307692307 0.0625 0.08173076923076923
0 0.7836538461538461 0.15625 0.057692307692307696 0.07692307692307693
0 0.9747596153846154 0.039663461538461536 0.04567307692307692 0.06490384615384616
0 0.7043269230769231 0.05048076923076923 0.040865384615384616 0.05048076923076923
0 0.7572115384615384 0.05048076923076923 0.04567307692307692 0.055288461538461536
0 0.6057692307692307 0.16947115384615385 0.014423076923076924 0.07932692307692307
0 0.2956730769230769 0.7019230769230769 0.3269230769230769 0.2644230769230769
1 0.8389423076923077 0.6923076923076923 0.07932692307692307 0.0985576923076923
1 0.6286057692307693 0.6502403846153846 0.06009615384615385 0.10336538461538461