0 0.14423076923076922 0.08173076923076923 0.04567307692307692 0.055288461538461536
0 0.2620192307692308 0.09375 0.038461538461538464 0.0625
0 0.05048076923076923 0.10096153846153846 0.04567307692307692 0.055288461538461536
0 0.10336538461538461 0.11538461538461539 0.03365384615384615 0.04807692307692308
0 0.20432692307692307 0.13221153846153846 0.038461538461538464 0.040865384615384616
0 0.3557692307692308 0.11057692307692307 0.038461538461538464 0.052884615384615384
0 0.39663461538461536 0.10817307692307693 0.036057692307692304 0.04807692307692308
0 0.9266826923076923 0.21514423076923078 0.14182692307692307 0.21875
0 0.9266826923076923 0.052884615384615384 0.14182692307692307 0.10576923076923077
0 0.27163461538461536 0.5288461538461539 0.10576923076923077 0.038461538461538464
0 0.9723557692307693 0.8605769230769231 0.05048076923076923 0.12980769230769232
1 0.8076923076923077 0.8605769230769231 0.11298076923076923 0.12980769230769232