1 0.20432692307692307 0.3125 0.06971153846153846 0.09615384615384616
1 0.3701923076923077 0.2860576923076923 0.10576923076923077 0.125
1 0.08653846153846154 0.30288461538461536 0.10576923076923077 0.12980769230769232
1 0.5192307692307693 0.28125 0.06009615384615385 0.0673076923076923
1 0.7043269230769231 0.18028846153846154 0.09375 0.11298076923076923
1 0.8004807692307693 0.24278846153846154 0.052884615384615384 0.0625
1 0.8798076923076923 0.22355769230769232 0.07451923076923077 0.07692307692307693
0 0.22115384615384615 0.5625 0.057692307692307696 0.07692307692307693
0 0.4831730769230769 0.5961538461538461 0.028846153846153848 0.052884615384615384
0 0.5240384615384616 0.6418269230769231 0.05048076923076923 0.055288461538461536
0 0.6634615384615384 0.5360576923076923 0.05048076923076923 0.04567307692307692