0 0.6394230769230769 0.1875 0.125 0.18509615384615385
0 0.90625 0.10096153846153846 0.17307692307692307 0.20192307692307693
0 0.8413461538461539 0.21394230769230768 0.13221153846153846 0.19951923076923078
0 0.17548076923076922 0.53125 0.09375 0.0985576923076923
0 0.3557692307692308 0.5288461538461539 0.2091346153846154 0.19951923076923078
0 0.7788461538461539 0.7235576923076923 0.06009615384615385 0.08173076923076923
0 0.5625 0.6574519230769231 0.125 0.18028846153846154
0 0.9795673076923077 0.7079326923076923 0.036057692307692304 0.07932692307692307
0 0.6850961538461539 0.7163461538461539 0.07692307692307693 0.10817307692307693
0 0.9230769230769231 0.71875 0.04567307692307692 0.06971153846153846
0 0.8629807692307693 0.7307692307692307 0.04567307692307692 0.057692307692307696