0 0.41225961538461536 0.12139423076923077 0.04567307692307692 0.07932692307692307
0 0.9350961538461539 0.12259615384615384 0.06009615384615385 0.06490384615384616
0 0.6466346153846154 0.0985576923076923 0.04567307692307692 0.07211538461538461
0 0.5120192307692307 0.11538461538461539 0.04807692307692308 0.06490384615384616
0 0.7740384615384616 0.09375 0.052884615384615384 0.0673076923076923
0 0.7091346153846154 0.10817307692307693 0.04807692307692308 0.06971153846153846
0 0.8449519230769231 0.010817307692307692 0.06009615384615385 0.021634615384615384
0 0.5985576923076923 0.11057692307692307 0.04567307692307692 0.06971153846153846
0 0.8725961538461539 0.12740384615384615 0.055288461538461536 0.06971153846153846
0 0.484375 0.016826923076923076 0.04567307692307692 0.03365384615384615
0 0.5889423076923077 0.007211538461538462 0.038461538461538464 0.014423076923076924
0 0.17307692307692307 0.5769230769230769 0.10576923076923077 0.16105769230769232
0 0.040865384615384616 0.5444711538461539 0.08173076923076923 0.17067307692307693
0 0.9182692307692307 0.7163461538461539 0.06490384615384616 0.06971153846153846
0 0.6754807692307693 0.5552884615384616 0.057692307692307696 0.06971153846153846