0 0.15865384615384615 0.06490384615384616 0.11298076923076923 0.11298076923076923
0 0.43990384615384615 0.0673076923076923 0.11778846153846154 0.12259615384615384
0 0.015625 0.10817307692307693 0.03125 0.1201923076923077
0 0.6586538461538461 0.28365384615384615 0.0889423076923077 0.10096153846153846
0 0.9375 0.28365384615384615 0.07692307692307693 0.10336538461538461
0 0.5625 0.2776442307692308 0.10576923076923077 0.13221153846153846
0 0.6598557692307693 0.003605769230769231 0.09375 0.007211538461538462
0 0.9375 0.003605769230769231 0.08173076923076923 0.007211538461538462
0 0.5637019230769231 0.014423076923076924 0.10817307692307693 0.028846153846153848
0 0.5661057692307693 0.7824519230769231 0.11298076923076923 0.2283653846153846
0 0.5673076923076923 0.5961538461538461 0.11538461538461539 0.15384615384615385