0 0.20192307692307693 0.18028846153846154 0.08413461538461539 0.11538461538461539
0 0.37259615384615385 0.19471153846153846 0.12740384615384615 0.1658653846153846
0 0.7331730769230769 0.3389423076923077 0.0889423076923077 0.10817307692307693
0 0.6346153846153846 0.375 0.06971153846153846 0.08653846153846154
0 0.9639423076923077 0.40625 0.0673076923076923 0.15865384615384615
0 0.8365384615384616 0.39663461538461536 0.08653846153846154 0.11298076923076923
0 0.8894230769230769 0.37740384615384615 0.04326923076923077 0.0673076923076923
0 0.7932692307692307 0.7043269230769231 0.11778846153846154 0.12740384615384615
0 0.7788461538461539 0.5384615384615384 0.07211538461538461 0.019230769230769232
0 0.6935096153846154 0.5432692307692307 0.036057692307692304 0.028846153846153848
0 0.8581730769230769 0.5745192307692307 0.04807692307692308 0.05048076923076923
0 0.9639423076923077 0.5480769230769231 0.038461538461538464 0.038461538461538464