1 0.5396634615384616 0.13822115384615385 0.021634615384615384 0.036057692307692304
1 0.5649038461538461 0.13942307692307693 0.03365384615384615 0.05048076923076923
1 0.6033653846153846 0.1346153846153846 0.03125 0.04567307692307692
1 0.8317307692307693 0.12740384615384615 0.02403846153846154 0.03365384615384615
1 0.8004807692307693 0.12740384615384615 0.028846153846153848 0.038461538461538464
1 0.7043269230769231 0.12259615384615384 0.028846153846153848 0.038461538461538464
0 0.3004807692307692 0.5793269230769231 0.06971153846153846 0.06490384615384616
0 0.6274038461538461 0.6947115384615384 0.0673076923076923 0.08653846153846154
0 0.9206730769230769 0.7427884615384616 0.057692307692307696 0.07692307692307693
0 0.75 0.7043269230769231 0.07451923076923077 0.07932692307692307
0 0.6706730769230769 0.6850961538461539 0.04567307692307692 0.06971153846153846