0 0.042067307692307696 0.025240384615384616 0.06971153846153846 0.05048076923076923
0 0.84375 0.125 0.15144230769230768 0.15144230769230768
0 0.5853365384615384 0.04807692307692308 0.12259615384615384 0.09615384615384616
0 0.49399038461538464 0.039663461538461536 0.03125 0.07932692307692307
0 0.6490384615384616 0.13701923076923078 0.10576923076923077 0.12980769230769232
1 0.9831730769230769 0.03365384615384615 0.026442307692307692 0.03365384615384615
0 0.29086538461538464 0.6706730769230769 0.055288461538461536 0.06971153846153846
1 0.05048076923076923 0.6586538461538461 0.04567307692307692 0.055288461538461536
1 0.19230769230769232 0.6466346153846154 0.040865384615384616 0.055288461538461536
1 0.43028846153846156 0.6274038461538461 0.0889423076923077 0.07932692307692307
0 0.8004807692307693 0.8822115384615384 0.055288461538461536 0.08653846153846154
0 0.8725961538461539 0.8846153846153846 0.038461538461538464 0.05048076923076923