0 0.25 0.25721153846153844 0.14423076923076922 0.125
0 0.03245192307692308 0.036057692307692304 0.06490384615384616 0.07211538461538461
0 0.8653846153846154 0.18269230769230768 0.1658653846153846 0.16105769230769232
0 0.24759615384615385 0.6225961538461539 0.057692307692307696 0.06490384615384616
0 0.4807692307692308 0.7692307692307693 0.12740384615384615 0.15625
0 0.6177884615384616 0.7620192307692307 0.11778846153846154 0.14182692307692307
0 0.7764423076923077 0.7908653846153846 0.10817307692307693 0.1346153846153846
0 0.8125 0.7259615384615384 0.07451923076923077 0.10817307692307693
1 0.9014423076923077 0.7596153846153846 0.11778846153846154 0.15384615384615385
0 0.48197115384615385 0.42788461538461536 0.13221153846153846 0.038461538461538464
0 0.6189903846153846 0.42788461538461536 0.12259615384615384 0.038461538461538464
0 0.8137019230769231 0.4375 0.07932692307692307 0.057692307692307696
1 0.9026442307692307 0.4326923076923077 0.12259615384615384 0.04807692307692308