0 0.04567307692307692 0.30649038461538464 0.04807692307692308 0.06009615384615385
0 0.09615384615384616 0.29086538461538464 0.04567307692307692 0.06009615384615385
0 0.18509615384615385 0.3004807692307692 0.04326923076923077 0.06490384615384616
0 0.2548076923076923 0.2956730769230769 0.04567307692307692 0.06009615384615385
0 0.3293269230769231 0.2932692307692308 0.04567307692307692 0.057692307692307696
0 0.16105769230769232 0.2956730769230769 0.04326923076923077 0.06971153846153846
0 0.6394230769230769 0.16346153846153846 0.10576923076923077 0.11538461538461539
0 0.7788461538461539 0.1346153846153846 0.10576923076923077 0.125
0 0.39903846153846156 0.5072115384615384 0.0625 0.12980769230769232
0 0.4567307692307692 0.5192307692307693 0.07211538461538461 0.11538461538461539
0 0.5552884615384616 0.5096153846153846 0.11298076923076923 0.13942307692307693
0 0.6971153846153846 0.5048076923076923 0.09375 0.13221153846153846
0 0.6610576923076923 0.4519230769230769 0.08173076923076923 0.12259615384615384
0 0.8629807692307693 0.47836538461538464 0.08413461538461539 0.11778846153846154
0 0.8317307692307693 0.44471153846153844 0.06971153846153846 0.08173076923076923
0 0.9735576923076923 0.5084134615384616 0.04807692307692308 0.12740384615384615
0 0.9663461538461539 0.42427884615384615 0.0625 0.0889423076923077
1 0.8197115384615384 0.5288461538461539 0.0889423076923077 0.10576923076923077