0 0.22956730769230768 0.16346153846153846 0.036057692307692304 0.1971153846153846
0 0.11298076923076923 0.15144230769230768 0.07211538461538461 0.19951923076923078
0 0.2091346153846154 0.078125 0.07692307692307693 0.15625
0 0.16706730769230768 0.06850961538461539 0.09375 0.13701923076923078
0 0.10576923076923077 0.03365384615384615 0.0625 0.0673076923076923
0 0.036057692307692304 0.15144230769230768 0.07211538461538461 0.19951923076923078
0 0.016826923076923076 0.06971153846153846 0.03365384615384615 0.13942307692307693
0 0.04326923076923077 0.03365384615384615 0.0625 0.0673076923076923
0 0.4879807692307692 0.3858173076923077 0.14423076923076922 0.12259615384615384
0 0.953125 0.3954326923076923 0.0889423076923077 0.10336538461538461
0 0.9014423076923077 0.421875 0.07692307692307693 0.05048076923076923
0 0.7163461538461539 0.3894230769230769 0.1346153846153846 0.11538461538461539
0 0.8509615384615384 0.1658653846153846 0.03365384615384615 0.03365384615384615
0 0.8509615384615384 0.12740384615384615 0.03365384615384615 0.03365384615384615
0 0.02403846153846154 0.6105769230769231 0.04807692307692308 0.057692307692307696
1 0.8725961538461539 0.5384615384615384 0.07932692307692307 0.0889423076923077
1 0.5600961538461539 0.5072115384615384 0.07692307692307693 0.10336538461538461
1 0.4110576923076923 0.5600961538461539 0.06971153846153846 0.08653846153846154
1 0.7451923076923077 0.5552884615384616 0.04807692307692308 0.06009615384615385