0 0.3581730769230769 0.13701923076923078 0.03365384615384615 0.04567307692307692
0 0.004807692307692308 0.15264423076923078 0.009615384615384616 0.04567307692307692
0 0.04326923076923077 0.16346153846153846 0.028846153846153848 0.036057692307692304
0 0.2932692307692308 0.12740384615384615 0.026442307692307692 0.038461538461538464
0 0.42788461538461536 0.07572115384615384 0.019230769230769232 0.040865384615384616
0 0.6009615384615384 0.10336538461538461 0.06971153846153846 0.09134615384615384
0 0.7331730769230769 0.10336538461538461 0.0889423076923077 0.10336538461538461
0 0.875 0.11057692307692307 0.11778846153846154 0.13701923076923078
0 0.5072115384615384 0.06971153846153846 0.08173076923076923 0.10096153846153846
0 0.3112980769230769 0.5913461538461539 0.10336538461538461 0.0673076923076923
0 0.42908653846153844 0.5961538461538461 0.016826923076923076 0.07692307692307693
0 0.018028846153846152 0.5925480769230769 0.036057692307692304 0.06971153846153846
0 0.1971153846153846 0.5769230769230769 0.11538461538461539 0.038461538461538464
0 0.13822115384615385 0.5901442307692307 0.06009615384615385 0.06490384615384616
0 0.10216346153846154 0.5961538461538461 0.036057692307692304 0.07692307692307693
0 0.07211538461538461 0.6153846153846154 0.04567307692307692 0.06490384615384616