0 0.2956730769230769 0.4423076923076923 0.028846153846153848 0.03365384615384615
0 0.12980769230769232 0.43990384615384615 0.021634615384615384 0.028846153846153848
0 0.15865384615384615 0.43028846153846156 0.026442307692307692 0.03365384615384615
0 0.6875 0.27163461538461536 0.06490384615384616 0.07932692307692307
0 0.8233173076923077 0.46153846153846156 0.055288461538461536 0.07211538461538461
0 0.7355769230769231 0.008413461538461538 0.052884615384615384 0.016826923076923076
0 0.036057692307692304 0.8629807692307693 0.026442307692307692 0.026442307692307692
0 0.21875 0.8774038461538461 0.03365384615384615 0.04326923076923077
0 0.1201923076923077 0.8629807692307693 0.021634615384615384 0.021634615384615384
0 0.2956730769230769 0.8581730769230769 0.02403846153846154 0.028846153846153848
0 0.8221153846153846 0.7403846153846154 0.10096153846153846 0.12740384615384615