0 0.11538461538461539 0.08173076923076923 0.09615384615384616 0.12740384615384615
0 0.23918269230769232 0.057692307692307696 0.10817307692307693 0.11538461538461539
0 0.6274038461538461 0.5288461538461539 0.07692307692307693 0.05048076923076923
0 0.4050480769230769 0.6478365384615384 0.040865384615384616 0.06009615384615385
1 0.2548076923076923 0.6286057692307693 0.052884615384615384 0.040865384615384616
1 0.16105769230769232 0.6418269230769231 0.038461538461538464 0.040865384615384616
1 0.19230769230769232 0.6490384615384616 0.028846153846153848 0.040865384615384616
1 0.3858173076923077 0.6358173076923077 0.036057692307692304 0.055288461538461536
0 0.8966346153846154 0.6766826923076923 0.1201923076923077 0.13701923076923078
0 0.5913461538461539 0.6947115384615384 0.0985576923076923 0.14182692307692307
0 0.7860576923076923 0.6899038461538461 0.09134615384615384 0.1346153846153846