0 0.057692307692307696 0.07211538461538461 0.055288461538461536 0.07692307692307693
0 0.11298076923076923 0.08413461538461539 0.04326923076923077 0.0625
0 0.4230769230769231 0.07211538461538461 0.04326923076923077 0.05048076923076923
0 0.19230769230769232 0.08413461538461539 0.052884615384615384 0.04807692307692308
0 0.2620192307692308 0.08413461538461539 0.040865384615384616 0.04567307692307692
0 0.35096153846153844 0.057692307692307696 0.036057692307692304 0.057692307692307696
0 0.3870192307692308 0.055288461538461536 0.03125 0.057692307692307696
0 0.46634615384615385 0.0673076923076923 0.04326923076923077 0.057692307692307696
0 0.06971153846153846 0.5456730769230769 0.057692307692307696 0.052884615384615384
0 0.15865384615384615 0.5288461538461539 0.052884615384615384 0.05048076923076923
0 0.3004807692307692 0.5504807692307693 0.04807692307692308 0.04326923076923077
0 0.34134615384615385 0.5432692307692307 0.028846153846153848 0.04807692307692308
0 0.42788461538461536 0.5528846153846154 0.052884615384615384 0.04807692307692308
0 0.5564903846153846 0.5420673076923077 0.021634615384615384 0.06009615384615385
0 0.7740384615384616 0.8581730769230769 0.06971153846153846 0.07692307692307693
0 0.9759615384615384 0.8701923076923077 0.04326923076923077 0.07211538461538461
0 0.8557692307692307 0.8725961538461539 0.04567307692307692 0.06009615384615385
0 0.9038461538461539 0.8846153846153846 0.04567307692307692 0.0625
0 0.9471153846153846 0.9014423076923077 0.04567307692307692 0.06009615384615385