0 0.19471153846153846 0.11538461538461539 0.11778846153846154 0.10576923076923077
0 0.04326923076923077 0.06009615384615385 0.08653846153846154 0.1201923076923077
0 0.8401442307692307 0.24519230769230768 0.31490384615384615 0.41346153846153844
0 0.06009615384615385 0.9543269230769231 0.052884615384615384 0.052884615384615384
0 0.21153846153846154 0.9543269230769231 0.052884615384615384 0.057692307692307696
0 0.09495192307692307 0.9855769230769231 0.06971153846153846 0.02403846153846154
1 0.3762019230769231 0.9783653846153846 0.07932692307692307 0.038461538461538464
0 0.06009615384615385 0.5949519230769231 0.057692307692307696 0.01201923076923077
0 0.2127403846153846 0.5961538461538461 0.06009615384615385 0.014423076923076924
0 0.8497596153846154 0.6622596153846154 0.13701923076923078 0.1466346153846154
0 0.96875 0.7043269230769231 0.057692307692307696 0.11057692307692307