0 0.2644230769230769 0.1875 0.09615384615384616 0.0985576923076923
0 0.038461538461538464 0.2644230769230769 0.055288461538461536 0.057692307692307696
0 0.4326923076923077 0.2403846153846154 0.028846153846153848 0.04326923076923077
1 0.49278846153846156 0.11057692307692307 0.028846153846153848 0.038461538461538464
1 0.5168269230769231 0.12740384615384615 0.04567307692307692 0.04807692307692308
1 0.5865384615384616 0.125 0.04567307692307692 0.055288461538461536
1 0.6971153846153846 0.13221153846153846 0.038461538461538464 0.04807692307692308
1 0.7283653846153846 0.11538461538461539 0.03365384615384615 0.05048076923076923
1 0.7620192307692307 0.12980769230769232 0.04567307692307692 0.05048076923076923
1 0.9110576923076923 0.12740384615384615 0.03365384615384615 0.04567307692307692
1 0.8918269230769231 0.10817307692307693 0.026442307692307692 0.04807692307692308
1 0.028846153846153848 0.7043269230769231 0.03365384615384615 0.04326923076923077
1 0.10817307692307693 0.7163461538461539 0.021634615384615384 0.026442307692307692
1 0.1875 0.7139423076923077 0.014423076923076924 0.026442307692307692
1 0.1466346153846154 0.7067307692307693 0.040865384615384616 0.055288461538461536
1 0.2956730769230769 0.6826923076923077 0.038461538461538464 0.052884615384615384
1 0.34134615384615385 0.6730769230769231 0.03125 0.038461538461538464
1 0.3245192307692308 0.6875 0.021634615384615384 0.03365384615384615
1 0.38221153846153844 0.6778846153846154 0.03365384615384615 0.03365384615384615
1 0.44471153846153844 0.6826923076923077 0.03365384615384615 0.04567307692307692
1 0.4699519230769231 0.6706730769230769 0.01201923076923077 0.0673076923076923
0 0.9230769230769231 0.8004807692307693 0.055288461538461536 0.06009615384615385