0 0.27884615384615385 0.22355769230769232 0.1346153846153846 0.15144230769230768
0 0.3605769230769231 0.23557692307692307 0.08413461538461539 0.15384615384615385
0 0.9459134615384616 0.09014423076923077 0.10336538461538461 0.18028846153846154
0 0.18269230769230768 0.7043269230769231 0.036057692307692304 0.05048076923076923
0 0.10336538461538461 0.5480769230769231 0.03365384615384615 0.04326923076923077
0 0.6153846153846154 0.6706730769230769 0.03365384615384615 0.07211538461538461
0 0.7307692307692307 0.6850961538461539 0.06971153846153846 0.0673076923076923
0 0.8076923076923077 0.6971153846153846 0.04567307692307692 0.06009615384615385
0 0.9447115384615384 0.6995192307692307 0.08173076923076923 0.09375
0 0.8725961538461539 0.7163461538461539 0.03125 0.04326923076923077
0 0.6418269230769231 0.6802884615384616 0.03365384615384615 0.055288461538461536
0 0.6875 0.6995192307692307 0.021634615384615384 0.03365384615384615