0 0.04326923076923077 0.0673076923076923 0.08413461538461539 0.10096153846153846
0 0.5288461538461539 0.08413461538461539 0.09615384615384616 0.125
0 0.2980769230769231 0.06490384615384616 0.0889423076923077 0.11538461538461539
1 0.07211538461538461 0.4423076923076923 0.07451923076923077 0.07692307692307693
1 0.1201923076923077 0.4567307692307692 0.03365384615384615 0.052884615384615384
1 0.27884615384615385 0.4519230769230769 0.052884615384615384 0.06971153846153846
1 0.3894230769230769 0.49038461538461536 0.028846153846153848 0.04567307692307692
1 0.44711538461538464 0.4543269230769231 0.040865384615384616 0.04807692307692308
1 0.5240384615384616 0.4519230769230769 0.038461538461538464 0.04807692307692308
1 0.609375 0.4254807692307692 0.07451923076923077 0.07211538461538461
0 0.7596153846153846 0.7475961538461539 0.07211538461538461 0.08173076923076923
0 0.7355769230769231 0.6899038461538461 0.040865384615384616 0.038461538461538464
0 0.9567307692307693 0.6971153846153846 0.040865384615384616 0.038461538461538464
1 0.6778846153846154 0.6971153846153846 0.05048076923076923 0.04567307692307692
1 0.8557692307692307 0.7043269230769231 0.06009615384615385 0.06009615384615385
1 0.8942307692307693 0.7283653846153846 0.04326923076923077 0.06009615384615385
0 0.9206730769230769 0.6658653846153846 0.036057692307692304 0.03365384615384615
1 0.8197115384615384 0.6538461538461539 0.026442307692307692 0.03365384615384615
1 0.8605769230769231 0.6418269230769231 0.028846153846153848 0.036057692307692304
1 0.8870192307692307 0.6466346153846154 0.02403846153846154 0.03125
1 0.7524038461538461 0.6634615384615384 0.028846153846153848 0.03125