1 0.052884615384615384 0.17067307692307693 0.09375 0.11057692307692307
1 0.5204326923076923 0.16105769230769232 0.03125 0.15865384615384615
1 0.3004807692307692 0.1971153846153846 0.057692307692307696 0.07692307692307693
1 0.22596153846153846 0.15625 0.10096153846153846 0.11778846153846154
1 0.41346153846153844 0.17307692307692307 0.09375 0.12980769230769232
1 0.1466346153846154 0.21394230769230768 0.040865384615384616 0.05048076923076923
1 0.4735576923076923 0.21394230769230768 0.055288461538461536 0.07451923076923077
0 0.7259615384615384 0.08653846153846154 0.20192307692307693 0.17307692307692307
0 0.03485576923076923 0.6478365384615384 0.06971153846153846 0.06971153846153846
0 0.9915865384615384 0.7956730769230769 0.01201923076923077 0.052884615384615384
0 0.96875 0.8004807692307693 0.040865384615384616 0.05048076923076923
0 0.8701923076923077 0.8173076923076923 0.04567307692307692 0.04567307692307692
0 0.9014423076923077 0.7980769230769231 0.02403846153846154 0.03365384615384615
0 0.7524038461538461 0.8846153846153846 0.040865384615384616 0.036057692307692304
0 0.6706730769230769 0.7884615384615384 0.04567307692307692 0.03365384615384615
0 0.5649038461538461 0.8004807692307693 0.028846153846153848 0.038461538461538464
0 0.5516826923076923 0.8545673076923077 0.026442307692307692 0.036057692307692304