0 0.5865384615384616 0.1466346153846154 0.11298076923076923 0.14423076923076922
0 0.9855769230769231 0.19110576923076922 0.02403846153846154 0.09375
0 0.8557692307692307 0.17548076923076922 0.1346153846153846 0.15144230769230768
0 0.7259615384615384 0.21153846153846154 0.04807692307692308 0.06971153846153846
0 0.6826923076923077 0.18028846153846154 0.036057692307692304 0.055288461538461536
0 0.7764423076923077 0.20673076923076922 0.04326923076923077 0.057692307692307696
0 0.4014423076923077 0.5913461538461539 0.12980769230769232 0.22596153846153846
0 0.9110576923076923 0.4182692307692308 0.07211538461538461 0.07692307692307693
0 0.6670673076923077 0.40384615384615385 0.0889423076923077 0.04807692307692308
0 0.7752403846153846 0.4110576923076923 0.10817307692307693 0.0625
0 0.5300480769230769 0.4206730769230769 0.0985576923076923 0.08173076923076923