0 0.5817307692307693 0.25 0.04326923076923077 0.036057692307692304
0 0.6935096153846154 0.17548076923076922 0.06971153846153846 0.11057692307692307
1 0.5072115384615384 0.5432692307692307 0.07451923076923077 0.09134615384615384
1 0.0673076923076923 0.5264423076923077 0.08173076923076923 0.09375
1 0.006009615384615385 0.5432692307692307 0.01201923076923077 0.04807692307692308
1 0.23798076923076922 0.5576923076923077 0.03365384615384615 0.04567307692307692
1 0.27403846153846156 0.5432692307692307 0.028846153846153848 0.04567307692307692
1 0.30528846153846156 0.5336538461538461 0.036057692307692304 0.057692307692307696
1 0.40625 0.5432692307692307 0.04567307692307692 0.055288461538461536
1 0.8774038461538461 0.6370192307692307 0.07211538461538461 0.07451923076923077
1 0.6814903846153846 0.6742788461538461 0.04567307692307692 0.06009615384615385