0 0.15865384615384615 0.23798076923076922 0.10576923076923077 0.125
0 0.375 0.2932692307692308 0.02403846153846154 0.1346153846153846
0 0.6826923076923077 0.20673076923076922 0.08653846153846154 0.09134615384615384
0 0.4026442307692308 0.9603365384615384 0.026442307692307692 0.055288461538461536
0 0.46634615384615385 0.9615384615384616 0.038461538461538464 0.057692307692307696
0 0.5600961538461539 0.9615384615384616 0.036057692307692304 0.06009615384615385
0 0.6322115384615384 0.9735576923076923 0.038461538461538464 0.05048076923076923
0 0.7091346153846154 0.9747596153846154 0.038461538461538464 0.04567307692307692
0 0.7932692307692307 0.9735576923076923 0.038461538461538464 0.04807692307692308
0 0.8882211538461539 0.9747596153846154 0.04567307692307692 0.04567307692307692
0 0.9795673076923077 0.9783653846153846 0.036057692307692304 0.038461538461538464