0 0.2439903846153846 0.2127403846153846 0.2668269230769231 0.2860576923076923
0 0.5504807692307693 0.25 0.19230769230769232 0.21153846153846154
0 0.030048076923076924 0.1875 0.06009615384615385 0.2692307692307692
0 0.2439903846153846 0.018028846153846152 0.27163461538461536 0.036057692307692304
0 0.9483173076923077 0.052884615384615384 0.10336538461538461 0.10576923076923077
0 0.7620192307692307 0.07932692307692307 0.06490384615384616 0.08173076923076923
0 0.8137019230769231 0.037259615384615384 0.06009615384615385 0.07451923076923077
0 0.6947115384615384 0.07211538461538461 0.036057692307692304 0.05048076923076923
0 0.53125 0.4423076923076923 0.08173076923076923 0.09134615384615384
0 0.4567307692307692 0.6129807692307693 0.13221153846153846 0.14423076923076922
0 0.1778846153846154 0.5769230769230769 0.057692307692307696 0.06009615384615385
0 0.5216346153846154 0.5336538461538461 0.05048076923076923 0.0625
0 0.671875 0.9519230769230769 0.04567307692307692 0.04807692307692308