0 0.27283653846153844 0.16105769230769232 0.04567307692307692 0.07211538461538461
0 0.18509615384615385 0.2692307692307692 0.11057692307692307 0.052884615384615384
0 0.35216346153846156 0.04927884615384615 0.10817307692307693 0.0985576923076923
0 0.5552884615384616 0.02283653846153846 0.15384615384615385 0.04567307692307692
0 0.8810096153846154 0.056490384615384616 0.12740384615384615 0.11298076923076923
0 0.4567307692307692 0.03485576923076923 0.08653846153846154 0.06971153846153846
0 0.7836538461538461 0.051682692307692304 0.11057692307692307 0.10336538461538461
0 0.2403846153846154 0.6682692307692307 0.04326923076923077 0.057692307692307696
0 0.13701923076923078 0.6826923076923077 0.04326923076923077 0.04567307692307692
1 0.9771634615384616 0.49158653846153844 0.040865384615384616 0.10336538461538461
1 0.6201923076923077 0.5 0.0625 0.08413461538461539
1 0.38461538461538464 0.4639423076923077 0.07692307692307693 0.08173076923076923
1 0.8245192307692307 0.46153846153846156 0.0625 0.07692307692307693
1 0.6899038461538461 0.5 0.04567307692307692 0.06971153846153846
1 0.5360576923076923 0.5264423076923077 0.03125 0.04567307692307692
1 0.7764423076923077 0.4807692307692308 0.04567307692307692 0.057692307692307696