0 0.10096153846153846 0.28846153846153844 0.04326923076923077 0.06490384615384616
0 0.05048076923076923 0.17067307692307693 0.03365384615384615 0.040865384615384616
0 0.026442307692307692 0.1466346153846154 0.03365384615384615 0.052884615384615384
0 0.31009615384615385 0.40865384615384615 0.040865384615384616 0.06490384615384616
0 0.4951923076923077 0.41346153846153844 0.052884615384615384 0.055288461538461536
0 0.2692307692307692 0.3004807692307692 0.04326923076923077 0.057692307692307696
0 0.3293269230769231 0.3076923076923077 0.05048076923076923 0.06490384615384616
0 0.5048076923076923 0.30528846153846156 0.04807692307692308 0.057692307692307696
0 0.5456730769230769 0.3004807692307692 0.03125 0.04807692307692308
0 0.9555288461538461 0.1346153846153846 0.08413461538461539 0.0625
0 0.25721153846153844 0.8076923076923077 0.05048076923076923 0.07692307692307693
0 0.4951923076923077 0.7860576923076923 0.04567307692307692 0.07211538461538461
0 0.3605769230769231 0.8028846153846154 0.04807692307692308 0.06490384615384616
0 0.5576923076923077 0.7956730769230769 0.04807692307692308 0.06971153846153846
0 0.44711538461538464 0.7980769230769231 0.04567307692307692 0.06971153846153846
0 0.12980769230769232 0.7956730769230769 0.057692307692307696 0.0625
0 0.1875 0.7740384615384616 0.04807692307692308 0.055288461538461536
0 0.22115384615384615 0.7307692307692307 0.038461538461538464 0.06009615384615385
0 0.3329326923076923 0.6947115384615384 0.04567307692307692 0.052884615384615384
0 0.4375 0.6850961538461539 0.038461538461538464 0.03365384615384615