0 0.25721153846153844 0.20432692307692307 0.13942307692307693 0.18990384615384615
0 0.06490384615384616 0.25600961538461536 0.12980769230769232 0.18028846153846154
0 0.5600961538461539 0.33413461538461536 0.052884615384615384 0.057692307692307696
0 0.6009615384615384 0.2980769230769231 0.04807692307692308 0.06009615384615385
0 0.6658653846153846 0.27403846153846156 0.04567307692307692 0.06490384615384616
0 0.6418269230769231 0.2764423076923077 0.038461538461538464 0.055288461538461536
0 0.7620192307692307 0.2764423076923077 0.055288461538461536 0.0673076923076923
0 0.8125 0.2644230769230769 0.04807692307692308 0.07451923076923077
0 0.421875 0.984375 0.07451923076923077 0.026442307692307692
0 0.03365384615384615 0.9651442307692307 0.0673076923076923 0.06490384615384616
0 0.39663461538461536 0.9543269230769231 0.040865384615384616 0.038461538461538464
1 0.21514423076923078 0.9759615384615384 0.06490384615384616 0.04326923076923077
1 0.2692307692307692 0.9543269230769231 0.057692307692307696 0.052884615384615384
1 0.3389423076923077 0.9615384615384616 0.05048076923076923 0.04567307692307692
1 0.4963942307692308 0.9675480769230769 0.021634615384615384 0.06009615384615385
1 0.4807692307692308 0.9182692307692307 0.026442307692307692 0.03365384615384615
1 0.41346153846153844 0.9278846153846154 0.028846153846153848 0.03125
0 0.5901442307692307 0.6899038461538461 0.16105769230769232 0.16346153846153846
0 0.6923076923076923 0.7139423076923077 0.12980769230769232 0.16105769230769232