0 0.028846153846153848 0.35096153846153844 0.057692307692307696 0.09615384615384616
0 0.08413461538461539 0.38221153846153844 0.052884615384615384 0.038461538461538464
0 0.21875 0.4014423076923077 0.04567307692307692 0.05048076923076923
0 0.3125 0.08413461538461539 0.038461538461538464 0.03365384615384615
0 0.7427884615384616 0.18990384615384615 0.07692307692307693 0.0889423076923077
0 0.4987980769230769 0.9242788461538461 0.13701923076923078 0.1466346153846154
0 0.24759615384615385 0.8413461538461539 0.1201923076923077 0.11298076923076923
0 0.12740384615384615 0.8269230769230769 0.08653846153846154 0.10817307692307693
0 0.3137019230769231 0.9362980769230769 0.10817307692307693 0.12259615384615384
0 0.057692307692307696 0.8221153846153846 0.055288461538461536 0.06009615384615385
0 0.6057692307692307 0.7776442307692307 0.07211538461538461 0.11298076923076923