0 0.27403846153846156 0.10336538461538461 0.07692307692307693 0.10576923076923077
0 0.040865384615384616 0.09375 0.08173076923076923 0.1201923076923077
0 0.6850961538461539 0.2620192307692308 0.10817307692307693 0.11778846153846154
0 0.9158653846153846 0.3870192307692308 0.1201923076923077 0.12980769230769232
0 0.47596153846153844 0.16105769230769232 0.11057692307692307 0.11778846153846154
0 0.47716346153846156 0.04326923076923077 0.11298076923076923 0.08653846153846154
1 0.8461538461538461 0.8389423076923077 0.09615384615384616 0.10576923076923077
1 0.7572115384615384 0.8125 0.057692307692307696 0.07451923076923077
1 0.5144230769230769 0.7932692307692307 0.05048076923076923 0.055288461538461536
1 0.6346153846153846 0.7980769230769231 0.038461538461538464 0.055288461538461536
1 0.7163461538461539 0.8076923076923077 0.036057692307692304 0.06490384615384616
1 0.9795673076923077 0.8870192307692307 0.036057692307692304 0.19230769230769232