0 0.5685096153846154 0.021634615384615384 0.036057692307692304 0.04326923076923077
0 0.5372596153846154 0.018028846153846152 0.036057692307692304 0.036057692307692304
0 0.6310096153846154 0.021634615384615384 0.040865384615384616 0.04326923076923077
0 0.6694711538461539 0.015625 0.036057692307692304 0.03125
0 0.7199519230769231 0.021634615384615384 0.04567307692307692 0.04326923076923077
0 0.9663461538461539 0.014423076923076924 0.0625 0.028846153846153848
0 0.7824519230769231 0.014423076923076924 0.09375 0.028846153846153848
0 0.8245192307692307 0.015625 0.038461538461538464 0.03125
0 0.9242788461538461 0.015625 0.040865384615384616 0.03125
0 0.4326923076923077 0.46153846153846156 0.07692307692307693 0.08653846153846154
0 0.3269230769230769 0.46274038461538464 0.09134615384615384 0.0889423076923077
0 0.03245192307692308 0.4519230769230769 0.06490384615384616 0.0673076923076923
0 0.20432692307692307 0.44591346153846156 0.11538461538461539 0.055288461538461536