0 0.6838942307692307 0.30528846153846156 0.026442307692307692 0.14423076923076922
0 0.4495192307692308 0.33653846153846156 0.052884615384615384 0.09134615384615384
0 0.5625 0.3485576923076923 0.055288461538461536 0.08653846153846154
0 0.1201923076923077 0.35336538461538464 0.052884615384615384 0.06971153846153846
0 0.03125 0.35336538461538464 0.04807692307692308 0.06971153846153846
1 0.007211538461538462 0.33774038461538464 0.014423076923076924 0.06971153846153846
1 0.6153846153846154 0.3389423076923077 0.055288461538461536 0.0889423076923077
1 0.25721153846153844 0.36778846153846156 0.04567307692307692 0.07211538461538461
1 0.3701923076923077 0.3557692307692308 0.04326923076923077 0.07451923076923077
1 0.31490384615384615 0.3389423076923077 0.038461538461538464 0.06490384615384616
0 0.0673076923076923 0.3173076923076923 0.03365384615384615 0.04807692307692308
1 0.21394230769230768 0.3485576923076923 0.04326923076923077 0.06490384615384616
0 0.71875 0.7644230769230769 0.016826923076923076 0.028846153846153848
0 0.8365384615384616 0.7475961538461539 0.02403846153846154 0.038461538461538464
0 0.8365384615384616 0.4735576923076923 0.028846153846153848 0.009615384615384616