0 0.25240384615384615 0.32211538461538464 0.06490384615384616 0.09375
0 0.16346153846153846 0.32211538461538464 0.08413461538461539 0.11538461538461539
0 0.025240384615384616 0.3557692307692308 0.05048076923076923 0.10096153846153846
0 0.38461538461538464 0.31490384615384615 0.08173076923076923 0.12980769230769232
0 0.4206730769230769 0.3329326923076923 0.03365384615384615 0.14182692307692307
0 0.7307692307692307 0.2668269230769231 0.04807692307692308 0.055288461538461536
0 0.49759615384615385 0.24278846153846154 0.04326923076923077 0.05048076923076923
0 0.5432692307692307 0.2692307692307692 0.036057692307692304 0.05048076923076923
0 0.8245192307692307 0.2692307692307692 0.038461538461538464 0.036057692307692304
0 0.8822115384615384 0.24519230769230768 0.057692307692307696 0.0625
0 0.9206730769230769 0.27163461538461536 0.040865384615384616 0.04326923076923077
0 0.9350961538461539 0.2403846153846154 0.036057692307692304 0.04326923076923077
0 0.234375 0.7091346153846154 0.24759615384615385 0.27884615384615385
0 0.5048076923076923 0.7860576923076923 0.04326923076923077 0.04326923076923077
0 0.5889423076923077 0.8197115384615384 0.04567307692307692 0.04326923076923077
0 0.7307692307692307 0.7716346153846154 0.040865384615384616 0.04567307692307692
1 0.4855769230769231 0.8533653846153846 0.04807692307692308 0.04567307692307692
1 0.5576923076923077 0.875 0.055288461538461536 0.04567307692307692
1 0.6634615384615384 0.8509615384615384 0.055288461538461536 0.055288461538461536
1 0.7836538461538461 0.7932692307692307 0.055288461538461536 0.04807692307692308
1 0.8581730769230769 0.6610576923076923 0.03365384615384615 0.03125
1 0.9134615384615384 0.6610576923076923 0.028846153846153848 0.02403846153846154
0 0.8221153846153846 0.6995192307692307 0.03365384615384615 0.03365384615384615
0 0.9879807692307693 0.65625 0.019230769230769232 0.03365384615384615