0 0.4831730769230769 0.23557692307692307 0.028846153846153848 0.10096153846153846
0 0.0889423076923077 0.25240384615384615 0.07932692307692307 0.09615384615384616
0 0.32211538461538464 0.22115384615384615 0.06971153846153846 0.08653846153846154
0 0.18990384615384615 0.25240384615384615 0.06490384615384616 0.08653846153846154
0 0.23798076923076922 0.21153846153846154 0.057692307692307696 0.07932692307692307
0 0.02403846153846154 0.19471153846153846 0.04807692307692308 0.06490384615384616
0 0.34615384615384615 0.18509615384615385 0.057692307692307696 0.07932692307692307
0 0.6274038461538461 0.20192307692307693 0.08653846153846154 0.11778846153846154
1 0.16346153846153846 0.6514423076923077 0.057692307692307696 0.07692307692307693
1 0.39903846153846156 0.6826923076923077 0.057692307692307696 0.06971153846153846
1 0.10096153846153846 0.6875 0.03365384615384615 0.04326923076923077
1 0.47596153846153844 0.6923076923076923 0.026442307692307692 0.04326923076923077
1 0.0673076923076923 0.6875 0.028846153846153848 0.04567307692307692
1 0.28125 0.6706730769230769 0.03365384615384615 0.04567307692307692
1 0.32211538461538464 0.6899038461538461 0.038461538461538464 0.052884615384615384
0 0.9831730769230769 0.8341346153846154 0.028846153846153848 0.10096153846153846
1 0.7211538461538461 0.8413461538461539 0.12980769230769232 0.15384615384615385
1 0.9579326923076923 0.8329326923076923 0.07932692307692307 0.12259615384615384
1 0.8605769230769231 0.8197115384615384 0.09375 0.1201923076923077