0 0.2932692307692308 0.08413461538461539 0.10817307692307693 0.14182692307692307
0 0.5384615384615384 0.08173076923076923 0.09375 0.10576923076923077
0 0.04326923076923077 0.06490384615384616 0.08653846153846154 0.12980769230769232
0 0.10336538461538461 0.11778846153846154 0.06009615384615385 0.05048076923076923
0 0.9447115384615384 0.2692307692307692 0.07932692307692307 0.09375
0 0.7668269230769231 0.29086538461538464 0.08413461538461539 0.10336538461538461
0 0.6442307692307693 0.4254807692307692 0.11057692307692307 0.16826923076923078
0 0.8245192307692307 0.17548076923076922 0.04807692307692308 0.07692307692307693
0 0.7548076923076923 0.20192307692307693 0.06009615384615385 0.07692307692307693
0 0.42908653846153844 0.5769230769230769 0.07451923076923077 0.057692307692307696
0 0.20192307692307693 0.5661057692307693 0.0625 0.036057692307692304
0 0.7932692307692307 0.8990384615384616 0.11057692307692307 0.12259615384615384
0 0.9807692307692307 0.9759615384615384 0.03365384615384615 0.04326923076923077