0 0.1778846153846154 0.25240384615384615 0.15865384615384615 0.1778846153846154
0 0.055288461538461536 0.27403846153846156 0.0625 0.07211538461538461
0 0.018028846153846152 0.28846153846153844 0.036057692307692304 0.057692307692307696
0 0.17908653846153846 0.03125 0.1658653846153846 0.0625
0 0.6201923076923077 0.09615384615384616 0.13221153846153846 0.17307692307692307
0 0.31490384615384615 0.21754807692307693 0.052884615384615384 0.07932692307692307
0 0.37259615384615385 0.18028846153846154 0.09375 0.09134615384615384
0 0.21514423076923078 0.4795673076923077 0.14182692307692307 0.10336538461538461
0 0.36538461538461536 0.6610576923076923 0.0673076923076923 0.07932692307692307
0 0.4639423076923077 0.6514423076923077 0.057692307692307696 0.07692307692307693
0 0.9747596153846154 0.6550480769230769 0.04567307692307692 0.06971153846153846
0 0.9302884615384616 0.6730769230769231 0.05048076923076923 0.07451923076923077
0 0.5432692307692307 0.65625 0.05048076923076923 0.0673076923076923
0 0.6033653846153846 0.6778846153846154 0.038461538461538464 0.05048076923076923
0 0.6514423076923077 0.6706730769230769 0.038461538461538464 0.05048076923076923
0 0.6899038461538461 0.6802884615384616 0.03125 0.05048076923076923