0 0.09134615384615384 0.2860576923076923 0.10576923076923077 0.11778846153846154
0 0.2668269230769231 0.2860576923076923 0.10817307692307693 0.11778846153846154
0 0.4338942307692308 0.23317307692307693 0.026442307692307692 0.07211538461538461
1 0.2932692307692308 0.20192307692307693 0.036057692307692304 0.05048076923076923
1 0.41346153846153844 0.18509615384615385 0.03365384615384615 0.03365384615384615
0 0.09254807692307693 0.04447115384615385 0.11298076923076923 0.0889423076923077
0 0.2692307692307692 0.04447115384615385 0.11538461538461539 0.0889423076923077
0 0.4338942307692308 0.07932692307692307 0.026442307692307692 0.07211538461538461
1 0.2932692307692308 0.11057692307692307 0.036057692307692304 0.05048076923076923
1 0.41346153846153844 0.12740384615384615 0.03365384615384615 0.03365384615384615
0 0.7860576923076923 0.109375 0.35096153846153844 0.21875
0 0.02403846153846154 0.9230769230769231 0.02403846153846154 0.026442307692307692
0 0.8461538461538461 0.7572115384615384 0.14903846153846154 0.20192307692307693
0 0.8461538461538461 0.5072115384615384 0.15384615384615385 0.09615384615384616