0 0.38100961538461536 0.17427884615384615 0.0889423076923077 0.14182692307692307
1 0.8521634615384616 0.03125 0.07451923076923077 0.0625
1 0.5096153846153846 0.015625 0.07692307692307693 0.03125
1 0.9783653846153846 0.013221153846153846 0.038461538461538464 0.026442307692307692
1 0.6502403846153846 0.030048076923076924 0.06009615384615385 0.06009615384615385
1 0.7475961538461539 0.04807692307692308 0.055288461538461536 0.07211538461538461
1 0.6105769230769231 0.036057692307692304 0.03365384615384615 0.057692307692307696
1 0.4639423076923077 0.028846153846153848 0.04326923076923077 0.057692307692307696
0 0.02403846153846154 0.7932692307692307 0.04807692307692308 0.1201923076923077
0 0.37259615384615385 0.7487980769230769 0.10576923076923077 0.13701923076923078
0 0.16105769230769232 0.7788461538461539 0.09615384615384616 0.125
1 0.4807692307692308 0.5793269230769231 0.10576923076923077 0.15865384615384615
1 0.6838942307692307 0.5432692307692307 0.12740384615384615 0.08653846153846154
1 0.9507211538461539 0.5913461538461539 0.09375 0.12980769230769232