0 0.1346153846153846 0.10096153846153846 0.06971153846153846 0.09375
0 0.18269230769230768 0.11298076923076923 0.04567307692307692 0.07211538461538461
0 0.23317307692307693 0.1201923076923077 0.04326923076923077 0.057692307692307696
0 0.2644230769230769 0.10336538461538461 0.038461538461538464 0.06009615384615385
0 0.36778846153846156 0.1346153846153846 0.040865384615384616 0.04567307692307692
0 0.4182692307692308 0.13221153846153846 0.036057692307692304 0.04567307692307692
0 0.4795673076923077 0.12740384615384615 0.01201923076923077 0.052884615384615384
1 0.3317307692307692 0.11778846153846154 0.028846153846153848 0.040865384615384616
1 0.28125 0.12980769230769232 0.026442307692307692 0.03365384615384615
0 0.33533653846153844 0.546875 0.3004807692307692 0.21394230769230768
0 0.04567307692307692 0.546875 0.09134615384615384 0.21394230769230768