0 0.1141826923076923 0.5264423076923077 0.18990384615384615 0.17307692307692307
0 0.47836538461538464 0.6971153846153846 0.055288461538461536 0.07692307692307693
0 0.7115384615384616 0.7091346153846154 0.04326923076923077 0.06009615384615385
1 0.4423076923076923 0.7307692307692307 0.028846153846153848 0.08653846153846154
1 0.9182692307692307 0.7019230769230769 0.06490384615384616 0.0889423076923077
1 0.8100961538461539 0.7115384615384616 0.06490384615384616 0.07692307692307693
1 0.6033653846153846 0.7331730769230769 0.05048076923076923 0.06971153846153846
1 0.9735576923076923 0.71875 0.04567307692307692 0.057692307692307696
1 0.8774038461538461 0.7115384615384616 0.03365384615384615 0.06009615384615385
1 0.5673076923076923 0.7548076923076923 0.04567307692307692 0.06009615384615385
1 0.6418269230769231 0.7019230769230769 0.03365384615384615 0.04567307692307692
1 0.6682692307692307 0.7403846153846154 0.04326923076923077 0.05048076923076923
1 0.7451923076923077 0.7403846153846154 0.038461538461538464 0.05048076923076923