0 0.18269230769230768 0.17548076923076922 0.07692307692307693 0.10096153846153846
0 0.3389423076923077 0.17548076923076922 0.06971153846153846 0.09375
0 0.8942307692307693 0.2980769230769231 0.09375 0.11057692307692307
1 0.8149038461538461 0.2860576923076923 0.021634615384615384 0.019230769230769232
1 0.31490384615384615 0.7331730769230769 0.0625 0.07451923076923077
1 0.5336538461538461 0.7043269230769231 0.06971153846153846 0.08173076923076923
1 0.6706730769230769 0.6550480769230769 0.03365384615384615 0.10817307692307693
1 0.47836538461538464 0.7259615384615384 0.055288461538461536 0.0673076923076923
1 0.6466346153846154 0.7163461538461539 0.06490384615384616 0.07211538461538461
1 0.16105769230769232 0.7403846153846154 0.05048076923076923 0.06490384615384616
1 0.2283653846153846 0.8028846153846154 0.036057692307692304 0.03365384615384615
0 0.8810096153846154 0.5769230769230769 0.15144230769230768 0.07692307692307693