0 0.5 0.14302884615384615 0.09134615384615384 0.10817307692307693
0 0.96875 0.2283653846153846 0.057692307692307696 0.1778846153846154
0 0.8557692307692307 0.2932692307692308 0.09615384615384616 0.11298076923076923
0 0.11057692307692307 0.7043269230769231 0.12740384615384615 0.1201923076923077
0 0.33413461538461536 0.6850961538461539 0.125 0.15865384615384615
0 0.025240384615384616 0.6634615384615384 0.05048076923076923 0.1201923076923077
0 0.4987980769230769 0.7271634615384616 0.09375 0.16105769230769232
0 0.07451923076923077 0.6298076923076923 0.08653846153846154 0.08413461538461539
0 0.8629807692307693 0.6610576923076923 0.0673076923076923 0.07932692307692307
0 0.9567307692307693 0.5697115384615384 0.07451923076923077 0.07692307692307693
0 0.8052884615384616 0.6899038461538461 0.0673076923076923 0.07451923076923077
0 0.7211538461538461 0.6971153846153846 0.0625 0.0673076923076923