0 0.09375 0.06850961538461539 0.16826923076923078 0.13701923076923078
0 0.24759615384615385 0.17548076923076922 0.06971153846153846 0.09375
0 0.31490384615384615 0.15865384615384615 0.08173076923076923 0.10336538461538461
0 0.4495192307692308 0.11778846153846154 0.1201923076923077 0.13942307692307693
0 0.71875 0.2644230769230769 0.04567307692307692 0.04567307692307692
0 0.6634615384615384 0.19471153846153846 0.036057692307692304 0.05048076923076923
1 0.39903846153846156 0.5504807692307693 0.057692307692307696 0.07211538461538461
1 0.10576923076923077 0.5697115384615384 0.05048076923076923 0.06971153846153846
1 0.5625 0.5264423076923077 0.057692307692307696 0.06971153846153846
1 0.24759615384615385 0.5504807692307693 0.05048076923076923 0.06971153846153846
1 0.036057692307692304 0.5600961538461539 0.04567307692307692 0.055288461538461536
1 0.30288461538461536 0.5697115384615384 0.028846153846153848 0.03365384615384615
1 0.34615384615384615 0.5625 0.026442307692307692 0.03365384615384615
0 0.7091346153846154 0.7283653846153846 0.04326923076923077 0.04326923076923077
0 0.6706730769230769 0.7620192307692307 0.03125 0.036057692307692304