0 0.125 0.2644230769230769 0.10096153846153846 0.09134615384615384
0 0.4735576923076923 0.07692307692307693 0.12740384615384615 0.13942307692307693
0 0.4026442307692308 0.021634615384615384 0.09375 0.04326923076923077
0 0.6442307692307693 0.40865384615384615 0.15625 0.17307692307692307
0 0.6706730769230769 0.11298076923076923 0.10817307692307693 0.10336538461538461
0 0.7524038461538461 0.040865384615384616 0.057692307692307696 0.08173076923076923
0 0.6706730769230769 0.27403846153846156 0.10576923076923077 0.10817307692307693
0 0.9086538461538461 0.24519230769230768 0.07692307692307693 0.07692307692307693
1 0.8918269230769231 0.06490384615384616 0.06009615384615385 0.0673076923076923
0 0.17307692307692307 0.625 0.09375 0.12980769230769232
0 0.03125 0.6490384615384616 0.040865384615384616 0.04567307692307692