1 0.13942307692307693 0.1875 0.057692307692307696 0.07211538461538461
1 0.30288461538461536 0.16346153846153846 0.057692307692307696 0.06971153846153846
1 0.007211538461538462 0.1875 0.014423076923076924 0.07211538461538461
1 0.04326923076923077 0.20673076923076922 0.028846153846153848 0.03365384615384615
1 0.08653846153846154 0.19951923076923078 0.026442307692307692 0.03365384615384615
1 0.4411057692307692 0.21394230769230768 0.03125 0.0625
0 0.6971153846153846 0.04567307692307692 0.09134615384615384 0.09134615384615384
1 0.35096153846153844 0.5348557692307693 0.15384615384615385 0.06971153846153846
1 0.6514423076923077 0.5348557692307693 0.07211538461538461 0.06971153846153846
1 0.49399038461538464 0.5336538461538461 0.06971153846153846 0.0673076923076923
1 0.8125 0.5504807692307693 0.06009615384615385 0.07692307692307693
1 0.9723557692307693 0.5625 0.05048076923076923 0.0673076923076923
1 0.8725961538461539 0.5865384615384616 0.055288461538461536 0.06971153846153846