0 0.41586538461538464 0.3245192307692308 0.10576923076923077 0.15865384615384615
0 0.4170673076923077 0.028846153846153848 0.11298076923076923 0.057692307692307696
0 0.8966346153846154 0.41346153846153844 0.08173076923076923 0.09375
0 0.8413461538461539 0.37740384615384615 0.07451923076923077 0.08653846153846154
0 0.6370192307692307 0.3894230769230769 0.0625 0.06490384615384616
0 0.6610576923076923 0.27884615384615385 0.038461538461538464 0.040865384615384616
0 0.7355769230769231 0.40384615384615385 0.055288461538461536 0.057692307692307696
0 0.7019230769230769 0.3798076923076923 0.052884615384615384 0.07451923076923077
0 0.20673076923076922 0.6730769230769231 0.06971153846153846 0.0889423076923077
0 0.4651442307692308 0.6778846153846154 0.021634615384615384 0.08173076923076923
0 0.29086538461538464 0.6730769230769231 0.04807692307692308 0.06971153846153846
0 0.3317307692307692 0.6730769230769231 0.03365384615384615 0.05048076923076923
0 0.4519230769230769 0.6730769230769231 0.036057692307692304 0.055288461538461536
0 0.9134615384615384 0.6875 0.10096153846153846 0.08653846153846154
1 0.9471153846153846 0.8725961538461539 0.07211538461538461 0.07451923076923077