0 0.49038461538461536 0.4230769230769231 0.021634615384615384 0.026442307692307692
0 0.15384615384615385 0.59375 0.016826923076923076 0.021634615384615384
1 0.75 0.23557692307692307 0.07932692307692307 0.0985576923076923
1 0.9819711538461539 0.23918269230769232 0.03125 0.08413461538461539
0 0.21875 0.8894230769230769 0.0673076923076923 0.08413461538461539
0 0.0673076923076923 0.9158653846153846 0.06971153846153846 0.10096153846153846
0 0.46153846153846156 0.8846153846153846 0.0673076923076923 0.09375
0 0.33653846153846156 0.8894230769230769 0.057692307692307696 0.08413461538461539
0 0.27403846153846156 0.8485576923076923 0.055288461538461536 0.07932692307692307
1 0.41586538461538464 0.9579326923076923 0.07211538461538461 0.07932692307692307
1 0.5192307692307693 0.9134615384615384 0.06490384615384616 0.08413461538461539
1 0.12980769230769232 0.9206730769230769 0.0673076923076923 0.09134615384615384
1 0.28846153846153844 0.9230769230769231 0.057692307692307696 0.08173076923076923