0 0.5528846153846154 0.0889423076923077 0.09134615384615384 0.12259615384615384
0 0.39663461538461536 0.6538461538461539 0.0625 0.08413461538461539
0 0.125 0.6370192307692307 0.10096153846153846 0.09134615384615384
0 0.5625 0.6466346153846154 0.04567307692307692 0.06971153846153846
0 0.5985576923076923 0.6442307692307693 0.04807692307692308 0.07451923076923077
0 0.9735576923076923 0.3918269230769231 0.04807692307692308 0.11057692307692307
0 0.78125 0.5576923076923077 0.13942307692307693 0.16105769230769232
0 0.8509615384615384 0.44471153846153844 0.07932692307692307 0.10336538461538461
0 0.703125 0.4423076923076923 0.05048076923076923 0.11538461538461539
0 0.7043269230769231 0.546875 0.052884615384615384 0.16105769230769232
0 0.9230769230769231 0.4855769230769231 0.10576923076923077 0.12980769230769232
0 0.9254807692307693 0.3629807692307692 0.04567307692307692 0.07211538461538461
0 0.8221153846153846 0.38221153846153844 0.06009615384615385 0.0625