0 0.1778846153846154 0.16105769230769232 0.18269230769230768 0.1971153846153846
0 0.6995192307692307 0.5264423076923077 0.04567307692307692 0.04567307692307692
0 0.90625 0.5168269230769231 0.05048076923076923 0.04807692307692308
0 0.9855769230769231 0.5913461538461539 0.02403846153846154 0.04807692307692308
0 0.010817307692307692 0.6766826923076923 0.021634615384615384 0.036057692307692304
0 0.17548076923076922 0.6778846153846154 0.021634615384615384 0.021634615384615384
0 0.010817307692307692 0.984375 0.021634615384615384 0.026442307692307692
0 0.17548076923076922 0.9855769230769231 0.021634615384615384 0.021634615384615384
0 0.8533653846153846 0.8245192307692307 0.06009615384615385 0.07211538461538461
0 0.7139423076923077 0.84375 0.0673076923076923 0.07451923076923077
0 0.5336538461538461 0.84375 0.055288461538461536 0.07692307692307693
0 0.44471153846153844 0.8413461538461539 0.06009615384615385 0.08173076923076923