0 0.19230769230769232 0.057692307692307696 0.026442307692307692 0.03365384615384615
0 0.21875 0.04567307692307692 0.03365384615384615 0.04326923076923077
0 0.31490384615384615 0.05048076923076923 0.04567307692307692 0.04567307692307692
0 0.34375 0.038461538461538464 0.03365384615384615 0.04567307692307692
0 0.9278846153846154 0.15865384615384615 0.08173076923076923 0.10336538461538461
0 0.6057692307692307 0.4567307692307692 0.11538461538461539 0.08173076923076923
0 0.8677884615384616 0.21153846153846154 0.07932692307692307 0.10096153846153846
0 0.7475961538461539 0.14903846153846154 0.09134615384615384 0.11298076923076923
0 0.5649038461538461 0.32211538461538464 0.03365384615384615 0.1346153846153846
0 0.5997596153846154 0.20793269230769232 0.10336538461538461 0.14182692307692307
0 0.7355769230769231 0.30528846153846156 0.11778846153846154 0.13942307692307693
0 0.9158653846153846 0.27163461538461536 0.09375 0.125
0 0.9603365384615384 0.31850961538461536 0.07451923076923077 0.0985576923076923
0 0.9290865384615384 0.038461538461538464 0.08413461538461539 0.07692307692307693
0 0.8677884615384616 0.01201923076923077 0.08173076923076923 0.02403846153846154
0 0.7487980769230769 0.04567307692307692 0.09375 0.09134615384615384
0 0.6009615384615384 0.025240384615384616 0.10576923076923077 0.05048076923076923
1 0.3918269230769231 0.6995192307692307 0.07211538461538461 0.08413461538461539
1 0.5144230769230769 0.6862980769230769 0.0625 0.10817307692307693
1 0.18269230769230768 0.6923076923076923 0.06971153846153846 0.08173076923076923
1 0.019230769230769232 0.7067307692307693 0.038461538461538464 0.07692307692307693
0 0.5685096153846154 0.5348557692307693 0.040865384615384616 0.06971153846153846
0 0.796875 0.5348557692307693 0.06971153846153846 0.06971153846153846
0 0.671875 0.5348557692307693 0.06009615384615385 0.06971153846153846
0 0.6081730769230769 0.5132211538461539 0.057692307692307696 0.026442307692307692
1 0.75 0.6033653846153846 0.06971153846153846 0.09375
1 0.8533653846153846 0.5504807692307693 0.06490384615384616 0.08413461538461539
1 0.6225961538461539 0.5600961538461539 0.057692307692307696 0.08173076923076923