0 0.359375 0.04447115384615385 0.036057692307692304 0.0889423076923077
0 0.75 0.3125 0.057692307692307696 0.07932692307692307
0 0.984375 0.31009615384615385 0.026442307692307692 0.07211538461538461
0 0.5240384615384616 0.30528846153846156 0.055288461538461536 0.07451923076923077
0 0.38822115384615385 0.3401442307692308 0.016826923076923076 0.036057692307692304
0 0.055288461538461536 0.6153846153846154 0.11057692307692307 0.19230769230769232
0 0.2956730769230769 0.7644230769230769 0.08413461538461539 0.09615384615384616
0 0.6009615384615384 0.7716346153846154 0.20192307692307693 0.21875
0 0.9723557692307693 0.7584134615384616 0.05048076923076923 0.23317307692307693
0 0.8245192307692307 0.8581730769230769 0.10817307692307693 0.15144230769230768
0 0.6021634615384616 0.5444711538461539 0.2091346153846154 0.15144230769230768
0 0.9723557692307693 0.5552884615384616 0.05048076923076923 0.17307692307692307
0 0.8269230769230769 0.484375 0.11538461538461539 0.03125