1 0.3401442307692308 0.02403846153846154 0.13701923076923078 0.04807692307692308
1 0.5901442307692307 0.07932692307692307 0.17067307692307693 0.15865384615384615
0 0.5745192307692307 0.6189903846153846 0.20192307692307693 0.2283653846153846
0 0.0673076923076923 0.6526442307692307 0.1346153846153846 0.25240384615384615
0 0.11658653846153846 0.8870192307692307 0.23317307692307693 0.22115384615384615
0 0.3293269230769231 0.5913461538461539 0.13701923076923078 0.15384615384615385
1 0.47716346153846156 0.9711538461538461 0.23317307692307693 0.052884615384615384
1 0.40865384615384615 0.8581730769230769 0.12259615384615384 0.13221153846153846
0 0.5745192307692307 0.46634615384615385 0.20192307692307693 0.07692307692307693
0 0.0673076923076923 0.45552884615384615 0.1346153846153846 0.055288461538461536
0 0.3317307692307692 0.46153846153846156 0.14423076923076922 0.0673076923076923
0 0.7403846153846154 0.7139423076923077 0.09375 0.0889423076923077