0 0.14423076923076922 0.10817307692307693 0.03365384615384615 0.04326923076923077
0 0.4855769230769231 0.15144230769230768 0.03125 0.040865384615384616
0 0.30288461538461536 0.15144230769230768 0.03125 0.03365384615384615
0 0.18028846153846154 0.14182692307692307 0.028846153846153848 0.036057692307692304
0 0.08173076923076923 0.10817307692307693 0.03365384615384615 0.04326923076923077
0 0.04567307692307692 0.14182692307692307 0.028846153846153848 0.036057692307692304
0 0.796875 0.040865384615384616 0.15625 0.08173076923076923
0 0.5949519230769231 0.06610576923076923 0.11298076923076923 0.13221153846153846
0 0.057692307692307696 0.7379807692307693 0.08173076923076923 0.09615384615384616
0 0.44711538461538464 0.71875 0.06971153846153846 0.09375
0 0.5288461538461539 0.7680288461538461 0.014423076923076924 0.0889423076923077
0 0.23317307692307693 0.7283653846153846 0.06490384615384616 0.08653846153846154
0 0.4495192307692308 0.42788461538461536 0.07692307692307693 0.019230769230769232
0 0.234375 0.421875 0.06971153846153846 0.007211538461538462
0 0.8509615384615384 0.4735576923076923 0.22115384615384615 0.11057692307692307