0 0.25 0.40865384615384615 0.0673076923076923 0.08173076923076923
0 0.12860576923076922 0.026442307692307692 0.06009615384615385 0.052884615384615384
0 0.18990384615384615 0.2692307692307692 0.057692307692307696 0.07932692307692307
0 0.3245192307692308 0.2764423076923077 0.055288461538461536 0.07692307692307693
0 0.7860576923076923 0.32211538461538464 0.057692307692307696 0.0673076923076923
0 0.6586538461538461 0.2956730769230769 0.04567307692307692 0.057692307692307696
0 0.59375 0.3173076923076923 0.05048076923076923 0.0673076923076923
0 0.036057692307692304 0.6971153846153846 0.06490384615384616 0.0625
1 0.7139423076923077 0.8822115384615384 0.052884615384615384 0.06490384615384616
1 0.44471153846153844 0.9014423076923077 0.03365384615384615 0.040865384615384616
1 0.3918269230769231 0.90625 0.02403846153846154 0.057692307692307696
1 0.5144230769230769 0.8990384615384616 0.04567307692307692 0.052884615384615384
1 0.5504807692307693 0.8942307692307693 0.036057692307692304 0.04326923076923077
1 0.6225961538461539 0.8942307692307693 0.038461538461538464 0.052884615384615384
1 0.6514423076923077 0.9014423076923077 0.03125 0.040865384615384616
1 0.8076923076923077 0.9014423076923077 0.05048076923076923 0.06009615384615385
1 0.78125 0.8870192307692307 0.03365384615384615 0.055288461538461536
1 0.8581730769230769 0.8990384615384616 0.03365384615384615 0.04567307692307692
1 0.9399038461538461 0.8774038461538461 0.05048076923076923 0.057692307692307696