0 0.5384615384615384 0.27163461538461536 0.11538461538461539 0.11057692307692307
0 0.08533653846153846 0.25 0.17067307692307693 0.15384615384615385
0 0.08774038461538461 0.030048076923076924 0.17548076923076922 0.06009615384615385
1 0.055288461538461536 0.8245192307692307 0.10096153846153846 0.11057692307692307
1 0.4375 0.8293269230769231 0.11538461538461539 0.11778846153846154
1 0.5745192307692307 0.7524038461538461 0.04326923076923077 0.0625
1 0.53125 0.7620192307692307 0.06490384615384616 0.07692307692307693
1 0.026442307692307692 0.7067307692307693 0.04567307692307692 0.06009615384615385
1 0.11778846153846154 0.7019230769230769 0.04567307692307692 0.05048076923076923
1 0.19230769230769232 0.6947115384615384 0.03125 0.040865384615384616
1 0.21153846153846154 0.6778846153846154 0.02403846153846154 0.03365384615384615
1 0.2548076923076923 0.6923076923076923 0.03125 0.04567307692307692
1 0.3918269230769231 0.6875 0.03365384615384615 0.038461538461538464
1 0.53125 0.7067307692307693 0.036057692307692304 0.03365384615384615
1 0.4735576923076923 0.6947115384615384 0.04567307692307692 0.04567307692307692
1 0.6310096153846154 0.46634615384615385 0.06490384615384616 0.09134615384615384
1 0.8918269230769231 0.4254807692307692 0.07932692307692307 0.0985576923076923
1 0.7644230769230769 0.4375 0.0673076923076923 0.09134615384615384
0 0.9326923076923077 0.46153846153846156 0.04567307692307692 0.07932692307692307