0 0.20432692307692307 0.25240384615384615 0.08413461538461539 0.08173076923076923
0 0.8125 0.004807692307692308 0.03365384615384615 0.009615384615384616
0 0.5769230769230769 0.17067307692307693 0.04326923076923077 0.04567307692307692
0 0.6706730769230769 0.09375 0.03365384615384615 0.04326923076923077
0 0.8533653846153846 0.17067307692307693 0.038461538461538464 0.040865384615384616
0 0.9759615384615384 0.17307692307692307 0.036057692307692304 0.040865384615384616
0 0.9939903846153846 0.09254807692307693 0.007211538461538462 0.04567307692307692
0 0.8725961538461539 0.14423076923076922 0.03365384615384615 0.038461538461538464
0 0.20673076923076922 0.8341346153846154 0.20192307692307693 0.2644230769230769
0 0.43028846153846156 0.7860576923076923 0.10576923076923077 0.09375
0 0.20793269230769232 0.5793269230769231 0.2091346153846154 0.1201923076923077
1 0.6706730769230769 0.8701923076923077 0.052884615384615384 0.08173076923076923
1 0.8894230769230769 0.8798076923076923 0.04567307692307692 0.057692307692307696
1 0.6298076923076923 0.8846153846153846 0.04326923076923077 0.0625
1 0.5588942307692307 0.8689903846153846 0.021634615384615384 0.06009615384615385
1 0.7860576923076923 0.8581730769230769 0.03125 0.040865384615384616
1 0.84375 0.8725961538461539 0.036057692307692304 0.052884615384615384
1 0.9615384615384616 0.8629807692307693 0.04326923076923077 0.04567307692307692
1 0.8100961538461539 0.8701923076923077 0.016826923076923076 0.03125