0 0.040865384615384616 0.21875 0.03365384615384615 0.038461538461538464
0 0.9567307692307693 0.25721153846153844 0.04807692307692308 0.0625
0 0.4206730769230769 0.33413461538461536 0.03365384615384615 0.04567307692307692
0 0.5889423076923077 0.3317307692307692 0.038461538461538464 0.040865384615384616
0 0.8317307692307693 0.3173076923076923 0.040865384615384616 0.052884615384615384
0 0.07932692307692307 0.6081730769230769 0.15865384615384615 0.4182692307692308
0 0.8605769230769231 0.45072115384615385 0.20673076923076922 0.10336538461538461
0 0.6959134615384616 0.4230769230769231 0.11298076923076923 0.04807692307692308
0 0.59375 0.4423076923076923 0.10576923076923077 0.08653846153846154
1 0.4651442307692308 0.4206730769230769 0.11298076923076923 0.04326923076923077
1 0.9651442307692307 0.44591346153846156 0.06971153846153846 0.09375