0 0.8918269230769231 0.28365384615384615 0.12980769230769232 0.15384615384615385
0 0.59375 0.32211538461538464 0.0625 0.08173076923076923
0 0.8918269230769231 0.007211538461538462 0.1346153846153846 0.014423076923076924
1 0.03485576923076923 0.7079326923076923 0.06971153846153846 0.11298076923076923
1 0.12980769230769232 0.7283653846153846 0.08173076923076923 0.10576923076923077
1 0.22115384615384615 0.7211538461538461 0.02403846153846154 0.028846153846153848
1 0.3605769230769231 0.6322115384615384 0.16826923076923078 0.1658653846153846
0 0.7259615384615384 0.8798076923076923 0.04326923076923077 0.06490384615384616
0 0.9362980769230769 0.984375 0.05048076923076923 0.026442307692307692
0 0.8990384615384616 0.8918269230769231 0.04807692307692308 0.055288461538461536
0 0.9543269230769231 0.8942307692307693 0.04326923076923077 0.057692307692307696
0 0.6466346153846154 0.7379807692307693 0.040865384615384616 0.036057692307692304
0 0.6754807692307693 0.7620192307692307 0.04326923076923077 0.036057692307692304
0 0.6466346153846154 0.5360576923076923 0.040865384615384616 0.036057692307692304
0 0.6754807692307693 0.5120192307692307 0.04326923076923077 0.036057692307692304