1 0.3389423076923077 0.3629807692307692 0.0673076923076923 0.07932692307692307
1 0.24278846153846154 0.4014423076923077 0.04807692307692308 0.057692307692307696
1 0.06971153846153846 0.4206730769230769 0.052884615384615384 0.06009615384615385
1 0.16105769230769232 0.40865384615384615 0.052884615384615384 0.04807692307692308
1 0.020432692307692308 0.41586538461538464 0.040865384615384616 0.07211538461538461
1 0.953125 0.22355769230769232 0.0889423076923077 0.1201923076923077
0 0.13942307692307693 0.7043269230769231 0.2403846153846154 0.3076923076923077
0 0.35096153846153844 0.7668269230769231 0.21394230769230768 0.2692307692307692
0 0.24759615384615385 0.6778846153846154 0.17067307692307693 0.27884615384615385
0 0.5841346153846154 0.6947115384615384 0.16346153846153846 0.25961538461538464
1 0.9807692307692307 0.6646634615384616 0.03365384615384615 0.06490384615384616