0 0.4519230769230769 0.4699519230769231 0.038461538461538464 0.03125
0 0.5360576923076923 0.4567307692307692 0.038461538461538464 0.05048076923076923
0 0.9735576923076923 0.016826923076923076 0.04807692307692308 0.03365384615384615
1 0.8100961538461539 0.008413461538461538 0.07211538461538461 0.016826923076923076
1 0.6935096153846154 0.008413461538461538 0.06009615384615385 0.016826923076923076
0 0.21634615384615385 0.8389423076923077 0.055288461538461536 0.08173076923076923
0 0.31009615384615385 0.8221153846153846 0.07932692307692307 0.0889423076923077
0 0.41346153846153844 0.7524038461538461 0.125 0.17067307692307693
0 0.08173076923076923 0.8509615384615384 0.057692307692307696 0.07451923076923077
0 0.3125 0.5012019230769231 0.08653846153846154 0.026442307692307692
0 0.41466346153846156 0.5564903846153846 0.13221153846153846 0.13701923076923078
0 0.9158653846153846 0.8004807692307693 0.07211538461538461 0.09615384615384616