0 0.23557692307692307 0.16346153846153846 0.19471153846153846 0.2548076923076923
0 0.23798076923076922 0.5793269230769231 0.028846153846153848 0.038461538461538464
0 0.052884615384615384 0.5432692307692307 0.05048076923076923 0.07451923076923077
0 0.12980769230769232 0.59375 0.038461538461538464 0.057692307692307696
0 0.15865384615384615 0.5745192307692307 0.026442307692307692 0.03365384615384615
0 0.2932692307692308 0.5817307692307693 0.028846153846153848 0.040865384615384616
0 0.3293269230769231 0.5600961538461539 0.04807692307692308 0.0673076923076923
0 0.4254807692307692 0.5841346153846154 0.036057692307692304 0.052884615384615384
0 0.5240384615384616 0.5528846153846154 0.05048076923076923 0.0625
1 0.8846153846153846 0.7860576923076923 0.07692307692307693 0.09615384615384616
1 0.9567307692307693 0.7067307692307693 0.057692307692307696 0.06971153846153846
1 0.875 0.7307692307692307 0.0673076923076923 0.06490384615384616
1 0.9807692307692307 0.7512019230769231 0.03365384615384615 0.06971153846153846