0 0.03365384615384615 0.25961538461538464 0.04567307692307692 0.06009615384615385
1 0.23798076923076922 0.2620192307692308 0.05048076923076923 0.06490384615384616
1 0.07932692307692307 0.2692307692307692 0.038461538461538464 0.052884615384615384
1 0.1875 0.2692307692307692 0.03365384615384615 0.04567307692307692
0 0.29086538461538464 0.25721153846153844 0.021634615384615384 0.03125
0 0.5649038461538461 0.5793269230769231 0.040865384615384616 0.04567307692307692
0 0.65625 0.5817307692307693 0.03365384615384615 0.040865384615384616
1 0.03125 0.9014423076923077 0.0625 0.08653846153846154
1 0.49158653846153844 0.9134615384615384 0.05048076923076923 0.07692307692307693
1 0.18028846153846154 0.9014423076923077 0.057692307692307696 0.08173076923076923
1 0.3701923076923077 0.9326923076923077 0.055288461538461536 0.06971153846153846
0 0.5300480769230769 0.6682692307692307 0.021634615384615384 0.0625
0 0.5625 0.6538461538461539 0.08173076923076923 0.07211538461538461
0 0.7247596153846154 0.6526442307692307 0.06490384615384616 0.06971153846153846
0 0.8341346153846154 0.6658653846153846 0.07211538461538461 0.09615384615384616
0 0.7872596153846154 0.6574519230769231 0.05048076923076923 0.07932692307692307
0 0.9807692307692307 0.6538461538461539 0.03125 0.07211538461538461