0 0.16826923076923078 0.2548076923076923 0.17067307692307693 0.22355769230769232
0 0.46033653846153844 0.2764423076923077 0.11298076923076923 0.20673076923076922
0 0.17067307692307693 0.052884615384615384 0.1778846153846154 0.10576923076923077
0 0.46033653846153844 0.037259615384615384 0.11298076923076923 0.07451923076923077
0 0.84375 0.43028846153846156 0.0673076923076923 0.09615384615384616
0 0.7788461538461539 0.38461538461538464 0.07932692307692307 0.11298076923076923
0 0.6274038461538461 0.23557692307692307 0.18028846153846154 0.2403846153846154
0 0.5348557692307693 0.328125 0.03125 0.13221153846153846
1 0.9663461538461539 0.4074519230769231 0.0625 0.10336538461538461
0 0.4230769230769231 0.8137019230769231 0.1875 0.2091346153846154
0 0.9615384615384616 0.9098557692307693 0.07211538461538461 0.17548076923076922
0 0.8677884615384616 0.8774038461538461 0.11778846153846154 0.1778846153846154
1 0.6923076923076923 0.875 0.08653846153846154 0.10817307692307693
1 0.7692307692307693 0.8918269230769231 0.07211538461538461 0.08173076923076923
1 0.6177884615384616 0.8701923076923077 0.06971153846153846 0.0889423076923077
0 0.5769230769230769 0.9038461538461539 0.04567307692307692 0.04567307692307692
1 0.5264423076923077 0.9038461538461539 0.014423076923076924 0.03365384615384615