0 0.2932692307692308 0.39903846153846156 0.1466346153846154 0.12980769230769232
0 0.5324519230769231 0.38341346153846156 0.18990384615384615 0.17067307692307693
0 0.9350961538461539 0.5240384615384616 0.04326923076923077 0.04326923076923077
1 0.8389423076923077 0.4182692307692308 0.02403846153846154 0.040865384615384616
0 0.39903846153846156 0.8389423076923077 0.0673076923076923 0.08173076923076923
0 0.13942307692307693 0.8365384615384616 0.055288461538461536 0.0673076923076923
0 0.6153846153846154 0.8293269230769231 0.02403846153846154 0.08173076923076923
0 0.24278846153846154 0.8341346153846154 0.04567307692307692 0.07211538461538461
0 0.11057692307692307 0.84375 0.028846153846153848 0.06490384615384616
0 0.2980769230769231 0.8461538461538461 0.021634615384615384 0.03125
0 0.35096153846153844 0.8341346153846154 0.021634615384615384 0.03365384615384615
0 0.9603365384615384 0.7632211538461539 0.07451923076923077 0.07932692307692307