0 0.4543269230769231 0.18509615384615385 0.1778846153846154 0.18269230769230768
0 0.05048076923076923 0.19831730769230768 0.10096153846153846 0.15625
0 0.9086538461538461 0.18028846153846154 0.08413461538461539 0.0985576923076923
0 0.6658653846153846 0.10817307692307693 0.052884615384615384 0.052884615384615384
0 0.8846153846153846 0.13701923076923078 0.057692307692307696 0.057692307692307696
0 0.6658653846153846 0.07932692307692307 0.06009615384615385 0.05048076923076923
0 0.27403846153846156 0.44471153846153844 0.0673076923076923 0.10336538461538461
0 0.34615384615384615 0.4254807692307692 0.0673076923076923 0.10096153846153846
0 0.40865384615384615 0.37259615384615385 0.0985576923076923 0.11538461538461539
0 0.5120192307692307 0.38461538461538464 0.08413461538461539 0.1201923076923077
0 0.6237980769230769 0.6454326923076923 0.05048076923076923 0.1658653846153846
0 0.625 0.2980769230769231 0.052884615384615384 0.038461538461538464