0 0.3004807692307692 0.4230769230769231 0.07211538461538461 0.09134615384615384
0 0.5120192307692307 0.3485576923076923 0.0625 0.08413461538461539
0 0.11298076923076923 0.42788461538461536 0.08173076923076923 0.10096153846153846
0 0.35336538461538464 0.3942307692307692 0.0625 0.07451923076923077
0 0.5444711538461539 0.33774038461538464 0.021634615384615384 0.07932692307692307
0 0.23557692307692307 0.34134615384615385 0.057692307692307696 0.0673076923076923
0 0.39663461538461536 0.31971153846153844 0.06009615384615385 0.08653846153846154
0 0.15144230769230768 0.375 0.0673076923076923 0.0673076923076923
0 0.17307692307692307 0.3173076923076923 0.05048076923076923 0.057692307692307696
0 0.07692307692307693 0.2860576923076923 0.04807692307692308 0.06009615384615385
0 0.038461538461538464 0.36778846153846156 0.052884615384615384 0.06009615384615385
0 0.625 0.3269230769230769 0.11057692307692307 0.12740384615384615
0 0.4735576923076923 0.7728365384615384 0.16346153846153846 0.06971153846153846