0 0.3870192307692308 0.28125 0.1466346153846154 0.1778846153846154
0 0.17067307692307693 0.2860576923076923 0.1778846153846154 0.2091346153846154
0 0.46875 0.20793269230769232 0.1346153846153846 0.18509615384615385
0 0.3894230769230769 0.021634615384615384 0.15384615384615385 0.04326923076923077
0 0.171875 0.026442307692307692 0.18509615384615385 0.052884615384615384
0 0.46875 0.06009615384615385 0.1346153846153846 0.1201923076923077
0 0.8365384615384616 0.35096153846153844 0.036057692307692304 0.03365384615384615
0 0.6201923076923077 0.18990384615384615 0.038461538461538464 0.03365384615384615
0 0.6225961538461539 0.28365384615384615 0.038461538461538464 0.038461538461538464
0 0.5697115384615384 0.14903846153846154 0.03125 0.040865384615384616
0 0.65625 0.8028846153846154 0.07932692307692307 0.09615384615384616
0 0.7572115384615384 0.7884615384615384 0.08173076923076923 0.08653846153846154