0 0.04807692307692308 0.25961538461538464 0.05048076923076923 0.07451923076923077
0 0.4375 0.4074519230769231 0.11538461538461539 0.25240384615384615
0 0.32211538461538464 0.7307692307692307 0.08413461538461539 0.10336538461538461
1 0.2091346153846154 0.7235576923076923 0.0673076923076923 0.08173076923076923
1 0.009615384615384616 0.7235576923076923 0.019230769230769232 0.07692307692307693
0 0.5504807692307693 0.7908653846153846 0.0673076923076923 0.08413461538461539
0 0.8125 0.8100961538461539 0.04567307692307692 0.06009615384615385
0 0.4206730769230769 0.8245192307692307 0.052884615384615384 0.07211538461538461
0 0.6634615384615384 0.8149038461538461 0.040865384615384616 0.06009615384615385
0 0.7091346153846154 0.8125 0.04326923076923077 0.057692307692307696
0 0.9278846153846154 0.8221153846153846 0.06009615384615385 0.057692307692307696