0 0.43990384615384615 0.02403846153846154 0.07211538461538461 0.04807692307692308
0 0.6502403846153846 0.027644230769230768 0.06009615384615385 0.055288461538461536
0 0.5216346153846154 0.026442307692307692 0.04807692307692308 0.052884615384615384
0 0.5697115384615384 0.03365384615384615 0.04567307692307692 0.0625
0 0.6129807692307693 0.05048076923076923 0.04567307692307692 0.06009615384615385
0 0.6935096153846154 0.026442307692307692 0.05048076923076923 0.052884615384615384
1 0.1971153846153846 0.7283653846153846 0.057692307692307696 0.07692307692307693
1 0.12259615384615384 0.6875 0.10096153846153846 0.11778846153846154
1 0.31009615384615385 0.7043269230769231 0.09375 0.12980769230769232
1 0.04326923076923077 0.7451923076923077 0.040865384615384616 0.05048076923076923
1 0.35336538461538464 0.7451923076923077 0.02403846153846154 0.07692307692307693
1 0.59375 0.5865384615384616 0.052884615384615384 0.07211538461538461
1 0.9423076923076923 0.5817307692307693 0.04807692307692308 0.0625
1 0.7764423076923077 0.6057692307692307 0.04567307692307692 0.055288461538461536
1 0.875 0.6418269230769231 0.0625 0.07451923076923077
1 0.59375 0.38221153846153844 0.057692307692307696 0.028846153846153848
1 0.9423076923076923 0.38221153846153844 0.052884615384615384 0.028846153846153848