0 0.9387019230769231 0.06009615384615385 0.11778846153846154 0.1201923076923077
1 0.8389423076923077 0.17307692307692307 0.125 0.13942307692307693
1 0.8401442307692307 0.3293269230769231 0.12740384615384615 0.07211538461538461
0 0.12259615384615384 0.5745192307692307 0.19471153846153846 0.17307692307692307
0 0.5504807692307693 0.7307692307692307 0.04326923076923077 0.08173076923076923
0 0.5889423076923077 0.7163461538461539 0.052884615384615384 0.07211538461538461
0 0.6322115384615384 0.7307692307692307 0.038461538461538464 0.04567307692307692
0 0.7475961538461539 0.7355769230769231 0.04807692307692308 0.06971153846153846
0 0.8197115384615384 0.7019230769230769 0.05048076923076923 0.0625
0 0.9182692307692307 0.7091346153846154 0.052884615384615384 0.057692307692307696
0 0.9591346153846154 0.6730769230769231 0.04807692307692308 0.06009615384615385
0 0.9891826923076923 0.6514423076923077 0.016826923076923076 0.057692307692307696