0 0.2620192307692308 0.25240384615384615 0.1201923076923077 0.125
1 0.5697115384615384 0.07692307692307693 0.0625 0.06971153846153846
1 0.4879807692307692 0.14182692307692307 0.11538461538461539 0.10336538461538461
1 0.43990384615384615 0.07692307692307693 0.04326923076923077 0.0625
1 0.8341346153846154 0.07692307692307693 0.06009615384615385 0.06490384615384616
1 0.9615384615384616 0.10096153846153846 0.06009615384615385 0.0673076923076923
1 0.7067307692307693 0.07451923076923077 0.06490384615384616 0.06971153846153846
1 0.7860576923076923 0.1658653846153846 0.12740384615384615 0.10817307692307693
1 0.9891826923076923 0.06370192307692307 0.016826923076923076 0.06009615384615385
0 0.38221153846153844 0.6947115384615384 0.0673076923076923 0.11057692307692307
0 0.06971153846153846 0.6682692307692307 0.12259615384615384 0.1346153846153846
1 0.09134615384615384 0.8317307692307693 0.07451923076923077 0.06490384615384616
1 0.11538461538461539 0.7572115384615384 0.09615384615384616 0.08653846153846154
0 0.06971153846153846 0.4639423076923077 0.125 0.028846153846153848
0 0.7836538461538461 0.7283653846153846 0.34375 0.27163461538461536
0 0.8870192307692307 0.7139423076923077 0.22115384615384615 0.24519230769230768
0 0.7860576923076923 0.5240384615384616 0.35096153846153844 0.14903846153846154
0 0.8858173076923077 0.5240384615384616 0.22355769230769232 0.14903846153846154