0 0.33653846153846156 0.08413461538461539 0.07451923076923077 0.09134615384615384
1 0.9447115384615384 0.23317307692307693 0.06009615384615385 0.07932692307692307
1 0.8173076923076923 0.2668269230769231 0.0625 0.0625
0 0.4519230769230769 0.8966346153846154 0.16105769230769232 0.17067307692307693
0 0.008413461538461538 0.8305288461538461 0.016826923076923076 0.05048076923076923
0 0.11057692307692307 0.8221153846153846 0.04567307692307692 0.040865384615384616
0 0.35096153846153844 0.7644230769230769 0.052884615384615384 0.07932692307692307
0 0.4254807692307692 0.7932692307692307 0.052884615384615384 0.038461538461538464
0 0.35216346153846156 0.5492788461538461 0.055288461538461536 0.040865384615384616
1 0.9014423076923077 0.9651442307692307 0.057692307692307696 0.06490384615384616
1 0.7956730769230769 0.9423076923076923 0.057692307692307696 0.07451923076923077
1 0.7319711538461539 0.9254807692307693 0.026442307692307692 0.057692307692307696