0 0.5 0.44711538461538464 0.05048076923076923 0.0673076923076923
0 0.1971153846153846 0.41346153846153844 0.05048076923076923 0.057692307692307696
0 0.27403846153846156 0.4230769230769231 0.04567307692307692 0.052884615384615384
0 0.3004807692307692 0.4326923076923077 0.040865384615384616 0.05048076923076923
0 0.38461538461538464 0.43509615384615385 0.052884615384615384 0.055288461538461536
0 0.3605769230769231 0.9098557692307693 0.13942307692307693 0.17548076923076922
0 0.125 0.8858173076923077 0.18269230769230768 0.22355769230769232
0 0.22716346153846154 0.9182692307692307 0.11778846153846154 0.15865384615384615
0 0.12740384615384615 0.6213942307692307 0.1875 0.04567307692307692
0 0.6923076923076923 0.8197115384615384 0.19471153846153846 0.2283653846153846
0 0.6935096153846154 0.6262019230769231 0.19951923076923078 0.055288461538461536