0 0.2692307692307692 0.3557692307692308 0.1346153846153846 0.12980769230769232
0 0.22115384615384615 0.2548076923076923 0.0889423076923077 0.0985576923076923
0 0.8221153846153846 0.07091346153846154 0.1875 0.14182692307692307
0 0.5973557692307693 0.0733173076923077 0.2283653846153846 0.1466346153846154
1 0.02403846153846154 0.9735576923076923 0.03365384615384615 0.04326923076923077
1 0.10336538461538461 0.9855769230769231 0.021634615384615384 0.026442307692307692
1 0.18269230769230768 0.9831730769230769 0.014423076923076924 0.026442307692307692
1 0.14182692307692307 0.9723557692307693 0.04326923076923077 0.05048076923076923
1 0.29086538461538464 0.9519230769230769 0.038461538461538464 0.052884615384615384
1 0.33653846153846156 0.9423076923076923 0.03125 0.038461538461538464
1 0.31971153846153844 0.9567307692307693 0.021634615384615384 0.03365384615384615
1 0.37740384615384615 0.9471153846153846 0.03365384615384615 0.03365384615384615
1 0.43990384615384615 0.9519230769230769 0.03365384615384615 0.04567307692307692
1 0.4675480769230769 0.9399038461538461 0.016826923076923076 0.0673076923076923