1 0.0673076923076923 0.29086538461538464 0.07932692307692307 0.07932692307692307
1 0.3004807692307692 0.24519230769230768 0.08413461538461539 0.09375
0 0.6153846153846154 0.028846153846153848 0.0625 0.057692307692307696
0 0.90625 0.052884615384615384 0.04326923076923077 0.04567307692307692
0 0.019230769230769232 0.7139423076923077 0.038461538461538464 0.24519230769230768
0 0.1875 0.6802884615384616 0.15144230769230768 0.20192307692307693
0 0.0889423076923077 0.7331730769230769 0.08413461538461539 0.14423076923076922
0 0.40384615384615385 0.7620192307692307 0.08653846153846154 0.15865384615384615
0 0.18990384615384615 0.4362980769230769 0.15865384615384615 0.016826923076923076
0 0.49158653846153844 0.47836538461538464 0.08413461538461539 0.10096153846153846
0 0.59375 0.453125 0.125 0.05048076923076923