0 0.35336538461538464 0.41346153846153844 0.036057692307692304 0.03365384615384615
0 0.016826923076923076 0.34375 0.03365384615384615 0.038461538461538464
0 0.13701923076923078 0.25240384615384615 0.038461538461538464 0.03365384615384615
0 0.13942307692307693 0.34615384615384615 0.038461538461538464 0.038461538461538464
0 0.010817307692307692 0.234375 0.021634615384615384 0.03125
0 0.040865384615384616 0.21875 0.036057692307692304 0.03365384615384615
0 0.08653846153846154 0.21153846153846154 0.03125 0.040865384615384616
0 0.6826923076923077 0.30288461538461536 0.18028846153846154 0.18509615384615385
0 0.6850961538461539 0.052884615384615384 0.1875 0.10576923076923077
0 0.7908653846153846 0.7956730769230769 0.04567307692307692 0.06009615384615385
0 0.875 0.7764423076923077 0.05048076923076923 0.055288461538461536