0 0.20072115384615385 0.020432692307692308 0.08413461538461539 0.040865384615384616
0 0.65625 0.11538461538461539 0.11057692307692307 0.14423076923076922
0 0.59375 0.15144230769230768 0.07211538461538461 0.15865384615384615
0 0.7379807692307693 0.18990384615384615 0.08173076923076923 0.15384615384615385
0 0.07932692307692307 0.7091346153846154 0.08173076923076923 0.10576923076923077
0 0.15144230769230768 0.7475961538461539 0.08173076923076923 0.10336538461538461
0 0.5829326923076923 0.7704326923076923 0.05048076923076923 0.13221153846153846
0 0.7524038461538461 0.7427884615384616 0.10576923076923077 0.07692307692307693
0 0.8774038461538461 0.8461538461538461 0.07692307692307693 0.10096153846153846
0 0.9591346153846154 0.8509615384615384 0.07692307692307693 0.1201923076923077
1 0.7548076923076923 0.8341346153846154 0.16346153846153846 0.17548076923076922