0 0.30528846153846156 0.21394230769230768 0.04326923076923077 0.05048076923076923
0 0.019230769230769232 0.22115384615384615 0.026442307692307692 0.036057692307692304
0 0.05048076923076923 0.2091346153846154 0.03365384615384615 0.04807692307692308
0 0.08653846153846154 0.21634615384615385 0.02403846153846154 0.05048076923076923
0 0.11538461538461539 0.20673076923076922 0.038461538461538464 0.055288461538461536
0 0.14903846153846154 0.22115384615384615 0.03365384615384615 0.04807692307692308
0 0.21153846153846154 0.21634615384615385 0.040865384615384616 0.052884615384615384
0 0.25961538461538464 0.21394230769230768 0.040865384615384616 0.05048076923076923
0 0.8870192307692307 0.09375 0.1658653846153846 0.16346153846153846
0 0.5913461538461539 0.8509615384615384 0.0985576923076923 0.1201923076923077
0 0.9278846153846154 0.8221153846153846 0.08413461538461539 0.11778846153846154
0 0.8725961538461539 0.8629807692307693 0.057692307692307696 0.08173076923076923
0 0.7451923076923077 0.8677884615384616 0.057692307692307696 0.08173076923076923
0 0.8100961538461539 0.8798076923076923 0.04567307692307692 0.06009615384615385