0 0.026442307692307692 0.3870192307692308 0.052884615384615384 0.12980769230769232
0 0.37740384615384615 0.2091346153846154 0.055288461538461536 0.07211538461538461
0 0.6274038461538461 0.21875 0.06009615384615385 0.08173076923076923
0 0.453125 0.23557692307692307 0.05048076923076923 0.09134615384615384
0 0.7115384615384616 0.23076923076923078 0.04326923076923077 0.057692307692307696
0 0.5528846153846154 0.2403846153846154 0.040865384615384616 0.06009615384615385
0 0.47596153846153844 0.23798076923076922 0.03365384615384615 0.057692307692307696
0 0.9086538461538461 0.2403846153846154 0.05048076923076923 0.06009615384615385
0 0.06009615384615385 0.8918269230769231 0.04326923076923077 0.036057692307692304
0 0.23557692307692307 0.8173076923076923 0.04807692307692308 0.04567307692307692
0 0.1658653846153846 0.9182692307692307 0.05048076923076923 0.040865384615384616
0 0.1346153846153846 0.9182692307692307 0.04326923076923077 0.038461538461538464