0 0.4014423076923077 0.04567307692307692 0.04807692307692308 0.057692307692307696
1 0.8052884615384616 0.27403846153846156 0.06971153846153846 0.09615384615384616
1 0.9014423076923077 0.2548076923076923 0.10096153846153846 0.1201923076923077
1 0.8064903846153846 0.016826923076923076 0.07451923076923077 0.03365384615384615
1 0.9026442307692307 0.03245192307692308 0.10817307692307693 0.06490384615384616
0 0.3605769230769231 0.7932692307692307 0.07211538461538461 0.08173076923076923
0 0.33653846153846156 0.7355769230769231 0.040865384615384616 0.038461538461538464
0 0.5576923076923077 0.7427884615384616 0.040865384615384616 0.038461538461538464
1 0.15384615384615385 0.7644230769230769 0.0625 0.055288461538461536
1 0.2091346153846154 0.7355769230769231 0.057692307692307696 0.052884615384615384
1 0.27884615384615385 0.7427884615384616 0.05048076923076923 0.04567307692307692
1 0.4567307692307692 0.75 0.06009615384615385 0.06009615384615385
1 0.4951923076923077 0.7740384615384616 0.04326923076923077 0.06009615384615385
0 0.5216346153846154 0.7115384615384616 0.036057692307692304 0.03365384615384615
1 0.4206730769230769 0.6995192307692307 0.026442307692307692 0.03365384615384615
1 0.46153846153846156 0.6875 0.028846153846153848 0.036057692307692304
1 0.4879807692307692 0.6923076923076923 0.02403846153846154 0.03125
1 0.35336538461538464 0.7091346153846154 0.028846153846153848 0.03125
1 0.7908653846153846 0.5576923076923077 0.09134615384615384 0.10336538461538461
1 0.9447115384615384 0.5697115384615384 0.038461538461538464 0.052884615384615384