0 0.013221153846153846 0.3894230769230769 0.026442307692307692 0.125
0 0.23317307692307693 0.40865384615384615 0.06971153846153846 0.09375
0 0.28125 0.4206730769230769 0.04567307692307692 0.07211538461538461
0 0.3317307692307692 0.42788461538461536 0.04326923076923077 0.057692307692307696
0 0.3629807692307692 0.4110576923076923 0.038461538461538464 0.06009615384615385
0 0.46634615384615385 0.4423076923076923 0.040865384615384616 0.04567307692307692
0 0.5168269230769231 0.43990384615384615 0.036057692307692304 0.04567307692307692
0 0.5913461538461539 0.43509615384615385 0.038461538461538464 0.05048076923076923
0 0.6514423076923077 0.44711538461538464 0.021634615384615384 0.03125
1 0.43028846153846156 0.4254807692307692 0.028846153846153848 0.040865384615384616
1 0.3798076923076923 0.4375 0.026442307692307692 0.03365384615384615
0 0.39663461538461536 0.7259615384615384 0.11298076923076923 0.16105769230769232
0 0.2692307692307692 0.7235576923076923 0.10096153846153846 0.13221153846153846
0 0.8846153846153846 0.8533653846153846 0.14423076923076922 0.12980769230769232